4183 4091
3763 705
650 1839
2636 2503
2448 3308
350 3040
3229 179
1422 1595
1598 1006
3142 2846
3322 1209
3351 407
3281 3108
1754 3504
2950 145
3257 1075
2161 965
2950 3090
3526 131
373 2129
1441 1545
3238 2278
3825 1054
2861 2296
111 1674
1726 2424
174 3356
1332 2729
3817 3334
2279 1155
3106 733
2625 107
2059 1013
872 2064
2085 1099
2670 2759
3393 810
2327 2173
3082 1927
1935 600
2675 1163
3447 2854
1437 483
2182 3991
1320 1488
3780 3821
3054 3430
3880 3003
3499 2171
1048 440
951 3080
2505 165
138 199
949 1754
2590 2085
3199 4051
3938 312
80 1972
2295 2817
3495 1248
496 86
3908 1414
4004 3823
2949 3972
1124 682
2469 3815
2783 2514
2308 133
873 3976
1178 1532
4033 1312
3643 1882
2045 2108
2798 3473
2054 3302
942 1748
2175 1453
952 2721
1602 1149
2322 2562
2363 374
3072 1559
3220 3167
1388 3569
1997 3595
832 3168
2452 1596
1789 2014
1631 1204
68 1718
3318 2007
178 2433
503 1630
359 757
1951 3843
3974 735
2279 106
2076 3996
1181 1986
332 2135
212 2711
2931 3244
289 27
1809 3764
533 3982
3733 265
1435 457
2948 804
2521 878
1731 1637
2352 794
3961 2305
3662 575
755 3037
3183 1171
3366 2404
2694 1059
1507 3089
457 1070
390 1365
1087 2314
2515 1603
4010 3336
2796 103
3880 933
3174 2317
610 1377
2015 2116
3574 1765
3214 2534
3378 2597
1121 365
414 2184
17 237
818 1338
3779 875
3158 1554
3114 1379
16 2969
1998 1182
1196 3671
474 1096
2037 767
1470 998
4108 2071
4069 2133
1240 563
4121 3863
3958 2341
3079 1403
3139 3233
482 1649
2227 656
1813 1045
1703 25
3546 1095
966 634
3993 408
1295 1864
2748 2250
2518 897
4135 46
3360 3361
815 1111
2560 2532
1205 1827
3464 3423
2897 298
1478 3983
3212 1679
2532 661
1080 3232
3512 3702
2767 141
1470 1310
762 3692
4001 1503
2685 4147
1151 3835
4089 1423
682 972
4061 1952
3812 780
3955 3656
2480 2997
1823 3734
2325 1663
655 2489
3224 1482
3279 727
909 4174
1343 2214
270 629
800 1345
849 1662
3302 3914
175 192
1147 2648
2488 3521
156 1296
1936 494
2047 2
2457 4140
2770 3851
1758 1
3767 2918
2166 930
3402 1225
2312 2910
2658 2793
736 2629
1258 246
3247 2895
2024 3692
3691 3822
294 3571
3389 3709
636 49
688 2927
1341 1153
2683 2746
1029 2169
2613 2948
2809 3365
3673 452
2244 570
14 1097
825 360
2846 3262
3707 1444
233 3363
553 3433
1669 3177
234 3371
1166 10
3551 3578
3041 1067
2131 1890
2914 269
470 1863
387 3855
2885 2124
2116 1676
1363 613
2030 170
2078 1450
256 2245
2453 2163
1903 2929
3411 4181
3392 1106
3138 1259
86 107
2611 3348
4165 3106
11 2594
1238 3488
1163 2066
3733 3111
3700 1963
3570 3060
1492 268
320 1355
3511 2571
1793 1007
101 3989
673 2450
3117 1780
2029 484
1019 521
1745 1901
2002 3823
2720 3449
3349 2353
1646 435
1964 4138
1541 640
2410 371
2640 1541
2732 2335
3707 340
2871 544
4113 3298
2197 4072
291 889
1228 706
2712 677
1676 1579
3318 3032
3179 4044
2604 4068
1484 1340
392 3166
2326 3938
1627 4128
1467 1986
2497 3836
1782 2953
74 3615
2835 3366
3064 1694
3953 508
4015 4155
4097 3200
3104 4135
1336 3014
3326 1528
2435 3918
1454 251
2678 65
3171 766
986 1162
3045 4047
2583 1593
1562 3245
1636 3614
1719 4016
2844 2939
3573 1253
3655 1121
3776 2441
688 3317
1295 148
695 3102
4007 321
3135 1839
279 3083
945 47
640 3007
1462 672
2559 295
2214 801
3122 3498
1010 976
2492 2976
2669 1100
1434 4171
1577 674
3856 2723
3513 2225
1612 1028
79 3053
3860 1060
498 89
1142 1994
118 1746
2376 3788
1411 2678
927 3194
3957 2026
1841 1540
1636 3282
2506 2679
1882 2919
2303 1781
4106 1211
2249 2289
209 2348
298 2204
2123 1515
1104 3129
3396 2225
496 497
3644 3820
1536 3124
3508 2336
905 2823
874 3885
1867 1216
1697 949
3443 1634
3202 3216
3333 3
790 1402
3720 2941
2107 1149
2388 881
756 2211
77 999
1673 2181
3630 706
3511 2546
1688 2598
1014 970
2242 3462
1945 62
664 422
3297 3730
1275 885
220 2536
3138 1337
2477 2488
159 2418
741 3024
177 3518
2688 4087
4144 1551
1072 3523
2264 2752
3203 1971
2258 1938
3439 88
3829 3566
1331 1879
1547 2354
4130 2031
568 3380
322 3006
627 2286
3776 4127
1120 663
433 3014
1263 2326
714 2236
2785 3705
2038 991
2118 283
681 991
2817 399
3813 2551
1414 511
2748 2253
2255 2137
3802 3892
3110 3036
745 2563
678 1115
3827 839
2300 996
4098 3007
1316 532
3774 3527
3771 511
779 383
236 2336
1247 1893
2292 2372
1701 1285
1510 1532
23 1289
3553 794
4160 813
15 2094
3916 1954
3466 3027
760 1708
4002 3061
3592 451
1158 2540
1818 29
947 2247
157 3016
3406 2163
2389 2205
3319 272
2956 1224
1353 2623
2731 2412
1207 2065
1457 1714
4066 1326
3696 2845
1829 3906
1656 1774
3192 1255
3321 2754
3306 2665
383 1251
1973 1785
2855 469
1230 3815
2452 2959
3292 4175
414 3628
2334 2252
1628 1796
3330 454
1452 112
3988 4042
375 2419
2018 4159
3860 1903
1248 2583
269 1555
3970 566
989 2417
1788 3789
1638 3308
3442 694
1630 3527
3124 97
2478 1677
3800 3452
206 1710
2621 2564
4024 3068
2311 710
208 3549
2423 57
1011 2538
2545 2419
2771 867
1910 2913
4016 1418
3858 2160
3778 762
2945 1411
1350 3377
616 419
3691 722
2113 1103
686 1975
3498 52
3369 2324
4102 2547
1215 913
3501 2434
1566 1690
489 3028
1644 3286
3191 1908
376 336
114 4035
2964 1196
2222 2232
3239 491
3011 3314
4022 1697
3242 2526
1467 2852
957 1472
1226 538
134 485
78 3146
1830 3147
558 4061
2844 4027
1271 137
1016 1311
1548 2191
1965 1022
4120 406
1406 2054
3703 2508
524 974
4152 3870
332 816
217 929
1917 2606
1238 3855
2981 632
3283 325
819 2616
432 3925
1651 225
598 1872
3533 3438
4021 1387
156 2119
102 1131
1877 2759
31 958
3004 861
3451 372
3813 497
3740 394
2599 2006
683 3779
3935 1114
3547 3098
2661 3859
992 2120
2614 3142
2291 1534
83 1732
547 3661
2614 2824
2961 4168
2365 2351
862 2533
448 2863
2917 2963
1091 3588
376 4018
42 555
729 732
1539 1560
2125 2784
1941 2260
2560 3986
229 2099
2654 3797
2985 3828
48 4052
3374 84
335 3940
2377 1529
3350 2346
1557 1473
3154 3278
4147 2415
1768 2172
2242 2529
169 3761
2799 1389
82 1483
55 2236
2291 1267
771 2195
3187 1664
1570 1891
1079 41
936 3072
1085 937
2940 2958
1814 913
1119 2373
550 1953
3054 3544
1533 1347
595 3055
1742 961
379 1003
181 2790
1867 3925
166 3436
2344 3181
2239 2692
1580 1167
1764 1640
1553 3
2659 2699
2852 782
3046 2671
3428 1715
349 3059
58 3533
4055 1025
4028 3115
1002 2414
2067 1027
3086 2787
1128 4011
3676 961
2378 886
3708 1843
3760 2355
4182 1371
2182 1302
793 2469
828 1691
2686 2143
3801 3459
1348 3395
1577 2514
3795 3354
3313 1925
778 4046
2940 1850
132 1150
892 427
2369 3152
3227 3205
3806 1468
4035 2725
1601 1339
1807 2795
3300 1464
2802 3787
2622 1764
818 2093
1563 3075
1711 401
462 2009
4029 3015
2990 2260
3488 548
568 2736
3474 1994
956 3345
1527 1058
1324 2383
430 482
3580 93
3023 2612
2757 823
2886 551
54 3167
1005 184
608 360
136 2134
3043 2972
2445 1050
4048 4146
1332 2879
2275 3774
2420 4084
4112 2800
2120 526
3627 2167
2199 39
1712 3751
2584 4089
1894 2218
3343 3583
2926 2342
1349 1816
2384 3156
2213 3744
1833 161
2951 3029
2696 3409
3990 547
2331 2058
3904 2781
1328 446
1428 3931
1988 2447
2960 2635
3754 2914
3668 1147
3479 3431
1558 935
3554 385
3534 4072
2150 3994
2944 2235
1740 721
1907 1287
3288 3638
1725 3616
2486 2241
331 3665
2035 672
3098 2010
2360 3981
1733 1495
3229 912
3716 3729
1398 3767
1984 3960
3000 993
3240 4155
860 3602
2527 2001
101 2932
2366 3642
967 183
3698 382
1298 4131
3738 734
1755 2896
1755 3637
3128 2979
3503 1551
390 3260
3149 19
1639 2491
1832 381
971 2799
1738 850
1537 64
106 199
1492 3342
650 1540
4104 1151
2405 1057
2763 3239
1805 2966
3954 1272
176 2284
4102 3193
2251 964
3242 3324
2601 2208
3905 3536
3719 1306
2815 3989
3013 1778
1127 3067
2742 202
1011 2609
2372 3995
3785 1682
1623 561
3769 3882
4141 4158
1946 4013
1061 3271
1654 1034
425 63
989 3377
3493 3499
1912 1278
1137 357
1808 2602
1709 4176
207 3714
1835 1761
1904 3854
182 2859
590 284
3997 3744
197 926
1964 4150
1118 334
2552 1556
4162 2504
1399 2050
3422 1806
1992 1902
1078 2889
3151 2836
3342 4059
564 3185
1822 25
504 1913
3539 545
580 70
3221 4092
19 34
3268 281
1841 2529
358 2091
1713 1449
2919 2591
1382 2665
2004 2107
2637 1907
3474 2994
4159 1817
1430 2831
1352 4100
3494 3555
2343 3887
2302 2238
2011 2581
1982 2131
515 2051
2351 1077
717 2212
4078 1469
1921 3416
3133 3178
4069 3266
1072 1276
3172 4059
3749 2971
1235 2080
3405 933
1224 2382
411 3478
3975 1838
3739 2427
1711 1969
126 1576
3965 810
501 2211
3393 2395
2735 3785
2156 2596
3926 1799
1237 32
2625 3253
1791 3140
2232 577
233 668
1424 3559
4118 3197
268 605
258 1776
1385 906
1569 1621
613 1666
569 2367
3078 1508
1851 2287
3636 326
485 776
1917 31
938 442
353 2788
2022 2445
1093 1881
201 3236
481 3876
3101 1748
3844 3330
3024 2205
3122 973
2596 3135
1884 151
1186 2055
3572 519
1756 642
1223 3383
654 1740
649 980
1108 1433
3629 196
3223 1739
781 1999
527 1051
2838 1390
436 2872
4060 2656
3148 610
2102 3360
3868 4015
1445 1174
2031 645
310 1394
3429 551
4110 1403
1592 3893
2646 177
2990 455
46 3934
2466 3022
2399 968
286 1135
3635 4114
2780 1863
1811 1723
2843 3546
81 4034
3958 1293
1880 2833
1026 2149
3663 2272
59 2486
739 701
4142 1893
2746 3590
1602 1197
1693 2097
619 2526
2098 307
1954 3716
1283 525
837 3536
3137 1070
786 821
3459 3482
567 2160
1340 59
3933 945
3713 2829
4081 2900
2818 51
53 2472
2342 2965
2679 2215
2293 3039
152 2433
3375 4085
1604 3009
2145 3993
2585 2221
3558 3134
3787 845
3471 977
243 1451
3257 3282
2078 80
1322 796
365 1202
1695 2373
887 1622
3906 2271
1083 829
3941 2717
2129 1048
285 4111
3754 2652
4027 832
4063 2866
3092 1996
1385 1159
1230 2714
2370 441
941 4007
3580 4077
4009 3406
812 50
1900 2082
2967 2403
2283 1967
1013 2330
2158 2179
2674 2362
1702 3895
3923 3614
2229 2587
2002 880
4148 2645
1416 1056
3560 3603
56 212
955 3936
3100 4117
3028 6
2364 1267
3426 3861
1815 1046
1716 3655
3036 1914
66 238
1167 2157
3039 3646
538 892
2909 3890
3564 2535
359 4000
225 2438
241 3987
3176 2595
1654 1788
3335 651
3188 1753
2309 1950
512 1463
3987 600
3944 412
327 2436
436 4062
4168 3624
3966 1397
1993 573
1374 3669
1589 977
117 1360
1826 2739
2093 2694
1175 3759
1095 685
2644 3153
3757 2388
2159 1350
4178 131
2936 896
1134 3939
1600 2888
48 2065
503 661
2324 3354
523 4095
1889 1591
4020 1361
1042 3299
4058 2203
3656 3119
1066 219
1252 1231
2368 226
3634 2407
3301 3465
3384 2669
1298 1370
2053 987
3150 204
2430 315
1847 567
2698 2740
2293 1522
1337 1172
2347 3238
1431 1445
1678 1829
2548 2901
3145 144
3285 877
2109 3509
1395 274
1588 2615
344 396
3504 2664
239 2804
2592 1261
1571 2178
3304 1566
548 150
4163 3608
3818 693
2776 3871
622 3555
1772 918
2556 3006
2117 237
2692 3879
1760 4038
1990 618
3236 2307
643 1123
3695 3052
1960 2882
1047 3747
3838 824
1153 4121
1288 1579
4099 2175
3808 605
3481 449
1665 738
447 2491
3334 2936
4025 1491
1084 3438
1683 1236
4004 2323
690 4021
1632 4104
469 2196
3041 4074
687 2485
1059 2386
2900 1380
1244 1759
2044 2857
3002 647
1360 3876
1201 2765
2473 2688
3935 2868
1091 1866
1415 3842
29 3269
1763 3951
4044 2381
1940 3017
3749 1450
2872 1143
614 1305
178 3531
2471 591
3107 1650
554 2012
138 146
2958 40
2717 656
3261 483
4134 1092
91 698
3912 343
352 2222
1826 824
3529 558
2502 3796
3079 3543
3856 402
2938 785
3818 2925
1139 2390
4129 1176
1256 3652
2975 2544
61 1247
898 2113
1107 1404
198 3566
3335 2204
3660 26
3520 1377
1431 3198
1614 1339
3824 1885
3265 2219
2028 1053
1134 3272
1277 1526
3843 2713
1249 2554
3346 1232
2605 3540
2627 890
2299 1837
2566 1074
744 2053
140 895
2616 2415
2961 647
3191 2758
3398 540
3025 3073
3654 2183
1015 543
1447 2307
3710 1617
2139 3049
761 499
466 2072
1610 2883
1185 2306
3195 948
1928 4167
3417 437
2406 1920
1370 3379
966 3381
71 1132
3633 1664
248 2187
3425 2042
456 2140
1686 3148
1796 3468
3195 1482
2732 340
981 564
3737 1794
3852 2034
3812 187
2854 522
1246 134
2787 2608
4031 2718
3603 309
1280 1864
1498 180
3227 3736
3664 2076
3170 2052
576 1487
3390 759
3921 433
3557 1564
1325 3898
1662 3686
2199 675
3732 2193
3904 1286
1323 1852
919 811
3755 488
1043 2263
213 1523
1412 565
888 117
3916 1688
1497 4124
124 3837
729 3551
2170 404
2870 1855
3543 653
1234 2563
3382 3311
3424 2304
2806 3345
3151 3809
222 1642
3494 2714
4106 1160
3607 3347
1858 1648
3885 261
2744 1906
747 1619
2359 1413
3269 1233
1256 122
30 2287
1133 3926
1535 1746
3384 90
908 158
601 2830
1255 789
1076 2543
3816 1591
3317 3680
1380 1065
391 3729
3672 361
3804 188
393 798
1460 2338
846 1356
4045 793
172 260
1232 1677
3326 284
3248 3841
2411 911
96 3507
2294 292
1613 1376
2762 773
1724 725
487 2682
3097 3141
3309 2288
203 2068
112 1769
2578 2631
2618 1173
263 764
27 1116
1586 3012
671 1767
100 1820
3303 1203
1489 1440
2733 698
488 1084
2549 1835
1750 355
1434 406
1726 214
3225 1838
370 2525
1161 1129
2335 943
985 1392
238 100
3605 1962
339 1819
2785 923
669 819
3082 993
1392 3631
1401 2030
454 3386
2977 424
2443 3480
2995 2693
1951 2575
786 3310
249 3739
476 1408
3525 1101
2876 2530
3501 343
2013 986
1899 3252
4181 1333
3809 659
533 1096
1436 1103
405 3956
1827 1902
509 715
3625 809
2964 3694
2579 3457
3018 1033
1703 1361
802 544
330 127
579 1568
3235 4153
904 3118
1531 4034
1616 4057
1475 1678
1880 60
341 1901
1292 3385
3300 2495
3084 3042
2268 864
662 3762
708 1085
3208 3204
751 2834
1720 2869
1462 2314
1189 2690
1865 345
2877 4182
431 4144
69 4175
2383 917
71 3274
2202 3964
1721 807
2610 1580
2186 512
1989 2292
2741 660
2198 2921
3545 2277
3657 1750
2190 3204
153 285
446 311
3772 3260
848 211
3005 924
3760 2434
3155 3324
667 3243
1407 2422
2374 1639
3053 2057
1595 2507
1395 894
809 1381
1146 1089
4086 601
3017 2894
52 4080
2268 1107
1548 2400
2374 3900
1041 3486
4046 1544
562 3756
1326 2988
3088 1419
3604 676
3085 2999
3510 572
221 3258
3316 3055
1845 1642
2896 1895
643 1086
1565 363
648 4030
877 2464
1661 1608
2528 891
868 3853
1439 2675
4039 2333
531 234
227 1025
3920 2535
366 352
3810 2340
857 1199
2929 1108
1936 3721
940 3309
2230 1709
2530 2632
2189 3210
3934 1291
1212 2615
2498 1794
3191 903
504 3820
1611 218
3234 3454
792 1514
596 2487
743 1618
2643 2164
2513 2542
2312 2667
3420 3143
231 162
3114 3949
639 3307
1225 2747
2662 3897
644 2327
420 3126
3864 2195
1068 4082
255 1848
3886 566
2460 2632
2300 870
3310 745
996 1244
2989 2217
4098 2605
2561 2018
725 2607
500 1671
1087 1605
3711 992
281 1061
817 2601
4166 1737
3793 3803
849 2354
4033 1650
1205 2859
1987 185
2283 1809
3508 3461
724 2944
2822 2516
4108 3496
3710 964
243 865
2100 3777
3186 2396
1307 1041
1297 1590
2667 900
2055 749
684 2638
625 2702
811 1329
2230 440
739 3998
378 2484
121 1117
250 2432
583 2052
620 3789
3312 737
662 397
1849 580
3107 591
1229 3561
856 3091
2110 2847
2121 2640
2745 3683
2670 2220
4060 3136
903 918
2429 1968
1082 3141
552 3291
1234 115
2148 2577
2709 2201
3405 3862
854 2952
609 2853
3647 2673
295 1035
1988 3235
2979 39
3528 1348
1463 2132
2008 652
1145 1023
2482 2179
2768 2337
1156 990
3748 1616
2823 1376
2531 3370
4070 1494
3637 1159
2224 427
3493 1137
3613 3685
3766 3291
1699 3500
2379 463
2246 2263
2814 1807
3016 3867
2797 525
2973 1958
486 604
405 109
3718 216
3978 563
3817 3170
899 187
2398 3582
2967 3881
1171 2481
1536 3911
507 946
2101 4123
2658 638
879 3074
3750 1366
4160 901
2786 3453
3517 1031
3117 2551
1817 33
3461 1213
1620 1543
1243 3704
3057 3383
3639 1191
3865 3664
3834 2582
4125 3173
1582 879
2346 3113
1478 287
3375 2938
2147 2905
1065 2086
1546 314
2641 1185
2075 444
2490 63
1438 1229
2266 4032
2970 3118
4125 2980
2496 742
475 2893
853 1919
410 2009
2824 2168
2556 3878
2903 1906
434 2569
777 1775
2772 934
1342 3200
2942 2273
2367 939
275 2299
2141 1978
3568 1897
4067 3968
289 1139
3915 2066
145 3825
1578 1191
955 1303
1317 2831
2087 754
1042 294
311 2705
1487 934
2867 2590
1592 2517
120 3829
2402 2328
3385 3194
3455 1573
2431 582
2527 3805
347 4137
2960 4111
2934 45
2210 4052
1801 2577
114 3611
2228 256
2643 2541
782 3010
1538 2883
4176 2426
2624 299
1400 2130
324 795
1405 936
2722 4058
1620 2098
372 869
3244 1165
3590 790
3538 1307
3352 2587
1398 587
516 3427
3604 3702
3150 3131
2607 2903
1090 1909
93 1718
3327 3433
2489 2689
2165 3473
1851 2558
411 2298
3765 3838
3594 3232
475 3067
3005 1424
1545 2468
4041 3585
3112 2843
1701 2681
4133 1296
1266 3873
351 1169
3717 2747
2231 3496
4141 1648
595 3187
3401 2926
2544 3834
852 2707
653 1872
3299 463
4014 528
3844 2743
3947 1314
250 2474
2125 1694
395 3775
3567 921
354 1869
1290 4167
474 3541
2177 4132
932 4136
2753 4138
1442 1859
2095 2893
3050 648
844 438
1216 3100
1846 3184
1281 72
362 1
353 721
3168 3186
3530 1222
2109 248
2622 1410
3185 1504
82 596
1960 3658
1672 3581
3089 1304
1730 304
1466 618
1916 3849
409 3564
2850 399
3530 460
3679 710
2446 4064
3206 3472
271 1653
1169 432
3121 2709
3455 1056
3792 594
3752 1961
159 2856
2654 1792
1871 2954
2865 726
2064 3699
420 2061
630 3724
4173 3008
3600 3379
426 2274
1001 3602
3409 1355
1731 3734
2978 1495
191 3127
1542 397
628 1369
476 0
2017 3846
3556 1735
430 775
974 2507
3628 732
713 1249
1020 2510
3008 3264
2271 4091
181 847
3435 516
3947 2251
468 2264
3851 1888
1555 586
588 2676
3845 4143
569 2332
3182 3884
1795 3390
2296 3629
2630 3441
931 753
1704 1250
2476 147
1322 1686
304 2987
461 2067
3159 1692
1078 1523
143 2229
2460 3548
1802 3678
3323 1323
715 1886
1734 2077
160 2917
3408 740
1789 4014
2911 3884
1284 1985
764 2807
2525 3567
1753 3984
1064 2649
1404 35
3221 3164
424 2873
3945 699
2421 983
821 2863
3642 1652
1870 1280
1695 142
663 3678
2007 1080
2912 2809
334 3328
2020 1390
4162 471
84 2794
2501 3289
1854 318
3832 1334
982 3198
3344 1894
954 2154
2497 1615
2578 21
1138 2840
3434 30
3402 1269
193 1202
4139 3081
3735 3737
2537 855
1698 1281
2000 767
210 1932
2908 1589
1503 1173
3562 1868
1857 1804
2400 2449
1178 3613
125 8
4151 4094
1844 3528
1684 1855
1090 1144
2414 3674
1483 2151
3410 349
565 3611
3762 885
450 2512
3962 1561
38 1308
1993 3469
206 1832
1549 44
820 154
910 44
1372 42
2465 364
2403 3896
731 3003
1300 3046
135 2798
780 555
2923 133
627 1338
4018 1299
2882 1060
2421 3241
3307 2539
266 3927
2382 1344
746 1961
1164 1972
4017 2075
1040 1116
927 3894
2937 2463
1400 4008
2947 1939
1813 2574
3521 3286
3618 3076
3359 914
3075 189
1623 1455
930 1029
2864 1047
2710 296
3155 3507
3795 3090
3999 2500
2441 3094
3847 1443
43 2720
1594 843
4037 2176
3572 3386
3596 1637
1887 1260
3922 3105
2992 3463
3621 398
3446 3482
43 2784
2345 3095
1305 3901
3484 3369
3201 4084
2387 4142
1347 499
3325 654
3931 2909
2041 1822
4023 906
3481 775
426 1375
2240 450
2880 1569
820 2521
3341 2956
1874 3854
263 637
3456 3550
4143 2881
4154 3245
692 1243
2397 1892
1023 1272
728 2971
2721 473
1742 594
480 425
1417 1671
249 3132
938 3490
3773 2077
4056 868
1044 1930
241 3910
1552 1751
478 1146
1236 2778
1800 3991
660 1942
3630 1900
2949 1436
2973 416
2876 3977
2237 2957
4164 4079
1930 1985
167 518
3872 4170
1865 3636
1077 3967
1944 2134
3487 2575
2889 2943
4120 2806
1657 2184
2409 3333
1868 3584
3368 2968
3031 2954
882 4099
3092 3332
3909 3888
3502 4022
4156 2862
2569 943
2768 89
970 3456
232 748
1626 2235
2547 4114
1974 3961
2851 1476
1624 3870
522 246
1367 2397
3270 750
2712 2005
2266 2006
696 1381
3420 129
3226 2338
1824 3717
3597 3410
4107 680
92 1358
3688 864
2765 2224
680 3894
3414 478
1519 3394
1704 2875
3128 2769
1861 1883
1302 2118
3399 2769
280 3830
76 3070
3471 4000
2968 746
316 2060
1514 3037
1359 2381
24 1606
1520 1732
3529 766
1978 1426
3166 3946
1426 163
876 1335
3928 1673
3963 1242
1685 2663
597 2457
3919 2975
3346 1031
2004 3038
1283 413
2952 2835
3399 2915
1200 2138
3192 301
2744 1250
2574 3595
3998 2795
2656 4132
3432 1521
1512 959
3248 215
3093 3659
1004 2176
2620 2892
3869 1597
14 2800
3230 489
1656 1088
4017 2666
128 1757
1226 2701
2761 4109
3724 1382
1353 1837
4093 2848
3512 3826
2673 336
2246 130
23 2137
1489 950
1609 2144
362 4158
1049 3032
2836 3158
2813 3210
1959 2029
465 1447
2584 3895
3719 2043
1539 421
2858 2095
3701 1100
347 799
3466 3892
1502 2444
789 3358
437 1386
2473 1644
2515 2104
3189 1909
814 2084
1291 1787
1259 453
2637 217
381 3752
500 1724
1188 2791
3121 126
3907 2661
1109 400
2918 3780
428 1306
1599 791
7 3524
1587 557
408 3449
2645 3715
1138 825
1952 3425
75 3683
2930 2837
1143 3387
2152 1301
72 2096
3883 2193
254 3781
3296 2524
675 1943
3784 4173
2576 3671
3806 2057
3462 1854
3311 3667
4050 1479
188 87
2693 549
3937 723
4101 1905
4079 2200
3180 4161
693 1744
2639 586
302 1937
3713 323
2005 4
1369 635
3110 4087
2032 3492
2680 3120
559 3280
2044 2986
3217 1130
2483 1192
4145 1806
3421 3505
3549 235
2459 2501
3065 2308
2793 3887
3190 1521
958 2570
2653 2470
2257 1583
2618 4074
2617 1784
369 3453
2454 61
3485 2021
3802 546
393 2965
1680 339
3476 607
2339 3019
2847 64
3877 3651
2502 2417
638 1717
1760 651
2991 2974
2671 635
391 3163
3056 3633
2393 1774
2280 1313
1386 4039
3832 230
479 2703
157 127
2000 68
881 724
2881 510
279 1073
781 1660
415 2906
2365 472
1574 204
4150 2389
2839 1824
3515 3738
2733 1477
998 3516
1334 677
2237 2070
1315 3336
1208 2181
602 288
1218 1612
3517 1203
4064 1873
571 709
2757 302
985 164
3632 2449
962 1125
167 3153
2534 714
189 380
4091 1823
2439 796
1950 2888
859 3103
1391 1206
3031 2174
3331 1933
2285 2518
2553 1728
1051 2111
2401 1402
3653 1330
1429 1012
3610 2539
1876 1705
1359 657
105 915
593 1491
2642 3561
508 3209
735 978
2257 495
851 1062
2959 3535
2626 3021
2140 2776
2754 2173
1550 2276
658 2550
2384 3373
3439 1075
1866 1030
2988 3514
689 3339
3397 1819
2774 2877
3764 2633
3988 1844
806 152
4006 448
3562 3950
3160 1559
1923 2545
2437 2318
2144 2924
1668 2440
2255 226
990 2115
2805 4112
2698 3623
2450 1152
1265 3105
1924 2523
2895 2812
3977 1983
2984 3218
2033 2410
2873 674
1409 4153
3879 186
3983 3911
2907 3509
3127 3066
1767 3959
3897 3612
3510 1409
1658 612
2443 224
2815 275
2993 1026
3290 2811
346 3816
2724 1490
3704 2391
161 1032
3348 3866
1416 3675
1810 121
1458 3021
2779 1558
890 2313
3081 387
2223 2701
1670 1456
678 267
2267 2826
1975 624
2496 722
3253 939
2167 2878
2822 276
2804 3596
3120 925
1773 3228
1088 1063
2426 1335
2511 1700
1949 3581
886 3281
1433 1394
2555 1024
3985 791
3144 2904
2668 3697
1506 3140
2090 2334
26 3165
1010 3093
2850 2270
314 3645
1588 2481
4076 2568
3929 3532
3460 763
3283 413
1474 4146
338 2366
1593 1947
3123 3219
3727 3515
1301 2348
274 3034
1286 2511
1862 2916
3252 3537
1772 2086
2652 2178
498 2849
1572 220
327 183
2329 2591
3689 1294
3325 2766
2311 3523
606 2797
3206 1812
147 258
2821 2207
1486 850
3874 170
3284 1217
280 1318
2062 3130
2907 3108
2676 3723
3706 3822
3340 695
2554 4113
1053 13
1058 3922
1430 363
208 3667
3051 3256
3708 3693
666 3811
1693 1797
401 1896
3058 2683
3995 1931
3437 2092
1460 3819
1908 2395
2429 1625
3259 2627
1333 235
1439 658
2848 523
1180 2162
2390 3569
2148 2048
307 1607
1490 1066
3215 3350
2644 3060
2039 1932
155 3903
2716 4026
2677 3068
2289 969
308 1805
4043 900
1752 1459
3641 2997
3862 244
1102 322
162 3592
817 2313
3584 1747
1646 3769
3304 2339
1874 1389
356 3587
854 3848
740 3104
2651 3327
297 435
3078 4093
3312 1176
2219 676
3045 2966
2436 3910
2202 3285
2600 1245
1981 704
320 1254
1613 2451
1368 3002
1481 604
1977 2920
2442 3353
1501 1571
2019 541
2704 2248
4126 3714
2454 1410
301 264
1110 3932
1512 17
3557 1984
3858 3644
3697 1150
2650 3063
1830 3421
116 1913
1391 1197
1712 748
1870 3765
1438 3824
270 400
2830 1082
3920 382
3992 3125
545 1790
2024 2050
24 1971
4065 860
911 2378
1504 2935
2128 3424
2668 2063
1254 2282
1125 1474
798 2261
211 2660
901 3109
2764 1421
460 883
4053 917
1904 1265
1022 135
1565 803
318 2170
1781 1494
2111 2495
1192 313
2304 1172
2169 412
1546 3477
805 3034
3624 254
3753 2691
3648 493
367 2672
1891 168
1067 3668
1429 772
742 47
530 3184
1421 999
3620 2564
2094 3164
3077 3799
1346 671
3044 769
3598 2543
518 1448
1659 4156
3652 1443
3903 2017
3587 3645
2128 916
1860 3750
2528 3871
2704 1009
2406 4010
3810 2562
702 490
3373 988
2868 37
3301 4070
2088 921
3948 713
584 895
1522 2073
2573 1035
3165 705
2842 2416
3472 2699
3156 2440
3666 1458
1765 3143
461 606
120 3254
306 1459
622 1634
826 2998
3179 2810
2471 1970
3435 2124
1208 2660
615 36
4118 4134
3065 1745
12 1721
3470 1886
1752 2145
3208 150
753 2487
2071 1884
509 1105
3966 2636
3332 517
3618 1325
3547 712
1687 731
3116 4081
407 1717
2146 2775
858 3255
822 2408
1963 3522
2690 94
1734 389
1471 2320
2773 3234
1617 957
2150 1968
2629 1715
976 2220
2555 1043
293 367
4037 3890
3001 190
2994 2089
2548 3757
718 3617
3746 3277
589 887
1086 1299
728 578
2689 865
2934 3735
3423 841
2957 2281
3341 1396
3391 2437
129 3898
2282 3726
2258 1303
800 195
67 3026
2955 2110
3837 2385
465 1161
1472 1581
716 2825
168 1364
2703 3606
803 1836
681 317
1723 50
1995 2253
2682 3576
1871 1037
529 3701
2015 2073
3622 1128
431 1655
155 262
542 2705
2139 2016
1679 3223
1962 1601
3182 70
337 1528
570 814
1638 429
2074 3475
453 1979
946 1423
1008 2837
423 1544
3161 3130
3552 467
3018 3826
1607 942
1970 3442
3917 1027
1273 1611
2356 2649
3791 306
965 4083
1311 537
326 2051
3288 1727
3994 802
1707 1201
2302 1419
2438 1949
3042 783
151 531
691 1228
1183 1795
3287 1165
2174 385
2842 3575
1319 169
922 2739
1598 2103
2048 2734
92 826
2743 3942
1276 3705
1534 3649
1117 3805
1603 137
2337 2651
617 2998
761 2010
3085 947
1947 3539
3378 3681
701 774
2878 973
2568 35
1030 2619
2149 3322
3119 3491
2171 51
3043 2234
1384 3781
2711 3626
2241 3635
4170 3665
1362 3407
3363 2713
3831 2041
3243 1768
4116 286
2593 562
3102 2088
255 2394
1992 247
2274 4166
1600 4169
1500 3261
984 242
3359 1344
2192 1812
1645 2788
1875 231
3811 700
3639 57
1327 835
228 3365
2522 1206
2902 4042
2628 2753
32 4117
3833 2887
3648 3948
3152 1735
4020 459
3246 834
2899 2322
2261 2756
3444 3329
2298 4028
409 3233
3907 141
4145 1965
3483 2871
1019 3747
3404 1412
2992 3413
2284 1157
920 988
1931 3189
1511 3469
1352 4179
3913 1848
2146 1969
3582 1825
389 2695
1258 2192
929 1113
1028 3411
1996 2121
3397 1957
628 403
1702 633
3320 404
368 1614
2727 3946
2789 1929
3684 309
842 4177
4063 704
1393 1292
4178 3437
2035 1262
623 863
537 1955
871 3732
2606 1980
928 2309
3943 1357
1570 2520
3477 968
3162 3599
3761 2439
3544 2072
2996 419
2301 3277
889 2371
581 1004
3134 2946
2910 4029
2484 3217
1925 963
831 398
3506 2912
2820 2681
194 3364
3215 4152
2663 2610
3835 2435
423 951
1180 4040
3323 1921
205 4126
827 684
4030 122
1825 3376
3850 3720
2522 2036
2898 1046
328 2416
2945 1533
1044 3669
149 2267
3891 3839
1498 90
2130 2297
1629 880
3293 2789
2277 3875
2589 2136
3867 1509
4090 513
2576 3430
3436 2310
2269 2483
2686 2931
28 3295
2254 1110
3952 180
1783 384
950 3297
4056 1761
960 377
2099 1157
1260 517
429 808
3768 1847
2463 3853
2751 1136
2745 142
1682 3069
3066 1363
833 3939
2779 1814
609 3514
3745 2269
2925 1020
442 1645
3240 673
3429 4092
717 4119
575 1919
97 3690
3758 1531
2566 2684
3076 1054
291 1674
1420 2884
1264 3930
1316 2412
28 659
3984 4119
3840 514
1643 3025
3183 1222
1204 2509
2792 1319
438 1976
597 1722
1783 2132
1446 4103
1653 3273
1135 984
1944 1568
7 3777
1349 1007
619 2849
1744 1300
1998 3211
1214 2731
1425 2319
902 629
2278 3011
2480 193
1158 3840
262 2165
2932 2056
3930 261
3662 221
3095 3169
2874 1124
83 1375
3372 2951
1024 912
1799 2427
4036 296
1605 1791
599 2593
2913 1706
1518 1126
3786 581
2080 1001
1786 3407
1641 1154
2046 2724
1736 1221
572 316
3278 1120
3833 801
779 1762
4139 4157
2867 2453
3901 3597
2243 4136
894 2969
2039 1973
2598 641
1182 3314
3231 3819
75 3831
1021 1946
4041 1105
2226 2991
1733 2217
561 2792
4105 1878
744 1808
3443 2803
342 3965
3793 3677
1068 3458
4163 3357
2811 2166
4122 2687
520 3758
2079 2262
3091 4049
37 2305
4133 3199
2546 38
645 1114
542 1578
599 3736
341 3875
1432 2557
2750 634
1499 3654
3408 1518
371 3059
2092 1074
1811 1123
3497 1618
843 3745
4165 2315
1699 1190
3370 2157
1696 3919
2059 1876
3349 1846
2102 692
3933 2738
770 757
2582 3101
2158 3850
3290 2773
3918 923
2281 3619
3331 2069
3413 812
3176 1604
3928 175
2819 2023
1918 2930
1663 2295
3088 863
4096 2890
3794 186
1357 2371
1036 3353
272 2723
1399 1770
2126 3505
3718 3927
20 520
1957 1184
3483 3367
833 1926
12 1397
2431 624
1668 386
2117 1422
3964 153
2756 2122
494 1270
355 603
1038 1039
2081 1849
2609 4047
3264 2922
2038 2870
1762 1081
2375 200
2752 3099
857 1351
2201 2642
1560 2032
2240 3715
1198 2890
3889 3859
3848 2943
2323 3419
333 2020
718 3783
2974 2839
2519 2730
5 1659
539 3865
2357 4026
1062 264
173 872
747 3392
81 2680
3839 200
501 806
636 3740
2812 378
3770 2708
1780 403
1112 3062
3909 2358
4128 1629
1910 1979
2393 2737
2074 1698
528 979
1948 2493
3086 3971
441 3099
45 3617
3173 1892
1141 2357
623 3959
1297 2061
3731 3313
2345 2549
3468 73
3133 323
2982 1269
2536 1651
2380 2722
2386 65
1209 1383
3794 539
2742 321
3344 2256
2003 2600
18 3087
1127 1885
997 2923
1148 13
1777 1330
2933 2447
1877 3756
3563 2070
1719 3741
2641 2904
2559 3367
853 2394
319 1373
4180 1141
3188 1710
303 2659
4002 1513
3403 1920
15 3951
639 3154
2359 3864
845 1155
2762 4001
1966 905
1032 3609
3786 3693
345 3772
904 1976
4107 792
3814 3556
3191 4172
3175 3030
300 1771
1126 3178
758 2666
626 3803
3953 1627
3571 948
3872 422
3266 4073
3545 2328
3682 417
2840 2572
2016 3209
1737 2719
3766 116
1828 3445
2155 1552
1706 2611
2265 1401
3022 3807
229 3033
3196 612
2865 3398
2647 484
1918 2687
2939 2626
1943 1581
3778 979
3985 773
310 1982
3640 3418
2758 94
3576 2392
3250 1140
3218 1640
1749 1898
2423 3908
3305 4179
2122 931
944 3303
1622 2273
2465 439
1922 2286
2096 2062
1486 1364
840 3220
3181 1015
2026 2924
1980 3960
1792 1862
1282 2767
2462 3526
251 1449
910 4038
4078 2090
2364 3568
477 1213
727 1757
3084 502
278 1442
3495 652
2613 458
1320 2550
1542 3952
1217 777
769 2478
2021 611
388 1413
1590 982
2045 1831
4012 1367
3394 1502
2807 2238
3451 3640
2347 3672
788 1610
259 2772
2897 4031
3807 882
1525 952
2781 2782
2119 1324
3690 1289
2136 2455
364 1136
1859 3986
1967 534
277 1779
1567 805
3315 3485
1420 1714
1635 3677
1177 1897
3415 2027
1005 2310
1619 592
3070 2621
3321 1915
3403 41
593 3460
2608 2276
96 2506
3899 2851
1396 85
136 1017
1177 2265
3280 1535
2832 840
2719 1834
4055 3125
2617 2864
978 2891
3554 1227
2362 830
2970 2216
583 2494
282 223
1045 2164
3254 963
1739 995
3651 720
2827 2814
2500 315
1064 2254
2361 69
242 4131
3981 571
2702 2068
871 3450
4073 271
319 697
1517 105
893 2191
1471 541
3454 827
2428 2446
3552 2114
3694 78
2221 3558
2135 1527
1309 1251
3147 1164
736 808
3491 1279
444 3790
3329 2462
1220 2861
3609 3035
3899 3607
1221 3623
2411 1277
1743 1273
324 994
1318 53
3352 1509
3924 218
3574 2498
3273 1991
1112 1524
2791 1313
3532 915
3097 4088
2456 3415
1132 1990
443 668
2106 3550
909 388
3255 560
2638 4140
3548 2524
2401 3388
1845 3112
2034 2879
3389 299
1945 733
3967 104
2581 3518
3968 1493
1309 1290
2921 4036
888 712
2808 2513
11 3804
670 1530
828 2512
3502 679
3372 3699
1828 3972
2315 1790
1784 1009
1181 329
3284 173
1266 3565
2505 2420
1878 3276
2572 3878
2922 2777
1649 3279
2718 3486
124 1427
2874 1052
1776 239
111 3585
1956 2402
967 3846
3057 765
1282 1342
768 2976
395 2684
866 3792
3503 3650
2821 2369
2763 468
214 2123
2036 2825
119 2474
4149 3340
487 1271
3205 1953
1351 2860
418 1365
1856 1516
2857 2801
1076 1220
2523 1586
160 1898
1858 1193
8 245
734 2350
3212 1321
1543 216
3917 67
758 1405
3534 902
2245 694
3051 2248
784 2987
2580 2855
3000 3770
823 3271
1073 3339
1657 1810
434 2734
416 3149
3612 1955
2510 3891
940 2197
1624 768
1942 3071
3270 1034
4129 2461
513 3975
2862 536
2033 2834
1464 3048
956 4115
2946 74
3440 3857
574 3432
749 1722
73 2729
1257 646
3207 3388
1187 154
2011 369
2737 1526
1252 2826
2828 1425
3444 2475
1875 2999
1842 665
88 396
2049 1987
878 883
2650 841
2700 3591
2376 1587
834 2316
297 2209
2133 2820
1599 835
1122 1643
2356 2856
941 2156
687 6
535 3979
723 2350
3251 1038
655 3643
2740 3598
348 1775
2391 3641
2022 3446
3942 2461
2962 3727
670 787
4048 3601
1506 2344
1582 148
2019 1713
491 4075
2239 402
191 3743
914 1700
1594 4088
632 1162
2810 3782
1239 3180
2531 3010
1564 1477
3703 2479
1432 1856
447 2464
3679 1959
4164 3371
700 1696
2333 3231
1647 2188
679 2025
3997 3427
2091 755
3845 3275
776 3861
2349 995
283 3047
1253 201
1729 2213
3276 1468
4040 3797
953 3821
1635 875
495 1106
1496 2
3575 3029
2928 16
1207 1246
2490 981
1787 128
3201 377
3520 2941
1328 87
338 534
1641 2592
3800 3401
3583 506
1231 3808
1804 54
1981 462
493 3047
774 265
3519 3048
2537 2725
3116 2142
3924 351
1039 3131
2677 3586
1537 1274
3319 3670
1383 1358
763 380
140 797
1557 3061
2894 2014
224 2063
2306 3087
851 1480
3905 3358
361 559
552 2418
4100 847
2751 3293
3542 738
1366 2001
1666 2187
2517 1860
858 292
4075 1815
848 1454
2619 1427
18 55
2986 2891
2953 3445
554 1940
3660 1574
2244 2853
3144 449
3626 1974
3605 1576
1193 873
1037 2801
2332 3109
830 20
66 4124
2802 607
4122 77
1567 3056
1417 2726
130 2508
2942 2761
837 2256
1927 3027
2413 2079
1083 741
4011 3763
222 2340
2231 4116
2989 3294
2105 3684
1763 1485
3588 2377
2087 1689
3162 3535
4171 549
1782 2620
2409 348
4071 197
4148 3753
144 1941
3012 1800
3296 720
2103 4090
1263 2841
1241 3973
2700 1628
3932 232
573 3328
1304 1937
2561 3009
2908 445
3163 3921
2203 1288
2492 3263
2996 2499
852 1145
1142 3250
783 916
3246 3380
4161 2898
379 3730
3049 4115
1736 1562
2995 1093
22 3103
1240 975
1219 373
3391 1583
2604 2352
3969 1869
350 259
3728 4151
119 56
288 1018
719 3589
3458 3883
3062 1584
312 2707
4019 1415
1929 771
3513 4057
3559 3990
1538 2777
2886 730
2567 3428
1195 2981
3578 4005
2363 3315
3591 2972
614 2183
21 4169
1905 1317
1016 1505
4054 3489
40 287
1343 1513
2280 1738
708 1756
2361 10
1508 711
1928 891
2126 932
521 305
1938 1680
477 1130
683 3228
2216 1511
33 1777
3247 515
0 3351
2818 3020
3033 346
2778 3923
2104 3790
1652 1520
260 2558
464 719
4065 2902
417 2905
2803 5
4053 1174
3030 2603
2285 2143
642 1393
1785 3970
1667 3869
530 3063
2697 861
146 273
862 2375
898 102
2330 1170
3725 3773
2422 1017
1989 3478
3376 490
3465 1200
3900 4130
1475 797
2185 2715
2906 410
2290 1658
3019 2455
2603 2023
1293 3448
1496 3889
962 3396
2623 2565
919 546
486 1187
374 3731
3698 4123
1453 3748
3052 2697
480 844
1895 2425
2794 641
257 867
3362 2470
1000 3355
1268 2911
2106 3868
3608 3157
1000 2920
1098 3146
2387 2042
3759 210
2003 1922
2901 2993
2069 2494
2885 2325
1465 3426
415 556
228 354
711 760
2101 3431
290 3519
621 1456
4097 3742
3886 3074
1779 2647
4172 1175
620 1991
209 1728
3337 4094
1257 443
240 3663
2212 4154
3695 2634
667 1966
2153 532
2089 1741
3497 2639
799 1667
1934 3251
3673 3080
2790 3796
1473 278
2112 1515
1261 686
3945 2153
4083 1857
3463 3657
1237 1455
1210 3768
870 3610
267 1345
1683 1156
3798 2405
3287 2127
2628 1840
3996 3470
703 3783
839 2228
2962 1935
1883 2451
110 1371
171 4054
3225 139
3492 1769
3866 556
611 3419
1554 994
185 3746
1681 3674
1480 3441
2760 3026
1219 2442
2935 3001
3263 60
1621 831
765 3196
1308 182
3197 3625
4110 1239
983 3382
1476 535
3071 2750
2783 3241
3969 2706
3111 2771
3600 1684
3586 772
1553 2774
3711 2519
3857 2151
2185 1707
1003 384
975 110
1002 2161
754 1071
1675 3940
1198 1199
1081 2634
328 3685
689 2343
633 866
3914 3565
104 2775
2355 2466
737 194
869 1446
2796 972
3123 3955
2058 3954
2552 3193
3963 36
2655 788
836 621
3619 1466
2301 3706
3294 4003
3830 2833
2408 3479
2027 524
4013 2860
2141 529
1556 303
4096 2425
1069 2540
3913 2630
2190 3316
2210 2695
2398 685
2083 1606
98 49
1210 3222
4109 3992
1099 1956
1294 3356
3723 897
2049 2538
1861 697
3540 9
244 896
1597 699
164 1873
603 1314
1983 3004
2933 3298
2597 1223
337 2916
2708 2108
3035 2516
3115 1184
330 1771
4024 132
971 924
2243 276
2468 2631
3621 2841
3542 3414
2272 2319
4095 2252
290 2586
2194 2655
2858 690
3638 1113
2083 1692
2880 1647
816 1373
899 3950
691 115
3902 1166
3058 1133
2884 3500
4006 1014
149 3915
4 1999
22 331
1115 502
439 1368
1633 743
2749 1336
1803 2599
1670 1924
980 2664
1801 1194
2046 1501
2206 2396
1853 4101
2586 664
3949 2025
1596 2557
2138 1517
2467 2553
4003 3450
3728 649
3343 282
3207 2114
3553 394
750 3771
2594 95
3412 2947
1245 1284
3522 2275
2716 2738
1102 2379
1111 1279
3506 1843
95 3038
2662 1241
3755 1179
3305 2509
3202 3573
300 2479
1899 1550
3788 4177
3364 2060
3096 2580
1741 1354
3696 4076
2499 1497
1315 2570
2980 3320
1759 2786
2154 1493
1428 2012
3563 236
3751 3224
3177 907
3956 1681
2715 370
3712 3362
1995 602
2294 3083
108 421
669 1469
4067 2215
1101 2736
751 230
3136 3976
196 1435
2341 1499
1362 3487
3912 536
3249 616
2189 455
1119 3475
471 1926
3941 1672
3265 368
1934 1012
1766 2696
3262 510
2320 335
375 3896
644 2432
2579 2533
428 4080
4025 1879
1818 514
3842 1660
2602 3275
1140 2985
3161 842
3579 2008
3841 3306
1321 79
813 615
2459 3069
3226 1036
3381 876
506 3338
1190 1170
3622 1214
452 703
577 3015
3368 3387
2407 928
2082 519
3357 3172
3650 3741
3467 3412
579 2766
2764 3687
2370 2541
527 2385
1561 3256
3404 266
1211 3040
4032 2234
625 2869
1183 3615
3525 3721
3020 631
590 907
3023 3937
3979 756
726 2100
1655 3649
1331 1312
3971 1675
1888 2392
1233 481
205 3882
358 2159
34 4019
2963 2915
574 1519
1341 1094
2899 1451
198 2349
1802 2571
3422 3203
3712 3219
759 3775
3560 2467
2978 2097
787 4012
1154 1021
3476 1457
1218 1626
1912 925
926 1212
1437 3594
1006 3632
4085 1094
1923 2653
937 1729
1751 2735
2760 3484
2056 3874
3863 4005
2317 273
58 2646
2188 240
3888 1160
3267 1274
317 1327
2829 3799
2430 3666
4050 598
1584 2808
1346 2404
3214 163
587 557
3974 752
631 550
1049 257
356 2227
459 3434
1821 2892
770 3570
3873 807
815 1440
2247 3980
2657 2329
1820 4180
2612 123
1188 456
1547 1152
1573 2262
2567 2399
1488 2028
3659 1097
3680 2819
143 1052
1529 4062
2250 213
1235 1148
62 784
1608 3292
470 1407
2710 1766
2206 1168
3169 3681
2875 696
3489 2565
2982 3634
1118 1948
2685 2482
3126 4105
1933 553
1665 1773
2782 665
91 2303
308 1563
4103 1853
3222 2198
1063 3490
2828 118
3213 3689
1840 1889
333 1852
2297 836
2152 2249
2727 2595
626 646
325 176
1850 1055
76 3355
1131 1816
1500 1691
1705 1958
203 1285
207 3653
1057 752
1264 1186
2318 2504
2805 1418
174 3145
1786 2208
630 1452
3978 2503
1530 3687
1778 1018
1408 305
3929 2928
2657 2444
313 526
3361 1379
3688 1122
253 158
1262 2456
2493 1189
2927 702
1227 98
2112 1109
1631 1911
1329 2259
3742 2147
2209 2845
2081 2827
466 3620
1372 3132
3828 3957
2177 2360
987 344
3175 1585
1914 3216
202 2485
3700 2358
190 2585
1050 1510
2142 3452
113 219
3347 1831
109 223
1310 467
1089 3467
2838 1215
2084 1275
1797 1915
3096 3213
2672 1040
997 3400
252 3709
795 657
3589 3417
2223 1008
4066 730
1055 589
2477 637
123 3943
1685 3675
2589 2233
3337 1144
1069 2127
3531 2172
908 2196
2043 3157
959 2428
1092 1465
2288 3743
464 479
507 99
838 3258
1448 2955
1725 1911
3050 540
3013 709
366 3094
1890 3982
192 3599
2155 576
3249 3171
1798 804
3627 2290
1525 846
1387 2013
960 2194
3448 1977
969 1195
3973 2259
2832 3538
1887 953
893 2475
560 2115
3211 3447
1384 920
4023 1444
2813 2413
1834 2648
3457 1479
3160 4077
3259 617
3295 4009
1242 3849
1356 293
578 1730
1071 445
4086 1798
3670 125
2180 1743
666 588
838 3464
4071 3601
3722 3847
1268 3129
2047 1524
1896 103
1481 944
252 1916
822 4043
4008 166
3338 1516
108 3113
2887 1749
3791 1585
165 1270
3268 3230
3137 856
1689 2040
4082 874
1278 1661
3877 2691
329 3725
172 458
3682 3480
935 608
2105 342
859 3374
2542 451
1615 3999
3980 1727
1485 2233
1441 922
472 582
1033 2162
3962 3676
3418 3073
2207 1687
247 3593
-1
