10000 9780
7346 8481
1718 4350
4361 3408
3814 4286
5690 3612
7088 6660
5158 2101
4724 4153
3441 6829
7522 8221
2903 1230
4108 7169
9409 983
1139 4867
4700 6295
7812 1520
1139 3395
6839 8106
1152 7762
7491 3274
5514 6956
8221 4491
3413 5158
4612 4944
8885 8767
6295 7814
2213 5415
3619 2845
3441 2620
7020 7814
3619 2042
8357 485
1520 3096
3930 8481
7932 2788
4491 1454
3930 7889
-1
7198 7169
2874 3814
6207 7
-1
7198 694
8551 8106
4632 9213
2042 3217
8885 8563
3906 3408
9213 716
7020 591
8563 2680
9826 7088
3772 3906
5690 1934
3395 1074
3176 9826
2874 6169
5216 1152
4153 8774
485 3371
6169 7581
7786 694
2680 8251
4936 3413
1718 4422
9809 983
3371 2910
8774 5457
7491 5138
2910 2971
1074 5997
2788 1841
2971 9691
8551 1135
4475 7581
6207 1229
1135 9250
391 4475
1934 1840
3631 1840
591 2762
9177 4612
2620 5616
2555 3631
5409 3096
9809 3702
3028 3176
5409 841
5021 2762
5457 8576
6310 5415
5616 5043
9250 6844
1820 1454
191 9691
841 3675
2555 3225
3028 840
1841 6856
3225 3942
2785 5043
2785 7531
6719 5138
4777 6844
9378 8251
4828 3772
4828 5399
4936 942
4120 5216
9177 8264
5433 3675
3537 942
3942 5878
2134 8576
6539 5433
7301 6719
7786 6577
6922 6577
5399 6726
3745 6726
191 9975
1702 3217
1820 80
4120 8706
5021 2415
6922 4276
5850 6539
1230 881
6310 3950
3702 5372
716 5173
5420 3950
9585 8264
7441 7889
6864 5850
6856 3699
581 5420
1229 6361
881 188
5514 1810
3745 6469
2039 6469
5902 2415
80 8640
9151 7531
2039 2167
840 8872
3699 1215
6982 5878
5314 581
9440 5997
5798 8640
5822 6864
719 2134
9151 9766
7993 3537
4461 5822
9766 1611
1039 1215
2167 3988
719 8523
1497 9585
9440 541
3963 5372
2768 8706
391 4970
4422 8616
3883 4777
7092 1497
9092 4276
1376 3963
3191 1810
554 5798
3819 4461
7441 1141
7092 7069
713 2768
8108 3819
8872 2976
6825 7993
4970 6467
3516 9092
172 5314
3516 4721
1611 4189
2976 2428
5902 8424
8553 9378
8523 9093
2047 554
1702 397
7665 1376
1039 9923
4721 9634
6825 3727
3988 5954
2560 541
5235 8553
188 5717
7301 5334
3727 5698
3191 8871
1114 8108
6361 7415
9634 5284
1627 1141
7125 3883
-1
2047 7038
7415 1995
5684 1627
918 397
5954 4197
6929 7038
8871 6862
3204 6982
274 9975
7487 1995
7885 5334
2627 6467
6901 4189
9923 1822
274 9347
7143 5284
9302 8616
9347 4485
4658 7665
7558 6929
5717 4083
5235 2343
2560 4710
7047 7558
4362 172
6901 6340
713 5789
7487 3491
5714 8424
5698 2939
1822 6074
7315 918
6340 8462
5789 5215
1579 4658
4362 9353
8029 3491
3945 5173
6284 7047
9621 7143
9824 2343
7667 6862
9621 1057
2627 4386
9824 2909
4197 6754
4987 6754
5215 6765
2909 2409
1114 9973
3945 3011
4676 8029
1057 5604
8645 2409
3004 9302
8645 2346
7709 4083
3514 5714
8326 6074
4676 3717
7709 3562
2058 9353
2428 5147
512 3514
6765 3312
4485 9906
3312 2396
2346 9367
3220 6284
4781 3717
7982 7885
8449 2058
6692 1579
571 5147
7557 9367
4386 3023
5316 7557
7667 2247
6876 7125
2974 571
5684 6913
512 8247
441 5604
6165 9973
8669 6913
2752 3023
6022 441
4710 8218
8449 2919
8462 9999
952 6165
2974 8078
7787 8218
7202 3204
9568 7069
3961 3562
9999 791
791 6659
9093 6398
8326 8895
1601 6398
952 5575
4608 2919
8258 7202
9906 9948
6876 6828
3011 7041
5412 5316
5412 2245
5464 8247
2541 3220
4781 6229
7982 2914
3004 626
7748 2541
8895 2957
2247 7471
5464 6070
6828 7845
3349 8258
2245 7162
5128 5575
7492 3349
-1
6022 6854
7787 3875
7748 3726
4105 9948
4608 5552
6520 2957
2396 3966
6692 5988
4024 6520
4028 6070
2606 6659
9568 3494
2527 5552
5159 2914
8669 7250
7041 1195
7315 6655
6075 3966
3744 3494
1574 4028
8320 7845
3786 1574
9591 2752
4069 5159
5128 5593
4024 9294
6229 6334
4069 7017
5593 7112
9591 3863
4753 7162
6777 4105
8078 8019
4753 8767
8282 7112
6083 6655
6777 9098
2860 3875
1174 8282
6083 1145
7017 5232
5423 5232
7492 8537
7533 3786
8325 2860
3064 7533
5423 4571
1145 4979
6251 9098
1174 1422
2527 6656
4466 7471
695 4466
9909 3744
8564 7250
1195 3375
2231 4987
8091 2606
9909 9772
6656 4767
2939 4124
2297 6854
3375 4856
695 7872
6793 1601
3593 8564
2297 6302
3863 5459
7118 9294
7096 4979
8563 3825
3726 2339
7872 4126
7633 4571
4124 7355
6376 1422
4645 6334
8417 6302
4126 9303
2339 3144
8417 7857
2231 6282
5882 7096
7355 5688
8019 3265
6282 3842
6093 8325
7118 3769
3961 2320
1098 6376
214 3825
6093 6024
1098 9659
1083 214
7759 6793
9659 7075
3593 5765
7857 7248
9653 8320
1225 5688
6024 6960
6960 2920
9567 4645
9191 3265
4344 9653
8091 2478
3073 7075
7759 9380
8305 3144
5623 9772
9191 9450
1977 7633
8300 3064
5765 2332
8415 2332
5459 8799
3333 2920
8300 2891
303 1225
2891 2772
5882 6305
4767 2071
7812 3073
9394 3333
3639 4856
8537 1882
5623 5764
9567 4776
1520 9274
5988 1161
3769 5092
9822 9394
7305 3842
8799 7539
4184 2071
9035 4344
9638 9450
5792 4184
9130 9035
1349 1977
8833 1161
6605 1882
9130 7544
5792 9860
7305 3141
7248 422
9860 2162
9303 7474
6803 5092
9241 9274
3141 9252
362 9380
5764 7224
9641 6803
8305 3336
2613 8833
1349 6601
761 362
5554 6075
9649 7224
5422 9641
761 5356
550 626
6838 5422
2613 2987
8028 2478
2733 9638
277 4776
422 4108
3522 5554
8914 7544
8422 2987
2772 6826
9748 8028
5356 6973
5451 277
5379 6305
3522 6084
5748 7539
6427 8914
303 5084
4749 9748
1083 4756
7339 5379
77 8422
5857 4749
9241 2647
5451 2333
3336 3162
6775 6973
4108 8453
2647 2714
3543 3639
8615 6084
3162 3235
3138 6838
6427 6839
2320 629
3019 5084
2522 9649
3019 8570
6826 2433
5100 5748
4659 6251
6775 138
1066 6605
6601 6384
138 2361
7180 8453
5239 5857
2733 9006
9765 8570
2770 5239
1290 2770
7438 77
6242 2361
5839 2522
1066 6042
6384 9071
5100 7288
5976 6242
7196 9765
451 7180
6042 2127
5976 4724
3235 7724
5839 3538
7288 1068
5419 2433
8025 451
8851 2333
9006 4218
8025 7564
5236 629
1046 7564
4218 1772
5236 2252
3147 1772
6716 7438
6716 2406
8415 3445
4756 9110
6724 7724
7738 2162
5457 9872
2731 4659
9872 4969
9169 9071
9842 7738
6222 6839
9110 8545
5336 9252
2406 5922
5419 1928
8196 3543
2728 7339
3445 2000
3136 2714
4700 1928
5336 3120
3138 6396
2731 2889
9135 6724
6396 7932
3147 2836
5922 3992
2127 6654
4700 4312
9842 5488
8022 2000
6829 1290
-1
1163 8851
-1
9331 3120
4882 2836
4138 8196
4969 9762
2889 8905
4681 9135
801 5488
7147 8022
4361 9331
5928 7474
8545 2780
3753 8905
2728 2633
991 9822
-1
-1
6616 1163
6829 7617
9988 1046
4867 991
8681 550
9169 6518
3874 6222
7590 3753
3408 2876
3992 5481
8615 4948
2213 801
8333 7147
4529 2788
4867 3363
5928 6840
6616 1202
4312 4409
1068 1860
4529 5912
3274 6518
1860 9695
2701 7590
6840 6025
3363 3763
1034 4882
3506 5481
3974 3506
380 3874
2780 8964
5819 4681
5912 9494
7566 6025
2051 4409
3136 4902
1553 2213
3977 7566
5042 8964
2453 3974
8226 3977
4902 8577
2051 2603
7196 7790
5819 7522
268 2701
7351 1034
8333 4617
2252 8776
8577 8854
4617 7879
3645 7301
4755 8681
9233 5042
7464 4755
3720 8854
7309 1202
8826 7351
4736 7617
556 9233
3400 4138
6654 2629
4237 268
9762 5304
1553 4718
9988 559
2453 9416
9416 5279
7084 4948
556 5815
2629 2519
3711 8826
5563 4718
7084 9148
5513 2603
4390 2633
9607 7309
6490 5513
4262 3645
4066 9695
5482 4390
4066 48
305 5563
48 4286
3763 478
5279 9409
3072 8776
6660 3711
4297 7879
5304 6771
7411 7464
7522 8118
6835 3072
8118 7454
7411 5970
3154 7790
6490 1976
478 2867
8226 6956
6206 2867
8646 4286
6956 1983
6297 1976
559 6774
2101 3154
4746 7454
6014 3538
8646 1160
6297 6488
6883 9607
4297 6180
4736 9523
502 6488
4237 86
3748 5970
5482 8404
5035 9494
7052 9409
2967 2519
9270 9523
8404 2845
2845 6440
1160 2624
2624 6127
1330 4936
3720 8197
1387 1330
1421 6127
2876 3427
8197 4843
6440 2295
7052 7328
6841 6883
4310 6774
4206 6206
5035 7229
1421 2531
7328 9165
2967 5155
7229 3545
6014 8304
4346 3545
1806 4346
2973 3400
502 995
-1
3591 6660
3427 5535
6780 5155
9960 3591
6892 2531
8357 86
2295 259
3748 1162
6180 7346
4206 3923
187 5535
995 630
9215 259
6892 2209
4262 9891
6771 9439
8357 7979
2941 7979
9270 4274
187 4595
4232 2209
4746 4272
9891 6626
8233 9439
4843 1828
7269 9960
8298 4272
630 3696
6268 2941
4907 3923
6841 6455
6141 4907
3696 925
1806 8465
73 1828
2973 6630
9097 1162
1983 9314
4595 8708
3612 6780
2310 7346
6835 4449
8304 8317
4926 3612
925 9415
6141 8869
8869 2963
235 9097
8317 7405
7221 73
8708 7839
6341 7269
4926 8458
4274 4468
4944 7405
7365 4612
6341 3430
2310 3925
8042 9148
2593 4310
-1
3319 8298
9415 4173
5815 5956
6626 1156
4232 8605
9165 5744
8605 9067
8975 7221
9243 9067
5744 3627
6591 9314
8465 6244
5026 4173
9014 2593
74 7839
4954 9014
9666 5026
3627 2725
4954 24
8233 7025
9243 1707
3319 8892
3163 305
7025 4174
8458 7258
6108 24
6108 4834
8466 7365
1562 9666
6244 4728
1529 8975
1156 1668
3430 9178
1707 1982
4183 74
8892 7580
1529 7756
4449 2328
6139 9178
9306 4183
6359 6630
7258 3625
1982 9945
1562 4181
2725 2323
2569 7756
6359 4912
235 1880
9945 7904
8099 8466
2106 4834
7580 1803
64 1803
2569 4626
4626 7059
9306 7425
5786 6139
6133 6268
5921 64
9502 5921
7425 5829
9198 6133
1166 7904
5786 4185
3547 5956
9396 2323
6455 7
9502 2687
2135 9396
8042 7220
2687 3184
4912 4705
-1
4181 8036
1387 1213
8099 1739
6591 1280
3925 8083
341 8036
380 8850
3466 8083
4185 7826
7220 1344
2106 5864
7826 5491
3001 1880
3785 4728
3482 3163
3184 1889
5164 1166
786 3625
5864 5706
5164 260
1730 8850
3482 2358
5751 1730
5829 4031
2358 4566
2079 3547
2079 4192
1597 1889
2135 4439
3894 1213
9330 4468
8115 7
9215 150
3001 578
4705 5606
2963 2949
8199 578
4852 4439
7136 8115
9198 1735
5589 9330
1090 5751
7598 5491
4492 7136
-1
8140 4852
6354 786
8642 7059
8671 3785
4566 9217
3466 394
4134 7598
4192 2938
8062 2938
260 3160
1342 1668
1344 3926
7048 4031
1597 7286
2851 5589
8199 9036
1218 1739
7632 1218
7653 1735
8671 6148
1953 4134
7307 394
1953 2832
3926 2392
4492 1961
7286 6702
3533 2851
7653 670
341 4281
7307 6811
670 5276
5295 6811
6627 5295
2031 3533
8188 150
3180 2031
4281 2139
8642 6522
1280 4910
3452 8140
5058 1342
2392 649
2762 7559
5783 3160
1961 9929
8656 5409
2832 8894
1090 1464
3180 2611
9929 6622
9751 7048
7844 3452
7844 6959
5706 2171
3830 2949
4269 8894
6702 292
9036 2565
5058 177
6483 7632
694 2900
4174 588
9068 6148
8656 8779
6354 3451
9849 5276
7579 9068
177 6239
8857 8779
4535 6622
7124 7559
56 3830
6483 6426
5736 4535
2900 6349
292 4872
1086 6959
1086 5190
649 5440
6349 8923
830 7579
3300 2328
7124 1302
9849 5040
4433 588
6426 8469
2089 830
5040 2810
1464 9956
6239 9475
8469 4058
4433 18
5736 8164
4910 5028
8062 6585
6095 6585
7868 6095
2720 5190
5606 7416
9140 2611
3348 56
8164 4877
3298 5440
711 3451
18 5750
5959 3298
3126 3300
8925 2720
2089 9632
6013 4058
9956 8757
8925 9815
9815 4703
6952 6627
3348 6132
1908 5783
5427 1908
9475 7969
5905 7416
7868 4900
196 4269
8188 6248
3520 3894
7950 9632
6669 6248
2903 3126
1302 1533
3252 5427
196 8123
7950 9508
6013 1957
3252 2116
8829 9751
5028 2269
8923 4785
8757 458
1533 9745
7749 5750
8881 711
6444 881
8881 6611
5905 3097
2269 9625
8123 9461
4877 3177
7211 9625
8829 4282
1054 4872
7825 2810
7749 3851
6952 375
6132 5867
9301 2565
8857 3617
9217 8
7825 5378
946 4900
9040 3617
9935 3177
2116 4838
6681 9508
3520 8392
1237 9745
2521 3097
7211 4244
4838 5199
9935 1405
9040 7294
9140 8947
1405 2334
3582 6444
372 5378
1054 3296
760 8221
5867 5703
4282 834
2675 9461
7062 3851
1784 458
2521 4632
2449 7294
9317 8392
7062 4252
8 8587
834 4668
6154 4785
1639 4252
8037 1957
9 6669
2449 2020
7762 5959
1237 8753
8947 1633
2184 8037
946 4164
7874 1784
5703 2201
5199 582
8587 439
1824 2334
1585 1152
6154 9771
3071 582
9301 4350
7874 1760
6681 8761
9599 1760
104 9771
7969 6330
760 1062
8032 439
9821 9599
2184 860
6350 1062
1633 8963
4164 1836
1639 6808
4422 8821
9253 1585
595 372
3999 4703
9317 2814
2020 5371
9821 8254
8180 2201
6808 1914
2712 2680
6330 6879
4364 2814
5260 6879
1039 1113
860 3833
8180 8299
8254 4462
1113 682
3833 6695
7088 426
6316 9253
595 4415
8710 2712
1914 3383
1121 6316
9788 5371
9081 104
8753 7201
4462 1659
-1
820 8299
622 426
1121 376
6350 6193
112 4668
1355 8032
2895 9
3242 1355
61 6193
-1
820 5302
5260 9681
9172 9081
9681 4133
375 6018
9466 6695
8821 7722
7201 7257
61 1839
9735 622
4239 9466
2804 6018
7257 6915
3814 3101
9213 2542
1819 6915
2804 89
376 4332
210 3101
1824 4752
8710 5779
4828 5238
9735 1445
4332 7828
4415 7806
443 4133
6368 5779
6779 1819
6995 9172
6779 2368
3999 6217
7780 1839
1681 7806
9789 7722
4364 1483
7525 9789
4227 4752
7780 9799
4917 7525
2895 1332
4930 7828
8697 5302
7881 3242
9799 7977
7654 6995
1139 1015
6368 4411
6565 682
2635 6217
221 443
6565 6543
4778 1445
3582 1719
2368 900
1681 8364
4227 113
3008 2635
4625 1659
1153 210
7713 900
1015 4994
6347 9788
2086 4930
2390 89
2390 7882
4778 9518
8609 1332
7977 8216
1689 8216
2741 6347
3990 4917
2741 6701
1719 6208
6611 5531
6543 5680
6701 4040
9513 4625
8157 7654
1214 8963
5238 6228
7732 8609
-1
3245 1153
8157 9390
9924 2086
3383 9893
9518 669
4631 3245
568 3990
1483 779
4411 1003
3344 4244
3344 1568
7475 8576
2197 1689
5680 6936
8364 46
117 7713
3515 7475
221 5916
3167 7881
1746 4239
2727 2197
7807 2542
7732 9900
1924 4994
4799 3167
113 1525
117 6054
5531 4392
4631 1359
7183 1359
3515 1785
3246 6054
1214 2301
6228 3309
5916 5681
1568 7770
779 1434
7625 9924
7807 5250
967 5681
9003 7625
1434 3270
7701 1785
3416 4799
9390 8868
669 2496
9042 9513
2599 3008
2907 7882
5977 568
5974 7770
8362 2727
1866 2599
7071 1746
9003 1412
6760 7071
3416 5951
1003 958
9574 6760
1515 3246
8071 7183
3039 4040
8713 1866
1924 2622
8536 9574
9455 2496
3270 7669
5974 9959
9937 5250
2313 8713
9959 5027
8362 2411
8536 1180
7701 1263
2995 958
9555 1263
6514 6936
7376 1515
6113 967
6208 2196
2411 3192
9926 983
111 1412
3192 1372
7424 3309
2301 1459
819 6514
4773 9926
9369 111
7057 2907
9937 3556
7376 5805
5343 8071
9455 9296
5817 9369
5343 4260
4773 416
9296 4959
6318 4260
1459 846
1525 3076
1675 9900
2536 6318
1710 8868
1180 252
9286 3076
6618 3039
9497 5977
46 8031
7424 6972
327 8031
9497 8179
4959 4011
9286 1651
1372 6494
5027 4480
7589 8264
4011 2766
8003 7057
6849 5951
2995 5196
5009 8003
2587 2622
7589 9234
327 8090
3532 2536
1675 4305
9042 5328
2196 4814
1598 6849
3704 8090
5817 8334
2587 9078
416 9783
5805 2401
6618 3604
-1
6494 5220
7317 9234
6310 4540
3532 4699
4514 7669
4699 2286
3652 9078
864 1710
5352 4514
5196 5799
2331 7317
3742 4540
4275 9783
4814 8998
5710 2766
8891 2286
2331 3357
3556 8690
2077 846
8654 819
5145 864
3604 9251
5145 6895
8334 1851
8181 3742
1651 6845
183 2401
8654 4935
4935 5001
4163 8690
6385 4305
5009 6435
6650 3441
183 9586
9586 7652
9971 5710
3518 6972
4177 5328
4851 4163
6650 7337
3652 6421
7498 5220
3357 7927
4717 5352
4480 720
8483 7927
9175 9555
3518 5580
7008 4717
5580 9873
3704 6742
3032 6895
4392 2994
9839 8891
9971 6197
896 1851
5001 5869
5098 8181
1175 4275
7652 1193
5902 4301
4537 896
3350 9839
4465 6385
6204 7498
3032 9048
558 1175
3490 4851
4465 4351
6845 7675
6212 558
9175 5
663 6197
4351 7648
9873 4953
5656 7337
1178 5869
9376 5
4177 7236
720 5886
3511 6742
9104 6204
2887 9251
4301 1742
5098 6003
3511 3031
6129 3350
5061 4537
8179 1093
9739 9104
5061 1447
6113 6069
5397 6129
4993 9691
2887 2032
7675 7322
2032 6094
6069 836
6094 8024
5799 6532
5603 6421
6532 9512
2045 7648
6836 6577
5886 2165
907 7008
4662 5656
6715 4993
1178 6372
1447 9478
1620 6715
2045 2858
7271 9478
5603 3980
4358 6435
7239 907
8483 7955
663 1514
4338 3980
5334 1768
8837 5397
6460 4662
-1
6597 6460
162 2994
3382 5216
2874 7952
9618 7236
6212 1753
5181 3382
7451 4491
7451 9864
5522 6597
6003 3373
7952 795
3373 3686
2858 1307
1847 4338
-1
8751 3490
5181 5975
6836 9997
1390 4358
1753 971
162 9740
4203 9864
1390 9520
5426 1093
2165 931
8722 1514
3686 6039
8722 912
7645 912
1847 799
2229 5426
6050 8998
1768 3343
971 2585
6372 127
3982 3343
5519 7645
7275 3982
9340 6039
1307 1430
7253 9997
795 9760
9512 4750
6301 1742
4203 2529
3332 9740
8068 9340
944 5519
9673 7322
1229 4860
4135 4860
3114 1620
3114 6373
3100 6301
5522 381
2585 4957
4096 3100
4096 8628
9646 7239
127 6150
2523 4957
8551 4780
482 944
799 7503
4780 6850
8068 6067
5712 6373
9376 7453
2493 381
9646 827
6850 1334
7955 8602
1430 223
223 8500
7453 7481
5357 9760
6145 3332
3508 5975
5357 9389
1652 1334
3870 2523
2873 482
2873 9070
3121 6050
8430 3870
9826 3495
7436 1652
9520 1885
4821 5712
931 5893
2356 3495
8243 8628
9346 8751
8243 3867
3624 2229
4750 3493
6067 6484
1159 3493
4222 827
4821 9626
8430 4796
8602 1748
9626 9878
62 7436
9346 6698
6150 6707
1144 6707
847 1885
1748 6776
5685 7253
3867 7259
3407 9389
6776 4892
4502 1144
3121 434
7259 481
3407 3902
6145 3527
8527 2529
1092 3619
7481 6788
4796 8860
6788 4932
6813 7503
7379 4222
4953 1853
2275 2356
5625 6484
3517 6813
3508 6624
9648 4502
3902 2431
3690 8527
1667 8860
5685 4182
6624 5777
4892 6596
2711 4932
9878 1747
2711 6160
5777 3679
1159 8533
6596 6639
4975 3517
481 1458
9648 7476
4925 2493
6523 6698
6639 3781
62 1271
2562 2431
1271 4801
6149 434
1747 7895
8533 798
9072 847
798 7536
3406 8024
8866 4135
351 7275
4975 2341
8866 1155
1458 5842
1667 2969
3624 9710
4044 3690
3679 8202
3924 6523
6405 6160
4818 4044
5625 9791
1155 2642
9791 4654
4448 4182
8009 3406
2979 3781
3924 5802
6941 4448
8202 2044
3817 8009
9072 1339
351 6278
2275 1243
2583 2969
9004 2583
2562 4078
6149 4026
6941 8598
7441 5244
2512 1092
7708 5244
3366 6278
5424 7379
7747 4818
5943 7895
1610 7476
2501 5943
4078 7628
2642 3125
9324 9710
8746 3527
1610 9407
6405 331
8746 313
3103 7993
7214 3125
2341 8793
2122 4026
8734 7536
8846 1243
3849 4801
9779 3631
3105 8846
3105 8105
3366 8906
368 4654
5893 8909
2122 5834
7256 3849
5470 9779
3103 4478
5842 7371
2979 5767
4169 7708
5802 8815
4169 8079
4478 6492
-1
9004 9113
8734 1519
9431 8105
2501 6166
8598 7715
37 8906
5312 7371
7175 8079
9324 4417
9407 7435
37 2442
7175 1756
2618 7628
9113 6286
5834 8499
151 7214
5632 8793
1360 5767
7256 3570
406 2512
3716 7435
9077 6166
4131 6286
3817 9674
2881 9431
4018 4925
5312 1164
5730 8815
7516 3716
5044 368
1519 3447
7966 2618
5624 406
1756 3955
7747 1392
1392 5153
4018 7018
3570 4279
9674 9197
7966 7230
331 5413
2442 8250
621 7018
4279 7893
9622 5632
3447 5670
151 9637
5413 3647
7362 8909
7930 1360
4417 6183
2044 2335
5044 2588
621 3529
9637 5657
5730 2016
3955 1444
9197 2085
3776 5624
7230 4850
1853 8058
2588 647
5153 3877
7903 8058
5576 4131
2335 9737
367 5576
8013 7930
1444 94
7380 2881
94 6374
8499 9041
1217 3776
1822 6386
8314 3877
9818 6374
5657 6614
5841 9077
8250 858
6386 8339
7031 1164
1217 9133
5103 5470
2797 9622
5249 9737
4620 841
7584 8339
6614 6271
507 4850
507 3523
7362 3721
3647 5595
9133 3200
3868 7031
5841 1973
6322 3529
2134 4772
4155 6271
6401 367
5808 2797
1672 3721
8314 5953
9818 4698
5111 7893
3321 6322
5808 703
6183 6432
858 2997
4155 4627
5670 985
7584 5532
8715 2997
4698 2155
4620 7102
4759 9041
8013 2391
8973 3523
5340 1672
5953 511
5931 5103
3868 6914
4627 7920
4772 4820
6815 3321
8973 9892
7102 2118
717 3200
6815 924
1323 511
717 209
9892 7630
3218 7920
7502 2391
6914 3033
3989 2016
8784 924
7630 1560
8994 2118
9375 209
7380 6055
7715 9569
5330 5532
7846 5340
4536 9569
8819 5111
647 4788
6055 4833
-1
4536 9193
7734 7903
5818 8819
3033 1943
9723 9193
4820 4015
8784 6254
1323 8524
8480 985
3989 6621
6216 8715
2605 2155
5931 1975
1837 5330
3635 703
6029 5514
4788 8371
3505 1973
8603 8371
9730 8994
8524 8594
6571 3505
1975 6733
3751 7734
1560 9028
5852 9723
4833 7601
7601 6007
572 6571
1943 5794
3037 9028
3280 5249
6401 3179
3280 7298
6492 5599
7923 6432
3218 997
8480 8574
6621 7485
5436 997
398 6029
5034 398
8490 9730
8634 5599
3179 9687
2605 5193
4650 5436
4759 7285
8490 5876
7298 3581
6226 5876
6007 250
601 1074
3777 5852
7923 6940
9975 4496
9809 4284
6226 3483
5794 8475
6254 2554
5034 7529
2509 3037
7502 4557
3751 2151
5818 1069
614 250
1606 4650
9170 1069
7327 614
2509 6090
3581 5358
8876 8475
4647 9585
914 5358
4284 9744
3051 7327
8634 1373
7104 9170
914 4602
6822 8876
2693 8594
2693 8941
2111 1373
-1
7361 7485
3092 6090
4709 7529
3777 7392
8459 8941
3388 4496
4322 6361
1801 3483
8546 6733
4647 3255
9448 9744
5525 2554
8478 9448
9425 7392
6822 1343
4709 585
8459 146
4602 2355
1291 6940
6216 4533
146 3646
4230 1837
1801 9479
5485 3646
3092 8782
9472 80
2151 1724
3388 2638
8782 4010
3255 4198
7777 2355
6062 3051
7777 4501
5025 9375
2111 8222
601 2700
9472 9974
5793 7361
4010 6867
3284 2700
1150 8603
5714 9085
7524 3284
9425 9736
1291 7772
1570 8574
6867 58
9479 7668
7936 5025
9433 7668
1605 5525
4271 2638
5193 5825
8109 9085
4230 4995
2815 1150
980 9433
1570 4937
7554 4501
4015 2659
5031 8251
9736 5705
5879 7554
4074 5825
6425 2815
4004 4074
9974 9693
8135 1724
4887 8135
4483 6169
4955 4004
445 5793
6062 7150
2659 7426
1605 9179
8252 8546
6531 8252
6590 9179
7936 9374
9693 809
980 9938
445 4779
809 9655
8737 4779
5879 9992
6531 1780
8222 2839
814 9374
4322 6500
2208 7426
1625 8478
8822 1625
3412 5705
8109 715
4533 3358
8921 814
5616 293
4832 3358
8737 6884
293 7382
8532 1780
4887 911
4198 8329
715 8426
1246 4995
3412 6907
1548 4832
7764 8329
7104 7469
9655 4037
6425 2822
8426 6547
3621 2208
149 6500
9005 585
4420 4037
2652 8822
4955 8931
9938 2445
8840 1246
2652 4895
5664 7150
7789 2445
6696 7789
9792 911
8840 1196
4065 5664
6547 6978
4271 1838
7285 2645
3040 4895
2646 4065
255 1838
3728 3040
5915 8532
2839 310
5031 4758
3415 1196
5915 9236
8931 9229
1112 7772
699 3415
1548 5904
3737 3621
338 6907
7382 3216
2645 6842
2059 3216
7764 5375
4999 4420
149 7956
699 9044
4999 202
6726 6642
8178 310
775 338
7956 4723
9598 4723
775 8958
8958 869
6721 9598
7263 869
5904 5803
1602 202
4216 3728
1037 1602
9953 6884
8831 6978
8740 7263
520 2059
8740 4918
179 7041
5577 8178
1457 4483
3575 2646
5039 7469
6230 3575
2905 255
7524 7403
6721 1759
6842 3497
2767 9992
4216 6732
179 3123
3028 186
8921 5022
5375 9086
5801 2905
1439 188
5022 9998
9998 769
9174 4758
7699 5039
9059 9236
9086 3959
1439 5369
9283 1037
5801 357
7345 4120
5369 854
3959 9426
186 5033
9059 8572
6732 2933
3737 8338
8389 9426
6696 2262
596 5803
1721 9005
7403 2913
4918 7200
7607 9044
4584 854
6704 6922
8187 596
9231 8389
-1
9283 2863
3123 8380
5070 1721
5162 8380
3688 1112
2262 4178
6824 357
3392 7345
5577 9429
5033 939
2503 939
8572 8463
2822 366
3392 9633
8727 6704
5734 2913
4383 2503
4587 9429
2812 8338
955 8831
3739 1457
3739 4170
366 2176
2912 769
1534 4383
2863 6589
8169 2912
8242 4170
8612 1534
465 2176
797 7699
8242 9493
6589 8139
6824 3418
520 1149
7607 3983
9229 7712
4567 2933
5672 5734
8612 5381
7712 3541
8463 4555
2931 8169
4527 4567
797 5310
4587 9469
955 598
1558 5381
8044 1149
1004 3983
9493 1787
4027 9469
5501 3418
9759 2931
5677 5310
6508 5677
598 5848
1004 3499
8139 1009
2462 5501
1759 1272
9871 4178
7718 1558
5848 4732
2462 7679
1134 9633
4835 6642
9871 5950
2812 9157
1272 9421
5070 4743
1787 4393
4061 9231
4555 9310
3929 3541
1792 4732
465 3010
3262 4393
9421 3558
4456 3929
5745 7718
9157 189
4743 2048
8727 4775
9310 8269
5116 5950
5745 879
8460 4775
3182 3558
9289 5162
1754 7679
4388 4061
8232 9174
1009 4568
4388 4451
4835 7639
850 3688
4568 3257
9424 8044
7235 4527
7744 9759
189 289
171 5116
5672 9526
4000 581
9686 2048
6882 171
6910 8232
9526 1881
3182 6446
8803 3257
8021 7235
5165 879
4456 4707
5049 6910
8972 1754
6446 6424
8269 3365
6882 1024
8682 6508
408 289
1073 4451
5165 6473
9831 4000
6424 1552
5741 3365
563 8021
1073 9386
6949 6473
9289 6415
9386 9038
1881 2578
3615 9831
8803 8347
5822 7394
3615 6186
9470 563
4342 7639
9034 8972
5498 3262
8347 4068
8938 5741
377 9470
8647 9424
1792 9371
7982 1055
57 9686
8730 850
1552 3764
4027 3377
5049 8142
6970 4707
377 5097
5261 6186
4342 632
4584 3203
5261 7886
8929 9371
124 1134
5684 2189
7446 2189
6171 57
5097 3393
4381 7744
2026 3203
3764 9144
8382 8647
2782 8938
8283 3393
6391 6415
8283 9161
109 6949
5498 5053
5129 1055
3499 6629
514 408
2902 9038
8382 3455
8682 1933
5129 2610
9167 6629
1286 4068
2578 3712
3377 9845
9144 9549
2046 9034
6391 3335
2610 8559
5053 8504
1912 2902
4642 8559
5212 6844
7886 1210
5076 9845
7364 7394
8107 109
1286 9606
3712 5866
7446 2250
8929 4911
4381 244
9987 3335
2782 5072
1912 1623
493 7364
8142 1817
1662 124
7134 6171
3196 8460
992 1210
4992 9167
4021 9549
5212 1905
8176 2026
4021 4610
1050 5866
5759 1817
1662 948
1632 4610
3455 8040
5759 1022
9474 1022
9606 400
8040 7291
8504 602
2499 1623
9107 400
7037 948
493 3003
632 1370
7205 4911
9787 7205
2499 7626
7036 9107
9161 5806
2046 2233
2250 1797
7037 3701
1061 992
8245 3003
2148 7036
5101 602
9474 2230
8303 5076
5806 690
2230 1532
1061 575
9987 4765
796 1632
4661 796
2685 8107
5906 2148
514 2359
9261 1532
517 4765
2233 910
1050 6220
3196 6471
3018 5906
5072 6665
4876 244
6471 7192
690 1383
4992 3818
575 3457
3701 354
8223 7415
6665 9106
3573 7626
7817 9787
910 417
141 3457
4052 7192
8640 5585
7817 9060
8245 4149
354 2300
4525 4149
7627 141
517 7705
4052 2471
9182 7627
9609 8303
9182 3488
99 1905
1775 3488
3664 274
5585 9089
1370 5132
8154 6220
8154 6147
5807 7291
4368 4876
9578 9060
5090 3818
5740 1775
8176 3261
865 5090
7134 6675
6147 3353
4397 3353
1797 7964
1064 4525
6967 4642
8705 1064
9578 8805
6830 9261
6076 3514
866 865
1383 3236
7914 9089
8111 4397
3664 4903
4098 7914
4903 5389
9106 4374
8223 3426
3236 5115
8443 2359
9018 3426
462 866
3261 4147
7332 9609
8443 2298
9056 2685
8705 4505
9111 6830
6399 2298
6104 4098
-1
-1
6119 4147
2535 7964
462 9604
2300 4497
8367 6399
6104 7319
4497 6257
5032 9056
920 99
3217 7329
8367 1600
6076 8849
1385 5101
9111 8883
3573 4878
5032 7929
9868 8326
7929 6255
8241 920
6784 8883
1385 6857
6588 8111
6857 44
6859 5389
7329 6731
5223 5740
4340 4878
6784 7324
6731 4215
8448 5223
6967 6159
8930 6859
3091 44
5807 6546
1808 8241
8340 541
7324 6118
3584 8849
5189 6119
7694 5132
6675 7681
1937 8448
1600 1033
8930 8165
4374 49
9487 5115
7340 6257
96 8340
4340 156
3091 5735
7421 3702
8675 6255
3584 9480
7340 5240
6118 8989
6546 3648
9689 8675
3607 5735
9901 2535
5189 337
7421 9749
3521 2471
3060 7681
9811 7319
7332 9535
9749 9457
945 8165
1886 9689
2114 9868
9811 5351
1886 7098
6409 3060
3897 6409
1033 8076
5351 7618
1863 9480
1863 6740
6120 945
7618 3633
9018 2722
6097 3648
6159 8323
9901 1683
990 49
9620 4215
1500 3521
3897 3987
431 96
5286 8323
8201 7694
9457 8568
431 4425
3485 3607
6120 6362
8493 5240
3364 337
9099 156
6046 7705
8046 3633
4493 6740
450 4505
657 2555
7098 1963
2722 552
552 2699
-1
4425 7090
6097 7270
8903 8076
1500 3834
3682 8989
3658 6362
3485 664
7146 8872
7146 5722
8201 8296
5286 1369
484 7090
4235 5722
6041 657
450 7126
6403 4235
7677 484
1937 1414
3544 1369
2699 1016
3437 8903
7729 9535
8763 8568
-1
6403 1051
3878 6041
1808 3910
4193 1051
2596 4193
719 8547
3658 3471
2978 3682
6089 3471
1363 1016
7833 2596
3834 7458
8050 1683
8203 664
8296 1309
7126 2481
3055 3910
8406 3878
4493 2022
8381 6089
9099 261
6877 8050
7988 6046
1697 8203
8547 5401
1455 9620
7729 9199
7833 7836
2481 8589
8406 5308
9315 3055
7270 863
108 2022
6833 8589
876 7677
3446 876
121 1363
1309 9977
7836 4714
6833 5229
3446 2450
7988 2745
8260 1414
9315 3489
8493 3611
3611 8792
5796 5401
261 8775
2218 6877
6728 9977
9489 8260
8792 8287
654 108
7458 1827
7191 9568
726 7191
5308 7800
2218 2414
1455 3809
8907 5229
1697 63
863 7973
7800 3714
2414 5192
5796 5826
8379 4714
1762 8907
2114 3253
8381 6796
3714 411
8287 7804
8531 8379
8531 6852
9489 688
9199 4325
427 6796
2532 6728
8624 3489
5406 2532
9293 688
63 5225
8763 8798
9511 2450
6750 3809
8624 8120
6852 6761
3253 3308
5406 4499
2015 2978
121 5836
3223 5192
8798 8177
4475 9820
8057 1762
8046 6794
1274 726
1827 2540
7213 411
4961 8177
6761 2526
19 8120
6939 4961
8348 654
668 8057
6327 3223
19 5131
3082 5836
2723 3987
2410 3082
7804 6143
2168 5826
9293 4159
6434 2410
6975 427
6434 7505
3694 4325
9511 9594
6939 6961
496 9594
8664 6961
2194 172
6993 8664
8627 2194
1829 7505
6993 7616
8627 494
3544 6927
6794 8136
706 2526
2168 418
668 1682
8136 9027
1484 2768
9027 7573
803 3694
7573 2063
7160 1484
7996 7213
7160 2304
6975 1736
3364 5804
1736 1612
2015 9260
7928 6327
747 8348
2369 2304
2063 7336
803 8063
706 9969
3976 7336
5131 1705
3429 9820
2540 5696
8085 1612
6750 8096
4576 2723
1704 7973
5932 8085
496 1862
747 2427
418 6309
1641 3976
1429 1862
5999 1704
9972 1682
5483 1829
6267 3308
1593 7996
2950 9260
7527 5696
1274 5091
5454 5483
4769 6927
9972 3098
5043 4204
1916 4499
3884 4576
8983 2745
2862 5091
1641 217
9579 7616
3886 9969
494 7898
3800 3886
2862 4228
2219 1429
1593 5186
6170 1705
6170 2388
3800 3595
6648 5235
3041 9579
2977 4228
428 217
9941 8983
7594 6309
2388 1925
3219 5804
7928 8147
9905 5932
9590 3219
3595 1317
6191 4769
6267 6370
5594 3429
3884 4359
3727 6682
9905 1466
6738 8096
5085 1317
6685 6648
428 2717
2342 6191
5085 5484
1466 2869
4204 6328
54 2342
3937 6685
8268 2428
5454 8744
54 6758
6758 4446
9941 334
6682 4941
8100 7898
3041 6957
7951 4941
4790 8100
3090 4790
3838 2717
3937 3689
6957 148
3090 5265
6231 334
2778 3098
8375 2369
3757 550
1916 8155
7527 5168
6738 1528
3821 7594
7251 8268
1731 2778
6646 1528
542 6646
5594 423
1398 6328
1211 2869
7139 4461
7946 5168
8147 3719
2977 6185
6185 2740
590 3821
6475 8744
1546 7251
6475 9887
148 3759
5265 7670
6370 5847
6115 7670
437 2740
7484 3759
8405 542
3838 7496
6006 1925
8812 6231
437 5007
1546 7103
7711 3757
315 5186
503 8405
2564 8155
3689 3798
7001 315
959 8812
2427 4444
3843 2219
423 7303
5007 8585
3719 6100
976 5847
8051 8375
4070 1995
4444 4884
2270 8051
4254 7946
5983 959
5169 6115
7752 503
7484 3671
1788 5169
9031 7103
4603 1211
3671 8526
7752 7335
2564 2081
7095 7303
7642 7095
4901 9590
4901 3899
9031 1964
4254 7024
-1
4884 8844
7951 1994
8844 3965
1398 5648
2545 5983
4094 7024
7139 9400
4599 8526
4070 1563
3843 2107
5307 3798
1964 3840
9634 9382
7563 1563
5550 2545
7001 9658
4603 9350
3673 7642
9400 8060
5550 8731
5648 463
9382 1475
976 2955
5926 3965
8402 3840
9350 272
590 1461
7563 7778
4446 6942
7778 3666
6100 2608
287 1461
6009 2270
3978 7711
284 6009
9658 6291
163 287
163 5281
5515 463
6438 8060
2081 6012
7666 3666
696 8585
7666 7157
1253 5281
272 6736
6291 5936
1125 696
5307 8879
1788 783
5926 8957
1891 6942
2005 783
2955 941
5515 5455
1475 7835
8873 8957
2188 2107
6438 9049
9049 9944
6006 9701
6012 6831
2005 4404
8879 5982
1253 2878
3673 3390
9701 4494
4093 9944
564 941
1926 564
9541 4093
2078 5982
2539 1125
1071 3978
4599 8168
1926 2472
1071 6031
7835 905
2078 4813
1589 4813
5936 9237
8399 1891
6736 393
1589 5715
710 5715
1440 2539
7335 9066
2878 5355
2065 393
8741 6913
7938 7157
4404 4002
8873 7674
5600 9347
8399 8915
3928 2188
8402 4377
1222 7496
9237 6234
9485 4856
5355 4038
4421 4377
1833 5455
8330 3390
8168 1653
2898 710
4494 4251
4176 4002
4844 8915
4421 3107
905 7383
2898 9276
8741 2370
6031 8315
7383 7272
1884 4359
8077 4176
2665 1440
7623 3107
7623 9495
7445 9485
1404 1222
7647 6234
5442 7938
6000 4038
2159 9495
1416 5442
1404 6708
8249 2472
3928 8582
1833 116
2159 3707
8330 631
9223 116
1391 284
1014 7445
4611 5600
7272 8229
8077 9332
7674 7949
9541 5934
7949 6749
5087 3963
9066 4677
6831 965
5087 7788
764 6749
6509 6708
9391 3707
934 2370
6000 6198
4677 8310
9256 7647
5833 4611
7273 1391
3899 5197
9405 934
9276 2636
764 4543
7788 5176
5833 8928
9223 5191
9054 4251
8198 1884
3250 8198
5464 4738
8582 1919
2665 6720
5934 774
3376 1919
3905 965
774 8335
8988 5197
2264 9332
1660 5159
1131 8229
5095 8310
2636 390
7582 9054
5176 7551
1938 4362
7582 2287
8249 8345
33 1014
5095 4583
-1
1922 8928
5425 390
1660 1007
7538 8988
1994 8993
1007 320
3564 9405
8461 4738
9125 8335
9391 5944
2348 5944
8131 4583
4152 7551
2416 33
7504 9256
306 3564
2935 8131
1938 9979
2314 2287
8102 320
306 301
7504 1944
355 7538
631 1663
9125 9490
9339 7273
2187 6509
2679 5191
3376 8529
6198 7387
9112 4152
8461 5465
152 2679
5073 6720
4656 1810
5465 1857
301 1793
1793 8562
3905 7013
1857 2244
1663 6431
4823 355
2244 8101
6562 1416
2567 8101
152 6406
2838 3883
5425 5221
9979 3361
440 2567
5073 374
2631 1131
6431 1306
5591 2935
1306 9881
5798 6542
6562 1526
2959 1526
1922 2381
3207 7013
3442 9881
3207 5523
8529 8228
8498 9339
2631 3222
5523 9662
3361 6604
8802 9662
7387 8446
9490 106
2348 9254
1700 374
3389 5221
3389 3113
9254 1318
2838 7948
8446 2993
3638 2381
1335 2416
8093 8345
7624 5591
3442 449
3638 1154
2959 8954
7432 6542
8954 2423
8498 4868
2586 8802
1318 7396
4823 6092
384 4868
6162 6092
7948 970
7499 384
9588 440
3969 7499
4561 8228
2199 2993
3710 970
9682 8093
2877 3494
9118 8102
8562 9728
1502 4656
6747 9118
9613 2343
2199 8617
3710 7278
1374 2423
7396 5812
7432 2397
5652 9682
3745 2661
5636 5147
2397 8237
282 2560
8993 4331
5636 2505
9728 9288
6604 7634
3012 2877
7959 2661
2347 9112
4250 1502
6412 6747
1335 904
1944 5431
1495 449
8617 6645
9778 1374
6344 6162
6344 9875
9778 9103
9588 5306
7634 2911
6718 6406
2365 3969
282 3919
2238 9103
3768 3222
8174 5431
722 6718
5652 2393
4223 1495
4331 3620
8174 3484
5306 3956
3768 4519
2505 4100
106 4737
3087 3956
1154 3269
9297 7959
9613 7925
2238 826
2911 5194
3012 2598
2365 1448
7442 4737
1448 251
4638 2347
904 8945
3087 1997
5194 2307
8945 2826
7442 2447
8237 532
3919 135
7795 4100
4250 9570
1997 2648
2447 9460
6032 7278
2598 2947
2307 6313
532 5626
599 9570
9020 4223
8315 709
9875 3756
7781 2648
3269 4335
4638 5428
9460 4646
6610 6412
7795 5757
5650 9297
5013 826
7688 3491
71 2947
1126 5757
7182 2393
4646 2258
1998 135
1126 746
6313 2384
3620 6048
6032 6534
5650 6593
4804 5626
599 6501
2826 358
6355 1998
6355 3254
7369 6048
2384 9052
7624 655
1315 251
4357 7182
746 3872
1315 3841
5195 722
4335 1732
5195 4396
7369 8759
6593 7293
3942 734
8936 3254
3750 4357
2668 5428
6534 3907
7477 6645
6501 9063
9830 8936
655 2488
8227 4519
7688 3324
3872 4450
2164 71
724 1732
8548 358
342 6655
6102 3756
8665 2164
-1
-1
4450 3557
3841 385
1326 3324
9017 3750
352 2258
2692 1326
1032 8759
4396 9819
8548 6661
7477 9364
6821 734
6102 5760
7781 182
182 9094
6657 7925
4863 2692
9017 8089
5717 6576
1619 9020
391 2011
352 5549
709 3793
8665 4423
7111 6610
365 724
9094 1223
6578 3907
9063 6566
6722 2668
3908 7293
4708 3908
5910 6722
8089 4674
5549 7565
5910 2892
6578 5564
7565 3634
2011 9755
6661 9016
4804 2461
4782 9364
9830 91
9288 52
8711 52
5564 8901
2490 8901
385 8418
4863 7370
4423 3513
6174 91
414 9052
7534 9755
6174 8918
6657 125
8711 7650
2892 9202
-1
6821 4102
125 6734
8227 1293
2803 3634
7685 1223
2906 4708
4921 2461
4056 7534
3557 6766
1634 7685
8418 636
6694 365
2490 7287
7370 1085
508 6766
6694 4727
2803 2790
4102 1256
4727 1958
2133 1032
3752 6734
3439 3513
4056 2730
389 2790
7761 508
3643 1085
5856 8523
4921 6586
8637 389
9202 1078
2906 4434
9877 2730
2133 7101
5856 898
3206 6070
7761 7753
342 2095
7241 414
-1
5480 7241
8918 3248
4157 4434
4862 5480
6886 7101
8400 3206
3248 2080
713 5299
6730 8400
8765 1293
7111 9612
6741 2080
4674 7976
3793 1626
7994 4862
2095 5301
3752 5896
7660 8765
13 9819
9877 8313
570 6741
1389 1078
6977 1958
5201 1389
6886 8488
3819 4572
5896 2882
4036 5201
7377 4572
6576 3854
8956 7753
155 9612
8313 4236
9039 570
3643 5018
4036 9362
5083 9362
4547 7994
7077 7287
1194 1256
6725 4547
9750 6586
9016 2968
5723 4157
4236 4345
3854 1888
2882 7933
6725 2451
4658 2482
548 5018
1165 3439
2754 898
8488 1294
9123 7933
2482 5861
5727 9750
2754 4861
9263 6566
6247 13
6977 1028
6730 1489
9039 9121
9263 4429
8626 9121
9459 7377
4429 8311
1265 548
1194 8965
5723 9119
9930 5299
1927 7650
4861 7746
2444 6247
7746 903
7325 4345
1767 8895
4546 8965
5301 4695
9930 9810
982 9123
903 7249
2968 1517
6667 5727
4234 982
1517 9741
5891 9119
1102 1028
8601 7325
7660 7292
2444 6049
1626 1027
1102 8384
6365 1294
6667 5504
8601 6926
8384 5702
5702 8482
1489 1751
9696 5861
5504 5438
9459 1140
1165 9968
4546 5393
2451 5466
8926 6049
547 7077
8503 7249
9954 7292
7216 9968
228 8482
7941 5891
5445 1027
410 8926
7216 2703
9109 4234
9954 6785
9741 7085
8503 9190
1888 7854
8359 6926
410 1498
1751 838
4469 1767
838 9990
5438 180
4695 5883
1140 1338
2424 5466
6575 4469
8626 8726
3795 9990
2272 6575
6785 1257
9109 7960
7941 2798
1695 1265
9696 2502
7085 9483
8308 1695
547 5318
3277 7854
9546 1927
1631 2424
2689 6365
3277 8797
1394 8726
5601 1257
7109 180
3889 9810
7829 228
3795 4199
8956 4277
7829 9619
3056 1394
9190 8862
4199 87
87 9943
9619 7769
3056 4012
1646 5883
7109 7919
6292 2502
9712 1338
8359 5592
2703 222
1357 4277
3889 5823
3044 8862
2761 9906
2930 2785
6292 2664
2272 3193
9064 2664
1646 4881
5393 2830
222 4541
4431 9712
8630 9943
9829 9483
413 5823
1357 9008
9220 4012
6820 3044
3806 9064
7919 8192
2965 6820
7289 8311
7185 5592
9008 6156
2029 155
9732 6156
9420 1631
9546 3459
413 5811
5318 6238
7185 5078
2761 4299
4431 4984
2830 8996
6874 4541
-1
6874 5518
8192 6101
8630 2386
2798 1936
5445 36
122 3193
6238 8739
9829 7006
3610 9732
8134 7289
3610 1588
8899 1588
9420 4812
5078 6125
2930 2961
3159 2689
693 8899
9353 6519
474 9220
8739 2625
9011 122
3806 2319
7960 4349
8797 4968
8308 6746
4151 474
2158 4881
5601 7172
2479 693
3159 8848
2479 2813
9366 2319
6107 5811
2386 3654
8992 4349
9840 2813
4984 7478
7478 5136
7172 7909
9366 9173
2299 9173
7506 5518
9840 1212
36 7467
4367 7506
1259 4367
8149 554
1190 6519
7006 3116
828 4151
9011 6513
7957 2961
2029 4186
4740 3116
4299 3251
8149 974
2625 3020
1936 4143
2676 8196
571 8288
3251 6110
6125 1453
6110 8520
5985 974
2158 2986
9442 6746
7957 3069
3074 4143
5136 5687
8286 7467
7909 4457
3670 2299
3670 8148
1283 5687
3069 1075
3074 3528
8332 9442
1453 5565
7366 2986
1970 4457
-1
2552 3528
1970 5708
8286 505
1241 6513
8992 6623
3276 1075
6792 8520
6762 3654
8288 8825
1190 9890
3020 9657
1251 9657
6935 4186
4909 6762
2965 5614
8755 4909
5985 4532
1511 3459
3469 8148
9786 6623
8435 2676
1419 8848
8061 3276
8332 6077
9467 6107
6553 1251
1283 8517
2552 6379
1511 5775
5029 9467
981 8996
2374 505
4510 8517
4968 9777
6792 4091
8217 1241
4643 5708
8825 6262
1419 639
1108 8061
8888 1108
6262 7796
8217 2182
2775 5614
9950 9786
8555 5565
9950 8041
4997 8888
4091 6558
4510 3565
2476 5775
2929 8555
6077 3576
5284 5655
828 9978
7547 9890
2909 4784
7087 2476
2150 7547
6382 7087
2083 6553
9978 6947
9614 5655
1799 8755
208 3576
7646 5029
7796 1892
3565 6554
6379 7456
2929 5888
656 3469
4532 7981
689 6935
6382 7078
2161 7646
1300 2182
208 3460
6558 516
5630 9772
2848 2150
1799 3767
2848 3788
689 1476
6996 6947
3788 6326
4086 9614
1892 5758
6326 8971
6467 93
6554 2376
5758 6367
9910 7981
981 4693
2865 3767
2207 7366
2083 7597
4676 4582
4582 2240
7240 5630
8659 6367
7456 5874
9525 1300
93 7989
7760 2161
9384 9777
2865 1013
7612 8971
9062 1476
6996 1138
6555 7240
425 7989
8519 2775
2207 238
4495 2240
3157 4495
7612 5568
9079 7760
7081 516
7906 238
966 8519
4819 8659
9537 4693
691 7906
9525 1613
1013 8981
7081 9273
4819 506
506 6404
4784 5791
9273 8795
8688 8795
4710 7313
3314 1613
7078 5350
639 7561
7986 5568
735 9910
8134 6507
3157 31
8435 1758
735 2112
273 9079
6404 1267
3468 9062
299 7597
2939 132
7629 2112
666 656
1761 3468
4997 5695
2670 2376
5724 9384
666 2570
1010 2374
7313 9932
1758 2452
8604 6555
4086 7141
8981 2763
6900 5695
2452 728
31 3338
4418 8688
3314 2091
5874 1043
6528 1267
8145 966
425 882
2570 2160
4600 6528
4600 7238
5791 5081
2670 7555
6418 7238
2160 1638
9932 9939
6934 882
8145 4416
7766 6507
1993 273
4095 2091
1993 8643
728 8661
4416 7801
776 5350
5163 4095
8092 7141
6056 1638
7629 7021
4418 616
8661 893
7234 5081
7234 4976
7555 8352
691 8070
3553 1761
5994 7766
7572 8070
6934 3059
8092 2864
7986 3229
9458 7021
7801 9090
3509 8352
6418 7399
5756 9090
4577 6056
3478 893
8604 8689
5756 7856
5724 4963
3593 9962
6273 7399
3338 4996
5994 6687
3561 4996
6911 1043
299 6976
4577 9043
616 2495
4963 4635
7664 9043
4132 9537
3467 8643
1727 6687
6273 218
8411 9458
4226 3561
9939 1986
5163 4200
-1
132 7710
3467 7900
6274 8411
8034 1579
6900 849
6366 9962
2763 612
6366 7703
8034 9007
6314 6911
849 8098
262 3478
988 3553
4117 262
7710 619
7912 6274
8613 1727
6976 4294
5885 8689
5359 218
7912 5571
1654 3229
3944 7856
2495 7354
-1
2251 5359
5387 5885
3077 1986
3059 7447
5387 7040
8613 8293
4562 9007
8108 1687
4635 845
2167 6442
788 8293
5051 1010
3077 6778
4226 1917
5569 4117
3826 7667
9768 6778
2251 3502
9652 4200
612 2225
7821 3502
5987 7821
4526 7447
9509 5571
2225 4923
7572 3042
9652 2549
8259 7354
4842 5987
2864 7556
8200 3042
1654 3227
212 1687
153 4132
7363 4976
460 4842
8694 5051
4515 3227
205 845
4294 6905
2326 7703
6968 7900
4028 405
160 3944
1539 5569
4391 8098
3208 9509
-1
7363 1951
9093 6958
1674 460
4526 7397
7040 3417
9630 988
9630 107
8694 2271
2533 4515
2597 2549
3709 6442
1677 3208
-1
192 2533
7397 6417
5762 107
405 8450
1012 5762
789 8019
2183 8259
2660 192
1677 2378
2183 5437
1220 789
9768 5016
6955 7556
1771 4562
7891 3417
6381 8200
1020 619
6955 3898
2326 3002
3102 3002
8255 1012
5016 7297
1825 212
6968 4914
1917 878
4914 3530
1220 822
6958 5909
8450 2137
1020 3852
8518 2597
3024 2137
205 9307
4745 3898
1947 5909
6381 6400
2351 3024
2351 4524
1825 5691
8350 9307
3822 1771
8255 6010
4399 4524
7891 3422
4806 3826
3822 2076
878 1296
3852 3749
2953 7297
1576 3709
4399 1266
1951 1843
2076 6184
2660 6832
1843 2688
5437 9255
6275 4745
3771 7017
822 3782
3387 1539
6275 8525
1834 2953
5691 8431
2378 3409
5960 6417
3997 6184
2957 5562
153 4897
3749 9187
3238 1296
1266 653
215 3238
8528 9255
8474 6832
3112 5960
4391 1492
3997 8644
39 215
3782 9105
653 4593
9715 2688
6876 9481
1576 2350
9715 2305
3112 1555
1492 6081
2097 8474
1911 4897
4806 7855
9105 415
415 787
8190 6081
637 9187
7385 8190
8431 8550
4253 3422
1911 4063
9333 2097
7385 9897
9321 2305
8350 1427
1947 8584
9575 3771
7784 8525
4763 787
8385 8644
2702 8584
7545 39
8955 1555
8351 1611
1969 7784
3530 8377
8377 996
3102 4303
1834 756
193 8528
5574 193
8395 8385
5612 9321
8550 4854
3409 5383
4854 5365
143 4763
7243 7545
6400 9452
4334 8395
6477 143
5574 7060
4253 5231
7243 269
3881 4593
5383 7791
9050 7060
7094 9050
2110 269
7855 453
2350 7408
5562 7850
-1
1969 6485
1397 9452
518 9948
1397 2318
453 3431
5612 5978
4063 5065
3507 8351
9575 5069
1297 756
-1
3507 7942
2702 4573
4334 1816
8163 1427
211 5365
9058 6485
1198 7408
6114 7791
5534 5069
2110 9705
9727 7850
4419 4303
9727 5838
2090 1297
9333 8649
8372 5838
4573 5362
3574 4419
6477 2842
8955 2234
9573 2318
8714 1816
6114 4339
9573 6898
3563 3881
8182 8714
9422 2234
1587 8163
5231 5813
9058 7176
359 4339
9422 2769
2090 1418
5789 8987
2842 4598
1418 1065
3574 1402
643 8182
7176 2061
359 1578
4598 7430
6898 2855
2061 6058
8372 593
9299 7942
6117 4781
5065 436
8649 4075
3703 436
886 8987
2801 6117
3563 524
7177 1587
2801 9259
2525 1198
9717 6058
4323 5534
9717 7622
2525 3725
2769 7991
2099 3431
7056 1578
593 1870
4075 9137
7865 4323
2271 471
1559 5978
211 8433
1698 3703
2205 9259
3330 7558
3448 7430
1065 6756
5813 7924
9053 5362
3935 9137
1870 2186
6756 2198
9481 9370
7622 4300
3387 6020
637 642
6402 4300
5285 524
9299 1428
5275 7991
8541 4083
3166 8433
3166 4618
6402 8823
8403 3330
-1
7143 1319
1428 8378
2855 3774
642 3901
4513 2198
9370 9692
4513 1595
4618 1019
1402 7082
2205 9201
3935 6073
754 7865
5285 267
6985 267
7246 9053
1019 4099
4099 1757
3448 8275
3901 5508
1595 3043
3233 7082
8378 6712
8824 6020
1757 1467
1948 886
5854 3233
504 3725
3820 2186
3043 4372
3774 844
1467 4190
6331 5275
2719 4190
5508 35
203 9201
2719 3895
643 9084
5913 1948
1319 9305
471 6503
8349 754
9692 1779
5373 9084
5854 928
9836 1779
4360 8349
7246 8281
9305 5877
7342 4360
8940 6712
3287 5373
6992 8824
1250 2099
8698 3895
3697 7924
203 4934
518 3761
6331 4831
844 5041
1559 8787
8143 3761
4372 2212
4934 7119
9836 8558
3205 8281
8558 4797
6992 8677
3791 4831
8403 4886
947 8143
7530 1250
3820 8619
8787 8257
4979 7375
3287 1340
7342 3423
5781 7530
8289 4797
4886 5924
321 504
1698 4308
7567 928
7567 2052
6503 9817
1371 8677
-1
3791 452
6027 8940
8864 8289
5924 6529
9503 321
7119 8472
8275 2846
3539 6027
5075 2212
3156 2052
8485 8472
9817 2179
8864 7386
2846 2163
9395 3697
1114 3052
8059 8619
5329 6985
5781 6904
9032 3156
6466 8257
4283 8449
947 6356
2163 5241
1812 3205
7997 1340
-1
7842 9503
5877 4588
9045 3052
3880 8485
2627 5208
7997 3922
7386 2475
5209 1812
9782 6356
6026 5209
5329 8768
1077 6529
1333 9395
8968 8768
4588 1572
4793 6466
3423 5311
6026 697
329 5241
5529 4283
6938 8059
4090 6938
1572 2632
4506 8968
329 3331
3331 9152
8146 3880
1077 6647
7842 6802
35 812
1333 6932
2667 3539
8541 6343
8146 6458
9782 1708
6647 6190
1877 5075
2055 7375
8660 697
7841 5208
5913 3259
9045 3368
3014 2632
3186 6190
3922 5123
4506 5117
3259 3272
1268 9032
6458 2594
8660 1106
8239 4308
3272 5816
4395 5117
6583 1268
2758 2475
2055 3472
5123 5345
5529 7834
3068 5345
6917 2594
1106 2556
2667 4265
6904 857
857 1972
3368 986
9398 1371
4664 986
9498 2179
5213 7202
4090 294
5731 7841
3891 6932
5311 8414
6772 4793
3186 9524
6078 4395
4265 2568
6899 6802
6343 5683
1877 7352
5213 6060
6583 2915
7381 9152
1972 8374
6078 4290
332 6917
6772 5256
4664 6690
3068 7483
4894 3472
7045 2568
7352 4447
8414 5536
741 9498
2758 6047
5683 4974
5961 7045
3014 7659
4067 7834
4894 2707
6608 2707
950 812
7306 7659
8018 7381
294 515
6989 6047
4789 9524
8934 1574
4447 5692
5731 1185
332 6059
4974 6764
5256 9733
8934 6472
8027 1708
9866 3891
7687 1185
6690 5557
950 2375
9398 9464
8027 3211
7079 6608
6059 6814
2330 5961
9733 3636
3130 7483
883 5557
5720 9866
3211 6352
7687 2571
4691 7079
1706 5692
3399 515
883 4748
2556 5542
9464 136
5704 4748
6153 4789
5542 1543
2915 1490
2330 6064
3130 4636
6233 6899
6153 6308
4816 5988
741 680
3399 435
4138 498
7142 6233
9562 6308
2375 3334
6320 1490
7823 5536
4783 8681
5816 8468
1443 6320
1543 8509
1706 6410
7142 1284
4691 4288
5520 4816
9562 3436
8468 6951
7892 4288
9553 5704
8810 9553
5676 6951
1512 8374
6064 8010
4459 6989
9162 8509
492 3636
8858 435
2409 3630
3630 848
8279 6764
1909 6060
2875 5676
2332 1581
848 3692
681 8810
6472 7983
9162 6250
3692 7588
2875 5615
6806 681
3577 8218
7849 3577
5588 6814
4067 9904
8010 3890
8018 6668
4875 8858
6352 1354
1738 1284
8853 7306
5374 6250
1581 7540
498 4403
3940 5520
8328 7892
7983 3275
3940 9561
7540 1728
9360 4783
7130 6668
3890 2504
5588 9554
1354 3322
1807 3436
6714 1807
8752 7849
6806 9024
9776 4403
8658 7130
4817 3275
9344 9360
2996 6714
2504 7116
2394 7588
1728 7918
3095 9776
5615 4486
1738 3994
3095 821
8279 6456
9554 4688
1512 9800
4688 216
9024 7727
3984 4817
4459 4296
6866 4875
480 8752
2394 2651
5720 2329
8853 5059
8674 9561
2571 2399
4202 4296
1894 2996
8457 8674
4899 8328
2144 7116
7186 3334
3322 4520
4899 5719
7727 2036
1207 9344
480 3917
4073 5719
9240 8658
9928 1207
5059 2285
2329 3035
5738 7823
7231 3265
3695 5738
1945 2651
3917 2800
7231 5579
821 3391
4889 3695
5923 1909
2222 9904
27 5374
5210 2800
8084 8457
2285 9327
9800 2418
1945 4539
8084 302
4539 1281
6138 3994
5544 1281
1583 4486
1583 2619
9327 1895
3984 6394
2144 4470
5544 4637
1477 6394
2036 8396
4326 302
2418 2040
8738 5923
2789 8396
3402 2789
8725 2222
2128 1477
6456 69
3035 8361
5858 7186
2773 2399
69 6768
829 27
1235 8738
3402 1915
1264 4202
2142 829
2592 4326
8361 6043
6011 3391
2485 6398
7918 7244
1235 1285
5439 1894
4073 4481
4889 8170
1915 544
8725 2417
2592 6620
2467 216
2093 5575
1979 2417
1895 973
5579 227
973 2281
1960 6138
2040 8464
1774 2619
6079 4481
9947 2773
1826 9947
2918 2485
2093 6164
1239 2918
1826 4983
566 1239
3659 6164
1740 2128
4458 1960
1774 2841
4016 8464
6866 2561
6079 856
468 1264
4455 227
4983 9033
3981 5439
676 9928
8632 2467
5853 468
1740 7247
5858 1000
3038 1000
531 6043
1158 856
2041 4458
2232 9033
1313 4637
932 676
7118 902
5210 3578
3346 8632
5495 5853
2850 5495
6768 3271
2841 4913
4455 804
531 5432
8170 4615
4913 157
2232 8578
2129 7247
6011 4594
8578 6388
767 6620
9291 4016
8212 3346
804 784
2006 4470
902 2835
2006 5900
1479 9291
9556 767
157 2751
2835 3766
1549 5432
9358 4615
-1
2281 2923
566 1743
6837 2923
1082 3578
2247 2354
4671 2129
8428 6837
2354 5187
129 8428
7479 3766
129 3784
784 7463
3659 3986
1549 1536
9678 7244
2751 7596
1044 932
7427 7463
537 1044
7596 1192
5623 6847
5450 7427
5172 4520
7407 3981
81 1313
3462 3986
1743 304
4124 8916
9225 6828
9597 1082
7479 6619
2041 2753
2753 5947
3109 5947
4928 9225
4454 1979
3784 2777
6463 3462
5390 3966
8212 6640
5390 2666
1158 8117
304 7039
8183 5172
9358 2060
2654 5187
1855 2666
7953 4594
9678 324
9117 5450
3405 6619
5423 4853
3644 9117
5171 8183
-1
9264 7953
7546 81
5456 7407
9858 4671
9647 1855
6388 7600
3405 8408
7047 1045
9597 3912
5171 4268
6640 2214
-1
537 6422
9858 1814
7600 8438
3912 937
2214 9540
3644 195
8408 5553
8438 2999
3957 195
43 4853
1045 4118
9357 3271
1446 9264
8916 5967
8129 1814
6422 2732
5553 1191
3194 9647
7508 5967
2654 620
483 7546
2732 4592
1407 3957
324 5149
4268 3374
9540 2172
1191 128
4928 1424
4118 7768
4645 9706
4454 9150
7318 2999
2131 7768
6259 3109
3185 4189
8569 7318
2777 4640
3185 1813
6847 7343
8614 9150
1407 4247
6351 8614
943 4592
2131 1907
8691 128
5699 4247
3657 4640
5699 1530
5179 943
2852 7039
6283 483
1907 2098
2852 1569
2098 8607
6351 9269
1530 6136
429 1569
937 7264
2464 6463
584 1424
620 9262
5149 4441
6259 8556
8129 5332
9706 7089
584 3146
5448 8569
2756 2464
429 4112
6283 7671
3657 6123
519 8607
8707 9357
1813 8986
1285 7429
3504 7508
1939 519
8556 9268
7264 8470
8117 4370
1661 9556
6885 1661
6885 2259
2756 7943
1320 6123
3866 8707
7429 5166
5166 3740
5493 2259
5038 3988
8015 7671
5493 2170
7943 6480
2572 3866
8238 7343
7802 8986
2572 8927
2827 4370
3146 9013
9013 1436
9269 3824
7706 4112
3915 2170
5377 3504
4441 6211
1603 3863
2940 7706
8238 1818
70 8470
280 1320
5332 9785
-1
4858 1446
3915 7218
1989 6211
2432 8927
7811 3824
6136 130
7553 9785
7811 793
7218 3036
3740 7384
793 2866
3831 5038
6954 4858
9468 6954
8691 652
5320 7384
7553 1766
1441 3036
8015 3249
3249 1673
4436 5179
1818 579
8211 130
3831 4114
3194 4657
5602 4114
5219 9621
5958 579
5361 1989
-1
1289 43
1441 8673
652 8138
9285 4436
2940 6983
2759 7802
3629 70
1435 6983
8211 7720
9325 1939
2021 8138
2385 1603
9075 7720
9262 9832
2792 9325
9708 2827
6429 6480
6549 2021
1289 1255
8510 7089
5219 2644
5918 2385
4039 6429
6549 2013
7254 2759
3939 5918
4039 7822
1255 8322
5377 7019
9285 2458
1766 4001
1325 7254
3374 3903
1436 561
3629 5014
3903 6530
7367 5320
2403 2432
9708 6889
1325 7643
641 8510
9797 2403
4001 4509
2308 6889
3278 7822
8673 4606
6452 2792
7367 1206
7019 6966
9832 4103
1673 705
641 7917
2013 6755
4648 5602
6551 6966
-1
2866 9001
5621 561
5958 4337
1366 4606
8769 3278
3859 2308
7863 6530
6337 3859
7917 9883
9073 5014
8961 4337
9468 9355
1435 2217
9355 7683
7643 1956
6337 4316
3080 1161
3189 8961
9075 9601
6551 2469
4509 4947
9402 4947
3080 8161
6 3939
6452 9096
4103 9533
7863 2141
2582 4648
6087 3786
3893 6
8095 2217
9096 3979
4826 3893
2469 1622
3979 8086
7610 2141
1079 4657
8291 6755
8095 7785
486 8322
1450 486
1450 8053
8161 8039
198 1079
198 605
3918 9073
2584 1956
8291 6353
1800 605
4442 5361
5899 8053
705 9596
7798 1800
6353 9438
6584 7785
1544 2584
1974 7798
1622 4400
67 1974
8116 4826
2458 894
3301 4316
2439 7683
7170 2644
2924 9438
2924 9349
6560 9001
9601 4680
6560 4558
2439 772
6017 4558
5296 6017
-1
1544 8171
6087 3015
1183 5296
4387 5621
295 67
8769 9091
2579 3918
9596 6818
1183 6486
-1
9533 5653
1206 6332
3559 9349
3875 7832
349 8171
7742 5899
8991 894
4680 1617
7610 6705
349 3438
9883 2372
7389 8086
8116 8074
5771 6486
8074 8434
2157 3559
6065 7832
5417 9091
5863 7389
8000 4387
2372 4508
6705 5392
6215 6065
7901 6332
6818 6789
8575 295
1690 7901
1278 1617
1561 7170
3438 8048
5863 5952
3936 8575
9833 3301
5653 1763
7922 3189
3549 1763
1518 1278
1561 8363
1518 8721
6789 1119
4347 8048
1690 8195
5434 6215
5952 8699
5060 5392
8494 5417
8363 6493
533 4442
6493 2796
8699 6548
2157 387
1984 5434
7737 8000
8597 533
4508 4205
3770 7737
159 8434
1680 7922
772 723
6548 3746
387 2010
2582 9876
8262 3015
6419 3746
159 9226
9631 8721
3770 5851
8262 2249
4400 5949
5851 9639
5537 9833
5949 2697
1680 3773
6082 8039
3151 9639
2697 6869
1353 4105
2821 2249
5771 2956
2917 9226
1353 8014
7461 7742
7461 3540
4991 2821
8995 2917
4285 4991
7096 4054
219 4054
9205 3936
8067 6284
9191 8678
6189 9205
2483 8014
3264 8494
1234 8678
8067 1474
3128 4285
9876 1872
3914 1474
3264 5126
8506 3914
3540 2612
6584 9219
6082 317
1872 9046
8597 7171
2113 1234
3616 2956
3794 2010
3773 9463
1538 3794
5184 1984
3832 2796
3433 317
6182 8991
1119 7583
3549 5586
4205 909
6189 6872
6916 5126
7731 9219
3151 4292
3433 3169
4258 6869
3169 8733
278 7171
9432 2113
2242 2483
3567 8733
4883 7583
3279 5184
3567 3463
6916 6188
6182 4057
2242 8641
8195 3649
6872 1201
4258 9907
4195 8995
1025 4292
9432 1247
3279 807
7058 8645
4608 4041
4180 7731
3128 2802
442 278
3463 8939
9559 4347
9907 6468
4855 6793
4531 4057
8506 3783
7887 3832
442 1955
8641 2069
3780 3783
2069 8261
2614 3649
7887 3134
6617 1955
4161 5593
9046 1095
8261 4716
2736 1095
6617 8447
4943 3134
7401 4855
105 4716
979 2736
1556 8939
5421 1247
3828 4161
51 9797
6360 909
2075 8447
7151 1556
7401 467
3780 5443
1655 4943
2755 1655
5573 4195
9559 8124
7058 5282
5143 5421
5573 4150
8415 1169
5538 6468
2614 9444
4156 3828
5467 51
2072 7151
8075 9444
8124 3239
3239 4287
1201 6739
553 9463
8075 3099
8974 105
5143 8471
-1
807 3762
4041 2003
4328 979
4977 8974
3760 1538
3762 3968
4328 1395
5443 1324
7208 5282
9381 219
4655 2755
5586 4766
2932 4766
7591 7208
4365 2003
2072 3110
4156 5234
742 4531
5538 4538
6567 6739
1324 388
4977 5941
3968 9326
1025 383
3500 4655
383 1452
2371 5467
6360 3656
9593 467
3510 4150
4365 3614
9381 4140
5938 3656
4538 9037
5112 7591
388 4972
7635 1169
9563 6567
6803 9933
3535 8471
5743 5112
9326 200
6924 2612
9933 546
6445 1395
5938 2257
8429 2932
3110 3342
3099 7374
3500 5884
5743 4825
7046 2257
6261 3342
3510 2893
742 5540
546 8942
792 6261
5884 9428
200 6893
7374 5294
2181 1452
9176 792
3879 9037
5313 9428
6987 3614
553 9076
723 604
2893 2662
3464 7635
9076 4706
740 3464
4802 5313
4167 2802
3149 740
9563 8781
386 6924
8781 1261
4972 7880
4922 9593
6943 8429
5941 9581
4179 386
4802 2373
2373 4586
2371 5151
8835 4140
1261 3089
9544 6943
9176 8813
2491 5234
4922 539
3181 2662
1305 4287
5347 3089
567 4825
8724 3879
8835 103
6253 9581
2491 889
4167 3317
5540 3958
3535 3503
9387 6022
3304 6253
8942 6357
7434 1305
989 3181
7480 6893
7434 8514
539 5627
2383 8514
2765 989
5554 2513
7512 5627
3170 2181
3190 2765
2383 6890
6901 29
8194 103
7046 9228
3317 2506
9982 889
589 9387
2070 4706
2513 2
3503 7853
144 567
1026 9228
589 5686
2070 4622
4581 3149
2925 1026
4487 4622
7512 6805
5099 7853
5017 9544
2870 4179
7233 5017
8818 5099
2678 8813
1540 7880
2506 3736
2 2216
9982 1630
2925 3268
5294 2053
3268 4136
8818 6499
6357 7410
9221 144
5198 29
7619 604
6126 2053
4136 236
6499 5400
8246 7480
3958 1750
8173 3170
8103 3349
5400 2291
5207 6987
2216 6240
2224 8246
4601 4487
1431 4601
8516 6240
2870 2353
4776 4545
5151 8586
2291 5152
5152 9951
7233 1832
2311 2678
1540 1408
6873 5459
9697 5686
9221 9912
6953 5207
2224 14
5890 9912
1431 2894
9816 1408
8194 1048
9697 4805
5890 2325
3304 1859
6953 1420
9753 8173
1832 2617
9753 1542
1580 5198
5986 6873
3083 2311
4805 6063
6063 5269
2325 7138
2353 4986
4581 6080
5344 9816
8103 4906
8318 1859
6080 935
823 5344
6265 1420
7410 7816
6265 9180
2825 9951
1426 4545
3887 1542
892 3887
5064 823
323 3736
7608 4986
5763 2825
8318 877
3083 6948
9413 7138
5763 9756
25 5764
1580 4076
25 5845
565 1426
999 4076
6805 8800
1694 6948
6445 5161
1507 4906
1764 5064
2408 892
3655 7608
3698 9180
8320 2750
3009 5986
8724 685
3424 1694
5478 7619
4760 14
3698 5929
6538 3009
3115 935
3291 5845
16 565
999 8704
4760 5093
6538 5667
7816 5639
9795 3115
6348 9795
6689 5093
749 3424
323 7736
4201 8800
2236 877
749 325
9756 5784
9413 8441
5395 6689
5639 1835
4201 1573
5784 8125
4857 5395
8672 5667
685 3425
8672 8539
1573 9996
5478 1691
1835 3662
5929 8788
1876 7736
4245 4857
6348 712
7489 3662
9731 8422
8874 8125
5486 3655
8788 5325
8539 8004
5408 1764
4466 3839
4389 7489
4389 7940
9731 3470
2043 8874
9281 8704
957 3839
1876 2643
8004 5661
1048 4885
5669 712
1091 6359
5408 1181
2012 1750
6574 4885
839 1507
8516 430
4051 957
6994 3470
2649 9996
2204 4051
574 3291
7771 6994
1091 3853
7940 9308
5325 9160
8586 3086
5486 5109
9160 6999
5661 9803
5139 2643
5669 1316
7107 9281
6999 2726
1630 257
5461 1316
2916 16
6574 3779
5578 5109
2726 9704
7577 3086
8832 7771
9758 5461
2750 9313
9308 3954
4245 2324
3440 9704
7308 2324
3779 2367
4035 9758
-1
5688 5337
9158 2367
3609 2043
5578 2795
7511 2649
6672 3853
4880 7107
1665 8441
3026 4035
839 1896
3954 1642
8590 1665
5269 4690
2236 2263
933 8832
1896 1723
6861 7308
4690 6751
7577 1117
8676 933
5772 257
1362 5161
6071 7511
6071 5066
8676 4440
1755 1642
4880 4585
5139 3078
7011 8590
3220 6628
1362 3599
6751 7108
2820 3599
2294 2795
574 757
5066 1716
4214 2263
1041 3026
1133 7108
1117 6203
1056 2820
330 9158
4440 5533
8814 1723
3440 5057
1716 8898
8898 5649
3941 1056
3078 308
308 6843
2904 4585
6203 926
5761 757
1041 1060
4267 5772
2204 770
6241 2916
379 2904
1133 8273
9803 5056
3519 6628
5761 2952
3941 8608
1755 5749
7011 8693
9313 4309
9638 2534
770 164
3380 8814
6407 6672
1146 430
2534 9266
164 8397
1401 5533
9754 6843
9754 5914
4762 1060
8273 2338
5057 2054
9888 6407
4214 7911
2338 560
9244 1349
4267 7574
7911 4774
9940 1146
6673 3380
8933 2952
3165 7574
3519 5183
330 956
8693 2634
2012 3188
4353 1401
4762 253
5020 8608
7420 8397
6241 5821
379 1036
9393 560
5183 8001
9888 6294
4916 4774
9272 9266
5821 7883
4172 2054
8001 2544
6861 8919
1288 4172
759 5954
7042 5914
956 1485
5737 6673
7614 4353
6594 8919
613 2544
9940 6921
5056 8729
7609 5737
5749 4413
3188 9529
7042 3150
8719 1485
4916 4866
8729 3420
9393 2322
3228 9272
1778 3150
802 7883
8719 7277
3165 2459
8933 8336
4896 926
8484 4866
6921 3845
9504 802
3420 5907
4413 6678
7609 5460
9529 5104
7277 1472
5875 9504
6294 8687
9668 2459
7741 7614
7741 1802
2760 2322
3106 8336
613 312
5721 9244
6612 3228
7412 3106
9668 1873
3119 6594
6635 8687
7533 9667
4761 7412
5337 7223
4217 6678
3328 3845
6612 8990
9711 9667
5875 3862
3210 1288
5907 7184
1873 2364
8484 2958
2274 3862
4217 5475
2709 7223
5649 3946
312 7163
7302 6635
1036 2607
7163 6735
7568 2958
6781 3946
1472 2546
6870 2709
9316 3328
949 9316
6437 2364
5840 2634
1802 5233
9688 5475
7568 3546
3337 5233
6777 1999
535 8990
3058 6024
3210 762
9047 6437
4761 7368
9047 9863
253 901
4309 7599
7420 960
9903 3058
3626 7184
9867 960
2274 9721
9711 4259
2607 4382
540 7302
1104 7464
9867 3178
6870 9664
4259 8685
6175 5721
949 8709
3178 9465
5052 8685
1352 629
4033 9903
9465 3920
1104 9363
3434 6735
3626 9608
5840 9019
3434 5827
5460 1232
8709 6699
4382 4839
1231 4839
3337 7193
5849 7368
9721 4229
2760 5548
3299 9863
5641 1352
9664 6723
8346 6723
9688 8295
535 4463
3571 9019
1231 1584
1584 521
1232 8489
4229 523
6393 4463
861 5548
6781 3594
6393 5728
523 6652
1486 8346
5052 4827
9608 7164
6727 3299
861 4837
8946 6652
1615 759
9363 3293
6563 5728
7655 521
1815 901
3313 5849
7137 4827
7137 9009
2346 2404
540 7663
6699 1002
1486 7723
2546 8588
7053 1002
6563 9645
1815 7636
1351 3920
2404 9379
1351 21
4521 8489
5247 5641
1999 9870
7164 7359
7578 7193
226 4837
7599 3778
7723 5019
8416 9870
7053 725
8946 3869
1741 3293
3594 8137
8845 7578
1111 9009
2729 7359
7105 1111
1741 247
6545 226
5827 4266
247 4376
6727 3900
5333 7636
3900 8444
3313 4919
5000 4033
8137 2715
7179 8416
4521 1516
5000 8005
3137 9379
421 6175
5247 1786
3212 1615
8295 2886
3137 9587
762 4034
421 5120
9566 8444
-1
8845 3674
4376 6504
271 5019
853 3778
1786 5972
4394 725
4651 2886
6570 6504
5972 1749
271 2349
7663 9813
9587 2034
6306 3212
3566 1516
6213 4394
9192 7179
4266 3145
6846 9566
1493 4651
21 4652
2729 4092
1749 3017
6306 618
8160 7105
3145 1270
7655 5919
8160 5175
3372 6545
3281 5175
4007 3281
4007 9055
6680 9055
4919 1967
1493 9318
3869 1277
4034 6157
1277 4507
2419 3674
-1
258 9813
2984 1270
1931 3566
9752 6680
2030 9192
6213 4146
5277 7339
8679 1931
5552 2309
3017 3161
5291 9318
2984 4081
3285 8005
1713 4092
9377 1713
9669 2030
77 771
4507 9275
5353 4081
5291 2794
9377 1636
9641 7815
3285 731
9669 4628
4628 6658
2211 9752
2349 4715
258 993
4840 4146
5037 6658
5037 6897
7033 2034
1011 2309
8700 6897
6812 3161
3385 7033
2468 771
6846 3302
4715 8712
8712 5494
1067 618
7815 2215
7875 9275
610 1011
8679 9934
3385 1411
2518 5353
8008 4840
6570 8185
2215 7217
8799 6002
5618 6812
6002 3970
7406 5277
5333 2623
853 9383
2518 4822
8455 2211
9571 8700
277 1831
9645 1571
8388 8455
5919 8621
2884 8008
8680 2468
610 7518
9383 7409
1831 8033
2715 1035
1067 1671
9603 1411
1967 2746
4951 9571
7864 4652
7518 6819
3396 7409
9989 1571
731 8908
6819 3847
9989 6260
4939 2746
3970 2087
2630 8908
8505 6260
9603 4682
3847 8599
825 8033
5398 4822
4848 2623
3501 4848
2360 5398
1035 6763
5494 8121
683 8388
8680 2943
8358 8300
2671 2360
8599 3848
4682 240
2884 5008
4951 6338
8505 7393
4639 825
4939 9074
3848 353
6810 5618
8462 7962
9500 1066
7775 8358
2541 114
-1
8865 7962
3396 9837
9827 6338
1115 8865
9884 2630
8280 3372
2087 707
353 9848
707 6245
5008 7197
1115 8113
9827 2023
9884 6433
4580 9837
1671 2868
7197 8284
240 8984
2786 8113
9848 940
1174 6199
7217 8886
8121 8552
940 1545
8284 6476
5120 7595
114 1904
2023 3118
9232 3118
6461 1545
7393 4729
1047 8280
7406 3985
6307 6245
6199 5903
2943 9127
1904 237
7135 1047
2786 5203
6763 651
3651 4580
2868 9536
4293 9500
7864 9484
3651 7656
7402 9127
5079 8886
8185 1321
7775 3370
3232 5079
3985 4579
237 4981
972 3370
2121 7656
3445 2465
8312 6461
433 3232
887 6307
8859 7135
7526 5203
7595 2520
9484 6414
8552 8316
9232 9196
9212 6476
5463 5903
4973 6414
3122 993
7931 433
7224 752
5322 3122
972 6161
7526 190
175 8316
5545 7402
9212 5561
204 9196
2465 1375
887 344
8312 7884
50 7759
126 5322
2739 190
4981 7044
6491 6161
4579 7910
7877 6491
4729 3802
7007 7910
2739 6875
7372 4973
204 9993
751 8859
2306 7884
1375 2265
6433 4327
880 7044
880 9206
530 3802
344 8623
50 95
4443 8615
4472 752
5271 8984
1854 4443
5463 4735
9527 126
530 890
751 4261
4293 8935
9536 3650
5263 4735
9814 890
7877 2102
1399 7007
4639 5385
2102 2656
9354 2306
7931 4859
2121 9335
3465 5271
5317 9206
-1
2520 1709
6875 9602
2255 5263
8623 2312
4242 2312
7486 2255
175 5917
8052 6810
95 1513
5700 5917
4225 8052
9335 2153
4242 843
2108 5545
9354 3066
6799 7486
2153 4122
580 3465
5700 4329
8383 4327
3650 4719
1172 5317
9134 1709
1172 4324
4687 2108
1176 2731
5385 5262
4225 9661
3066 3456
7093 2265
6858 5262
4962 9527
7023 3456
7174 4767
2656 8087
9814 9967
4122 1107
7203 9134
9967 6044
4472 5718
1854 5598
5981 5718
6034 9661
704 1321
6105 704
6044 8413
6105 3329
4324 1031
4687 4298
7174 7117
9902 6799
9846 8087
6464 8935
9846 3045
4962 158
964 1513
1327 4859
1236 5981
-1
3661 1107
8383 5558
843 3295
3295 3153
5610 4261
5297 9902
8686 5297
4280 158
3661 7400
3045 3243
1714 7117
2494 3243
1772 1696
2494 4072
7937 3329
9602 1594
6858 4211
1804 1327
4528 7093
1696 3789
1399 3993
964 6459
4964 4298
7070 1594
5598 4605
6321 4719
4210 4211
5012 4072
459 4605
3153 8967
8967 5510
5769 4210
8785 7070
1531 3789
1384 580
4518 8785
5769 2530
1382 7372
7637 2530
6034 3554
7569 1031
7400 1279
7569 4278
4518 7148
459 4079
5942 8686
3993 8156
7148 3735
-1
4280 583
6232 7203
7156 5558
2558 5942
8386 1714
4964 3305
4278 6512
3305 2195
6210 6232
3808 3735
9012 2558
7156 3345
5205 4528
4079 6711
1279 8215
5012 8622
9359 6854
6281 6459
6711 714
419 6512
1804 9129
1981 5510
7637 5666
8386 6595
6210 7848
8511 8570
9012 356
-1
8716 714
356 5502
5666 1805
6526 1981
8716 3608
2195 2799
6281 8581
5449 6464
9359 7507
7300 6321
3345 4731
6383 5205
1805 2817
5273 419
1176 7697
7507 5860
2704 5273
5449 88
3808 229
1712 1236
1648 1531
1382 529
7937 8271
8581 9851
-1
6441 8156
167 8622
4731 984
6526 1456
1504 984
1504 4927
9141 3608
6317 2799
5860 254
4042 9129
8002 229
8454 7300
583 3827
2577 8215
2576 2817
4042 3027
9628 8454
1456 3693
3139 2576
1712 6536
7593 3693
8002 3943
7697 6962
6962 7758
2577 4097
6441 8230
4241 8230
3139 1227
6383 1482
1451 88
1482 1864
9141 5846
3913 5502
473 167
4675 3913
9738 6595
170 3027
7872 232
7606 1227
1621 8511
1621 184
9825 9738
6489 9851
1451 3000
232 2421
4030 9825
9774 254
8807 3943
4553 9628
4241 677
6587 2704
4106 1648
4675 608
7593 2279
446 6587
6489 1737
184 4958
4607 608
4408 2279
3605 4030
3663 170
6413 9774
3663 1678
161 1737
3548 446
1864 2843
677 6573
6536 5957
161 3297
4408 6928
7758 2202
4553 9861
3297 633
4489 4106
1384 1616
2843 7373
919 3000
2421 594
5957 7255
8271 1637
133 6928
473 7165
7210 1616
7606 9188
6300 1422
6413 7114
3951 9188
133 6128
7165 2516
2202 7947
7987 6317
6128 5272
7114 7810
2516 7113
4489 9610
-1
3414 8807
594 3174
4958 4207
3605 9835
7158 1678
7810 9311
7158 4945
1501 633
6573 884
4927 3792
1923 4207
1987 7987
6710 884
5865 4097
7745 5846
3174 4634
6644 5865
3327 7210
7641 9311
4945 9453
7947 8880
4809 3792
9247 1987
4809 2446
9610 8026
3951 4077
7528 3827
1501 2132
7373 1645
7745 3550
7255 7497
3144 6106
1745 4634
7113 2173
6644 9966
7129 8026
345 919
7005 6960
6135 3327
3414 2580
3197 6106
9100 9367
7242 9453
345 1463
7497 5613
4798 6300
6710 5541
7129 3790
83 2132
6729 9966
8606 8880
6236 7641
5541 6581
9142 7005
2891 2448
8047 9142
5613 8758
4295 3550
5962 1923
6581 7684
9239 5272
4139 83
4798 4552
6971 1745
1991 4295
6221 4077
4570 791
1991 7073
4552 270
1645 7266
9373 270
9643 9247
4570 7061
8356 7073
4864 6221
8790 7061
9835 8663
8663 4380
6236 3618
1940 1463
8356 3911
2448 6773
7528 1413
9643 363
3197 9300
1205 3911
1205 2377
1893 8758
8723 6971
6497 8606
7242 9773
8790 9298
2738 8723
9773 1381
-1
9026 6773
3378 7684
7438 2009
2710 4380
3554 461
9298 9208
316 3378
1287 9026
7190 3790
2674 3618
2152 9300
6270 2738
-1
7848 470
6495 9861
4912 9879
2009 7043
5629 1940
951 2710
2152 6937
5820 5962
5820 4125
951 7083
1893 4191
1903 1287
6606 2674
7083 4702
6497 6632
9595 9100
569 6632
9208 9775
8047 549
8189 9595
5945 461
6270 3063
569 7326
2377 4412
549 7897
4412 101
4864 3140
6363 8189
7326 2548
6363 2823
2548 4629
487 5629
6745 6495
281 4702
875 316
7755 1903
318 7897
8979 7755
3063 1216
1381 9361
9775 6902
7698 4191
318 5996
7266 3311
646 6902
6937 4490
9130 4711
5125 4629
2823 4733
2028 4139
4733 1080
6606 4233
2764 3311
9361 5309
8979 6984
8302 7043
9722 9373
5547 1080
4711 4949
6579 2028
8209 5125
5547 1142
4233 9435
1637 7682
8011 9435
7620 4490
6853 5100
-1
7698 2998
8011 1151
4064 3140
6579 7144
8045 8302
7190 7935
6303 8045
6984 6068
1167 7935
4125 2559
3492 9722
1167 7552
263 7144
3288 7552
3921 1142
7620 1244
5996 1591
8094 6745
3754 1216
8207 2998
2333 6697
8207 6289
281 2639
6068 6783
5309 8611
2764 2246
6853 7448
3288 490
8611 4720
3410 4949
1151 7500
2489 646
2489 1527
5984 7500
2639 1403
2018 7448
3938 2018
8209 975
8571 6303
9927 975
2600 1527
9238 6783
6697 2793
6748 9879
3921 1089
7657 2600
8204 490
7682 7168
9767 9927
2954 6289
4554 9238
2954 5050
8571 6496
9249 8094
3938 2254
470 9889
7388 5984
6329 6748
1403 9764
9171 8204
2436 7388
1244 1480
3492 466
8467 875
777 263
2621 5050
101 576
8467 5288
2602 9767
6865 1591
9171 4564
3410 6173
1656 9764
794 2254
1364 794
6918 4564
7861 777
2602 5180
3754 9798
2948 7657
2436 2191
5920 6329
1089 8153
476 2793
9124 1364
6865 8513
6325 4720
6607 487
9124 3289
7851 2948
5726 476
623 5726
9249 2774
8513 7934
3421 6496
6173 5321
4318 1480
7934 5154
2559 4871
6930 1656
7861 9462
6607 1867
2982 5180
3175 2191
3289 8766
4869 9889
7168 1329
7888 466
4871 7470
3175 2302
7252 5920
9343 7888
8766 513
2982 2690
6325 4249
3723 6930
7851 3600
4318 4950
576 2027
2713 5945
4249 1177
5422 7521
1329 9680
6096 9343
3637 7521
5668 6918
3244 5321
4950 2140
5288 8023
2621 4888
4653 9380
5243 5668
3600 8240
5243 9447
4653 3873
2246 7194
2889 6052
9447 4430
9798 8884
6767 3637
2302 4614
4187 2140
8023 1471
4554 7913
4385 4614
8567 4197
4385 6209
6116 6767
1789 8240
6096 176
8153 4542
1471 2056
7913 5202
3973 4542
8884 78
1789 7080
8655 176
4187 1249
2056 9136
8012 1249
5257 6116
9136 5002
5305 5202
8567 8635
-1
1867 1658
7194 23
9886 78
5154 8794
623 3623
2713 978
5254 978
3421 6449
5305 8479
4739 513
7080 3971
2297 5966
8012 9436
9680 8292
3453 3623
3723 7693
6181 23
8600 8479
6449 4920
3873 5948
2628 6052
5257 8285
2628 1341
5605 5254
698 4888
7809 1341
6181 1711
5948 6804
9388 8600
3244 9080
4184 5551
5551 4623
6021 3973
7433 6021
8534 6804
3684 1711
8534 9146
5770 9886
9146 1666
1298 8655
7592 1666
8073 3971
8794 5746
9436 5619
9388 309
2728 1204
4623 4697
5966 868
8635 4559
4697 2145
1658 5780
7252 9946
4559 9278
3453 9841
8653 5619
9080 42
9278 5637
5453 9946
8292 1260
1204 5124
2084 5124
5780 5170
9841 6142
7433 6454
9716 5453
8497 7592
4320 4739
4307 868
4430 7971
9319 4320
3730 3684
615 8497
8653 6855
5293 1298
8175 6855
7603 9319
7603 8054
5963 3147
4920 447
7470 1510
100 4869
6454 5331
2145 9295
7717 5746
8175 6800
4307 213
7076 8285
9295 4238
2084 231
4238 8560
5331 2256
1910 615
7076 7482
2327 5963
9271 42
9716 7338
7166 6800
12 2027
5637 8839
7482 4145
3419 1260
7338 8496
9920 4145
7717 2819
2327 6033
6142 7696
231 3583
4591 8054
698 8297
3708 8496
213 7773
7696 9925
447 2345
2650 8560
4663 1162
2922 8839
6482 5170
2256 3801
100 396
3775 4663
309 2221
2819 9082
9920 7735
4591 9214
7166 9514
7575 3801
7860 3583
9925 4549
9271 3486
8969 7773
7860 1052
7575 2124
9214 5937
1910 6072
8306 6072
479 2221
5511 12
5937 3813
7462 3813
2345 2595
5412 9572
8583 5293
3586 396
9514 8720
2772 1187
6146 7462
5711 3775
1097 1187
8073 1566
9082 1361
6146 98
2595 5810
6482 2289
1566 5178
6214 1361
9185 5711
9277 8720
5583 5770
8297 7721
2400 6033
8969 5429
7735 9102
98 3173
7548 3173
4990 4549
6423 9102
8583 8225
8960 8306
7721 6965
-1
9216 8960
6036 1510
246 5429
3021 7548
6666 8225
7585 4990
7809 1726
7808 3708
8750 6423
1378 6214
9690 2400
8407 2922
1604 5810
2844 1378
1097 2136
6997 9572
1124 3336
7154 9216
1604 6035
4330 9690
246 5063
2897 6666
1052 835
5933 7154
5511 454
1726 9676
9617 7585
1124 2691
2136 2946
2650 5572
2104 2691
5063 8119
9807 4330
9654 9617
1791 835
145 454
340 8407
635 5572
2422 6036
7549 1791
9676 7509
745 7808
7549 9446
8911 5933
9916 8750
45 6965
6439 3021
3486 1551
2897 5797
5583 953
6997 6304
635 1752
4948 8309
2289 7613
8309 6040
745 5137
5178 9629
1930 6659
9807 9114
6633 8911
9916 9015
8786 7509
1930 922
9419 5839
2470 8786
4263 2844
8341 9654
8913 9114
7613 5663
2601 2470
6439 5006
1902 2104
5006 4807
9446 9558
4800 5797
1425 1902
9558 5473
6035 790
1883 8913
2601 2640
790 5468
1123 340
2422 7560
4263 8020
4482 6040
4684 5468
1380 6633
4684 2486
8020 333
1883 7867
-1
6304 412
2946 8186
7560 8943
8119 4471
2486 347
672 1752
3461 4471
333 3534
9784 9015
7288 4891
3730 8650
392 5473
1425 9030
9030 6462
5605 5364
8341 7465
4482 5831
347 4256
3461 4375
2500 3586
8943 2243
2640 7004
412 4313
3534 9473
7149 2243
403 672
392 3724
4127 2500
953 2743
6671 5831
1629 7465
8133 4800
5327 7004
8186 650
650 9580
4043 7867
8368 1380
4891 534
6462 1537
6671 4565
4256 1650
9636 1537
5940 9303
241 534
3916 8133
7314 4127
9419 862
5327 5182
1123 7662
5940 3198
4405 4313
403 7310
7662 2698
4604 5182
2698 2883
5567 4604
32 3916
1809 922
9473 9437
8666 9580
79 8666
2883 9644
5119 4565
-1
7488 1551
241 5230
7523 79
5742 9644
4630 1809
4043 7360
32 2237
3724 2454
7605 5137
9636 4311
7939 5742
9185 7012
2237 2280
1629 1794
6196 7939
6137 6196
3579 9437
1650 6448
8368 7349
7472 6448
9784 5581
4171 4405
9543 862
1794 9087
9548 2127
7012 5130
5364 4694
239 5567
7852 7310
6980 7488
3569 7349
891 4375
5452 9548
4722 7149
9087 7280
131 5581
3428 4311
7472 8231
-1
1776 7523
4009 7314
5226 5130
3428 169
346 4171
1962 7280
4009 7330
5230 9850
8355 2280
5226 4741
2228 4630
4741 7649
2626 8231
314 5452
9765 1221
1962 7159
7649 7858
7360 4667
3579 8327
1664 4667
2626 6045
1664 8745
7852 7515
6085 8650
6664 2920
6172 6045
8745 5752
3198 8970
5119 2014
6172 1275
7858 7414
3931 2454
2721 169
85 239
314 4660
9850 5094
6311 5094
85 9981
1506 7330
6085 4032
9456 7159
2014 4363
6664 9642
1221 679
6909 3569
5024 6980
9456 1109
4032 2203
1703 8355
5335 1776
346 1410
9642 3025
2721 7311
2169 6311
7605 197
2581 5752
5335 9120
2169 5887
8150 7311
8875 761
2859 2581
2487 5024
1565 131
9120 5555
2068 6835
891 9224
8875 6345
7131 1410
8828 197
8017 1109
8778 9543
2543 8150
3070 4363
8017 4445
8354 3070
7131 954
2068 7468
3931 7431
5264 8828
1703 5447
7794 6345
2985 8354
6716 3991
8492 7794
2235 3991
2203 5342
7414 5402
9746 8778
7774 2543
1565 9538
4660 6392
9994 5887
1506 1105
1856 7468
6015 9607
8638 5264
7064 7431
9981 2074
4231 8492
679 3286
4231 8064
2487 1148
7975 2985
6487 6392
7774 8219
30 2859
30 7535
7535 9476
7188 9224
6015 8591
3085 5402
954 8742
6487 9227
6919 6137
5447 6269
5955 9476
9538 3496
8064 9611
1132 7188
6568 2074
5292 5555
6919 6478
7064 6525
3290 9746
5955 3046
3104 1132
3104 4905
9227 5141
7963 1105
7944 6376
3025 4029
3290 4692
4649 3046
4101 5292
9592 8219
6568 3226
8970 3667
5141 8772
9611 8451
1693 4101
8742 9651
9592 3282
8253 3496
7494 3085
6525 2888
7515 9780
7963 5067
4649 6602
6019 8253
2888 8184
7209 4029
3282 2175
7975 8365
1129 2175
8638 5005
6684 5342
5611 2228
6653 8365
7391 1693
1197 1129
5005 9790
5237 2235
7209 7878
661 8772
6653 9582
8544 9790
9780 8692
4414 7944
9651 2734
5015 5237
5015 4845
3667 8806
3226 336
1856 7992
6602 6038
4209 4692
4025 1197
8692 4616
833 4209
7878 488
8591 3996
4414 7587
4794 6019
9582 6609
8806 3142
7992 4829
275 2734
4829 1100
6609 4306
5611 753
5881 4616
6684 40
3142 7678
8912 7391
455 9994
8409 833
4025 2901
6709 661
5697 1034
8082 8022
8409 1465
4306 3855
8184 2684
9138 8082
6676 2684
6478 2420
1148 8390
9338 4905
2901 2025
455 785
-1
6691 7678
5881 7066
4845 4946
9138 8962
7066 773
1252 275
6709 7651
4946 5660
6691 7123
3286 2926
8158 4794
3865 8451
5634 5697
773 8836
475 5660
488 8007
8962 53
7651 68
5634 3810
7782 7123
3810 5608
8912 7422
7419 5608
8390 3796
4609 9338
7027 3996
8762 3855
7494 9547
8836 9342
5716 9342
4873 1252
53 243
7035 4609
1564 68
3796 5300
4873 8294
8158 6346
6809 6346
9713 8762
1100 2223
8007 9770
2223 1021
2395 5716
475 3034
3865 3155
3162 6990
9292 3034
-1
9713 9328
5349 1465
9770 8410
9547 5754
336 5946
6603 7422
785 6544
1122 7027
2538 7782
8162 2395
1481 9071
6737 5754
3836 7587
285 8410
6990 7793
5349 8952
3318 7419
2926 1312
753 5106
285 2457
3836 5516
6798 2420
6894 6809
2457 2284
2463 6676
6603 2050
2284 6470
2463 9703
3318 872
1564 9242
5106 961
6293 5792
9781 7793
2669 5300
4046 8544
3904 872
3155 3381
8952 4474
5410 4046
4747 5946
5628 9703
9328 3444
6470 7644
9847 3444
9279 6293
8191 6798
-1
2094 9242
3381 2744
5204 7035
6296 9781
6544 3953
9847 7689
3241 2050
9209 2744
4747 8830
5628 8080
-1
3241 4116
5674 1021
5674 3812
5516 4931
3310 6838
4965 8080
831 3953
243 6369
831 4428
3310 8951
6369 6457
908 8191
5492 9279
908 3685
5441 8294
4123 2669
6457 9522
3741 2538
1393 4116
961 2573
3812 3804
4123 4846
2573 1488
1393 1245
1505 1488
7544 603
6737 4534
5290 5410
2682 3741
6296 3221
6572 8830
3221 5739
4517 1312
867 8951
8978 5739
1865 1122
7034 1245
2094 3362
4517 7003
721 1505
4771 5290
1481 6333
495 7034
5204 3152
3904 4938
3804 6335
2103 9292
9195 3152
3362 4121
5441 5142
9000 1865
4428 5253
7644 748
4931 1899
4371 1899
6572 9337
9531 748
603 15
7262 2103
7262 5386
15 9913
4504 9000
913 7003
913 1686
816 9209
4938 1996
4965 8543
6371 5253
4371 8557
1344 5121
495 2807
3303 5492
1996 5227
8301 9522
8978 5517
5121 9204
8301 9986
3685 8104
8456 867
5682 9986
6335 6797
92 9913
9531 4808
8104 6339
4080 4771
3560 5517
2633 3267
7268 3267
5211 6371
8220 1686
5368 3560
9337 5274
6637 9195
8557 9385
1567 6637
721 3592
8167 816
9515 4504
4987 8391
3048 4808
2057 8391
1567 8477
6923 6333
497 2682
382 7268
5227 9576
5824 4474
401 5386
3733 92
4121 399
3733 1314
9385 5675
7267 5824
1081 5675
401 671
3048 1868
7055 7590
8887 382
399 4019
4534 9965
7719 5211
497 562
7719 3258
8834 2245
6923 4810
4221 4810
1929 4019
5368 1521
3949 2433
9515 4196
1314 6001
8477 7106
4080 3588
8834 3111
4196 7189
6288 3303
9025 671
8220 6688
5682 279
1081 5089
9025 4437
9449 2057
279 1676
115 7055
2130 9576
322 4437
322 2927
6001 8852
7767 8167
5089 6540
8387 3111
2927 6903
3240 8887
7106 438
2130 4960
4008 1676
3258 1358
4366 7767
9211 4960
4317 4705
8387 3603
6302 8777
4221 7908
6791 1521
6903 3256
1688 4008
6791 8515
9204 729
7333 7189
3320 6540
3256 6795
3603 2749
5278 7333
115 2857
8515 8097
-1
1849 1688
4366 3473
7908 3860
9684 6797
2857 3669
729 8801
3498 8456
3669 3172
5054 8801
6288 9403
3473 9729
2749 7695
5054 6428
7267 1063
7028 3498
3949 9451
9965 1099
8852 2992
6176 1868
3320 2783
3592 8980
472 9451
2716 472
824 6428
1929 5479
1586 2992
9560 6688
6176 6225
1130 3172
1358 4464
6795 5658
9964 5479
9763 5278
9230 2716
9763 3743
7691 562
7695 8701
2547 3860
899 1586
6654 727
9729 4713
9560 1769
2783 917
3743 3347
4464 2073
3962 727
9802 2073
9802 5376
4317 2154
5376 2988
1849 1182
4713 8476
824 4128
9482 8980
8097 510
9896 9449
9403 2363
9896 1200
4082 9211
842 917
3240 66
3687 2154
66 5662
7691 5631
9287 8777
2988 7206
510 7348
1952 1860
9287 7145
2004 9230
8701 3525
5298 7348
963 3525
6979 7145
206 5658
1130 9805
8670 963
7452 7028
1487 206
2455 2363
3962 4696
2190 5298
4082 8944
5645 9805
2190 4137
7452 10
2303 6225
3755 5645
4621 1099
4137 708
1200 5341
404 3755
5631 7945
1487 5224
4696 1348
9482 7866
1063 9430
8861 708
8127 7866
1182 9304
3124 5224
4128 7615
9304 8817
2455 5607
8321 6979
4110 8861
9139 1348
8321 9159
8016 4621
5662 225
2880 225
9521 842
3124 6880
41 3347
2117 2880
6258 4110
9521 5471
600 3235
41 5872
8944 5258
4980 2547
9517 8127
3341 9139
2303 1699
9684 1890
1906 9430
6880 7051
5258 9454
2816 404
9659 3171
5394 5872
-1
5394 1618
3687 477
5607 2035
7972 5341
1116 600
3844 10
3844 5701
7972 3691
477 7207
1906 5505
2853 8670
6086 1116
811 1952
7615 8224
5747 8476
2816 5156
8561 3171
2100 7945
9517 813
2024 9159
4786 3341
7207 1368
8696 5701
3506 3765
3829 5156
2024 8342
9351 8224
9734 6086
2718 9454
1292 9734
1368 5725
3333 1173
5835 3691
8593 3765
9952 1173
7604 813
4141 2035
899 6535
7658 8561
9952 7673
6122 8817
2200 5505
1890 8890
8342 8631
7819 1769
2117 6131
2200 8579
7673 17
8696 2528
1725 9748
8631 4407
5521 2853
9351 4401
4407 6053
3143 6131
6535 7030
9991 4141
2574 6053
8625 1725
2004 7586
6200 7658
2497 4401
7030 7296
2497 8838
8625 4476
7067 6200
5725 1949
1592 7296
7586 2791
8420 7819
1679 4786
5521 2589
1618 5643
7700 5835
2574 8502
2380 6122
2708 7067
2708 6786
3681 6883
2589 7099
3995 2718
8838 4669
8394 6786
9051 1292
178 8593
5930 811
9021 8394
1679 9685
8579 8267
6686 3681
4617 90
8132 9991
4212 8132
6615 7700
763 3829
5546 90
8420 4563
1959 2528
5082 1949
9564 6615
8657 4476
9685 6533
7754 9564
3143 1356
7099 60
3660 4563
1038 8267
9021 7562
4669 3477
2791 7692
8900 3660
-1
178 8508
5930 307
5659 1959
3294 8657
2407 8508
4865 8502
8423 307
6950 5659
2185 1592
2283 4865
9051 3758
8487 7562
5747 3386
8535 763
4212 8566
360 3477
201 8487
3758 8398
7692 7312
2283 8985
1070 6686
1921 6950
9675 4980
8423 2316
7921 8985
2185 8270
8816 7754
8816 5023
7312 2387
2991 2316
7000 8270
2981 8890
8735 17
2936 60
7115 5356
9022 8398
3094 8535
5620 2991
47 8735
5633 1038
7245 47
9356 7921
6481 5023
1209 2100
1356 6004
9675 2705
3094 7347
8244 8900
4341 1209
7014 8016
9356 7225
7347 4544
9280 7245
5620 9551
8820 6004
7225 1608
2407 5939
360 1503
3977 9147
9022 1400
7000 6851
6014 7978
1503 4683
2387 9088
2705 7219
1070 2038
800 9147
8639 4683
7115 8959
6151 2936
7824 6481
3816 7014
6851 1920
8959 7765
9742 800
4544 4022
5556 201
5800 6533
3247 7765
5897 5800
9551 3067
609 7219
1608 1460
3294 7140
609 8234
7140 8263
9445 7824
6030 5897
1462 9088
8820 3858
3995 4685
3067 3481
6380 3247
9322 1460
2438 1462
4641 6030
7351 1103
6263 1921
5546 7029
5939 3230
-1
1844 8639
3481 9341
9322 2511
6380 3315
7869 1103
6287 1400
1844 8920
5837 6151
9936 2038
9445 6888
9149 9341
2972 6287
3799 2972
6769 5837
7926 8263
2498 2438
2511 6227
4130 9149
6908 9742
6769 5995
1110 6263
3799 5113
5082 7321
3230 7122
5995 9410
9410 4264
3315 5108
8566 4084
8114 7926
1350 5556
4641 3234
3876 8920
5462 5113
5108 7514
9635 7869
4613 7514
4701 2498
3401 8114
4830 3876
4071 2981
7274 6227
2964 1110
7274 59
4130 9528
4619 59
3234 4452
4619 2321
4264 1773
1918 4452
7122 1478
9635 6863
6390 4613
8244 9616
9958 7978
-1
9528 2831
4432 1773
3340 7029
4022 7640
7783 3401
782 6390
4432 9857
2831 766
4488 4071
7074 6908
6205 3858
766 2771
3340 4915
9207 1920
5911 782
1350 5844
457 9616
6888 9257
3133 4084
409 7321
6816 2771
9207 1233
5071 4915
7284 1478
7859 1918
7726 3133
9166 5844
9280 8549
-1
5642 9936
6863 2861
6816 8373
5642 8870
4982 457
8549 855
409 7520
7783 624
855 9985
5048 268
5462 4952
3747 2964
3975 5911
5446 5048
3062 9257
4952 7974
3283 1233
9700 7974
22 9958
8747 9700
9583 9857
6280 6205
5830 3747
2861 6158
8771 4488
8870 3047
3005 7520
5071 8977
9583 4754
7726 3202
5830 4904
4830 5444
4904 6140
3062 7907
3202 2008
3816 3892
2008 5778
7714 3892
6140 2206
8896 5778
6158 732
-1
3047 8565
8878 8747
7323 9166
7284 7132
7859 5323
4354 5446
-1
624 6510
8373 2833
2833 9545
4624 8565
8896 1830
573 8771
536 4701
8522 22
8234 1017
8878 6662
7915 8977
6662 6878
2517 4624
7162 7390
6663 732
6759 6280
6510 3454
7074 5843
8122 4982
1966 3138
9164 7390
9985 5416
2174 3975
7132 2908
4148 5323
1524 6663
2908 7440
1524 1442
5416 968
6759 5753
7323 8393
2828 8522
5140 9545
2174 3952
9265 1017
6192 7440
6192 1059
5843 8038
1830 1782
6878 8343
7915 8256
648 8417
3283 3016
6516 5753
3016 9095
6516 2590
1821 1966
8882 8393
8248 1821
8538 8882
1367 4354
3030 8343
8256 4966
9961 2517
4148 8743
1442 3458
8442 3454
5140 8501
1059 7998
3458 2473
1367 9963
852 3005
9961 8360
7916 8248
7998 2989
7984 9963
648 1628
7916 4725
4966 5766
3927 8501
8038 2337
9401 536
5766 4473
9793 8122
9265 4356
4725 4815
-1
9164 8072
9869 2519
5222 4473
2473 3135
5444 8780
7984 5566
3642 2989
9163 8360
9401 9061
2337 617
1782 6479
5222 3379
9898 4815
4369 9869
9246 3952
9793 5968
5635 852
3379 4803
3927 1670
5809 3642
1941 4803
6502 9898
968 1143
2437 5635
6168 9246
2435 1628
5566 662
3135 6925
9061 2856
1143 6252
9695 5828
-1
4369 3354
662 2663
3354 6450
3030 7299
5828 6091
8442 6474
9095 2591
6377 2435
2828 9942
1262 7299
6450 5894
5228 1941
6091 6178
8512 2591
5055 8780
7907 736
8684 2663
5894 4751
-1
147 2856
667 4356
2681 8072
755 6252
617 5530
8110 147
3480 6502
6474 7086
628 5809
4013 1262
6103 5530
9942 3590
7838 6168
9312 3480
5055 2282
9894 6479
7838 2273
3360 7086
3360 9542
885 4751
9496 667
5644 7714
5080 8512
9477 628
8110 577
8126 2681
6178 5729
3394 9163
5729 2673
3394 4791
9323 649
5217 8914
8126 7054
6925 5901
2673 6051
9496 311
1770 755
8419 4791
5435 8684
5968 6364
9477 9203
4013 962
1770 640
5694 9203
6377 6974
9352 8419
8855 9352
5694 5384
2273 1396
692 5644
9627 6103
736 3369
7751 6974
2590 5925
640 4560
2437 5133
3432 692
9542 4107
8732 5435
9894 9806
7751 870
8855 4589
5901 9417
7873 9806
8030 5133
1900 9323
9627 4302
9312 2239
6051 987
1900 1968
3117 7873
28 9417
6841 3597
4749 2156
28 5011
2156 4427
5384 3512
8538 4898
2443 3590
6195 2239
3974 4088
8732 818
72 4898
744 1396
4560 1042
4988 2443
1076 6364
8199 7728
8056 818
4333 1968
4333 7295
7350 5011
4438 4302
870 1072
3622 72
5270 885
8056 6066
1076 1310
8804 5228
6860 4427
5925 7837
3622 9519
8507 5217
6152 7054
9505 4438
2292 577
1971 4988
2653 8804
8554 9505
3597 3084
1282 8507
4985 7350
962 4836
4088 8208
7728 3787
7227 1310
660 8208
2921 3369
987 8749
9921 1971
3117 7896
6724 9002
7295 4291
5524 7837
4402 4390
7995 5419
2510 1282
5200 9921
8030 5506
744 4240
5862 6152
9860 9507
1072 7843
9557 6860
9557 2241
3352 8749
4402 9672
2126 5200
499 9672
2115 2510
2340 9507
4291 2261
3084 2942
-1
5289 4985
3352 3731
6613 7227
5270 5993
4240 6163
2942 7316
607 2261
9486 6163
969 7995
5993 7100
1331 6195
5289 8667
1331 7261
874 5506
2890 2340
245 9486
2429 7261
245 1087
9519 9365
6066 2724
2653 1765
7100 3738
311 3131
5469 3787
1798 8667
2890 7265
3154 2508
2429 4940
660 4811
3731 6134
1729 573
5503 1798
7316 9282
3738 2441
5503 6057
4942 2441
1496 1765
2724 8976
8976 936
2296 969
4704 1042
120 2296
2248 7265
5862 6299
9984 2248
2126 7398
8554 5185
607 8791
4811 5539
2412 6134
874 8421
1087 545
7016 9365
4940 5871
873 5871
6088 2412
6945 6088
1980 6945
7075 5360
5206 2115
1887 6057
1980 1722
5245 9002
5266 4942
5539 6527
873 2049
9698 7398
1722 8580
7173 2508
6319 499
8764 936
2241 6933
5245 9427
6896 6527
9854 6896
1729 6243
5469 2655
6933 6276
8791 1901
3411 2655
3237 9854
545 2808
7779 5185
343 6299
1496 3668
678 4704
8783 6243
2787 2808
6276 7750
2990 3411
5496 1901
1449 7173
2787 6223
6973 8889
7813 1449
9955 8421
4304 7779
5405 3668
4255 8580
4113 3237
8764 139
994 5360
8893 9955
5266 1777
1887 8924
120 8265
7843 4956
2990 5596
6319 5969
139 2260
8695 8893
5609 5969
3300 6743
9427 2440
5496 4435
4113 2616
8924 1946
4255 8144
248 343
7750 9023
9506 2260
2120 2616
2440 1494
5206 1406
4956 1845
1845 2829
8889 8401
9023 1432
5477 1777
4435 6981
808 2049
1946 134
9282 9108
3164 5596
678 6887
6524 248
1494 7457
538 3164
1238 6887
3131 871
2120 3888
1238 8999
8999 142
6700 808
7457 7304
2180 871
2180 6420
-1
1874 7813
9506 555
6323 6420
9914 8401
142 6219
9801 8144
6285 9801
9822 8897
5543 994
5543 7195
8592 6743
9418 4304
587 7304
5609 9834
5965 2829
9724 6700
8695 3273
-1
1796 3141
6323 1199
5965 3266
9698 2460
2460 7282
7847 1432
1541 587
3266 3356
7195 528
1582 7847
4511 528
6144 6285
6981 1311
9724 3807
1491 8265
3888 9983
9218 9834
538 9828
7110 9828
9911 1406
6144 7611
3273 3585
7110 5889
1582 8425
3585 1347
7611 5788
9980 5788
8760 9914
4511 3
9984 2484
9911 4270
7980 9108
9418 4879
7133 2484
1491 6823
1541 7730
9804 9980
2566 8760
4005 4879
5477 5873
929 6823
9983 6600
4162 7730
1409 5873
134 9189
2537 9218
8897 6752
1311 9126
8425 7876
4005 194
5991 555
4066 9656
6524 168
6598 9656
1607 3
2389 6600
7876 5651
2389 5414
5405 2779
9492 194
-1
1199 97
4410 1607
8826 8236
6752 5476
1219 7282
6651 7133
1409 7905
2177 1874
5651 6871
9492 9414
4237 2366
75 2366
6498 5414
9488 2566
9488 9808
8595 2521
2885 1796
2854 4162
168 7990
929 8272
1473 7980
6964 4297
2149 5889
7905 5971
4670 9808
7063 2177
5127 9414
5003 8595
6598 3359
5268 9126
75 6008
3713 8272
2899 1219
5127 464
9660 3356
7990 7281
6008 5979
4670 8540
7072 5268
3359 5148
8867 3807
8319 6651
3081 4410
2885 7439
8236 4426
2854 9491
5003 166
8319 4379
674 1473
9660 7232
7049 674
3713 7542
5832 6964
1609 3081
-1
4426 5177
7281 6443
5476 2276
5177 242
7050 5979
7542 8495
5713 2276
6224 97
686 4270
7357 6443
2402 7439
2149 7320
7320 1846
4712 5148
6201 7072
2899 3449
4023 5832
5989 4023
8440 7049
166 1053
7517 7050
4503 242
815 8867
-1
6518 1273
4503 5654
4119 8440
2146 7357
4119 4115
3718 2402
2742 4115
207 2742
7967 207
4730 6871
730 7967
9812 686
3909 9491
5430 3909
6631 5989
9885 7517
6631 2138
4047 1609
8540 276
7820 5713
4712 9605
8827 2146
4730 5102
5617 9885
5160 9605
1846 8290
8495 5679
276 7490
5654 4569
1254 5617
7260 1254
4315 8592
7232 4479
8290 3948
3718 4194
5102 4089
4319 4194
9812 733
9919 2537
7820 3199
4315 7473
2507 7260
7473 8948
5971 1189
3960 2507
1189 9623
730 4929
644 3960
6201 2757
8902 4929
7707 3199
9919 2575
5380 4047
7353 733
8756 5160
6559 1273
2138 2477
4479 3339
4319 11
644 2962
5430 6447
4089 806
2143 9623
3587 7707
3587 5647
5647 4453
2413 4569
2757 5689
4548 8827
6498 2178
7490 6693
2805 2962
5679 6397
2928 6693
2413 6121
2575 7276
8521 5380
7276 7341
2105 4453
6447 1008
5150 4379
5122 2105
5689 8542
4045 8542
3006 2805
1744 8756
4787 3948
1990 6121
3678 2928
1053 9853
9843 3339
2178 9434
3449 3552
5150 283
4467 7353
3683 7063
815 9101
1147 283
102 9843
5146 1990
1717 4045
8736 1744
1858 5122
9101 8863
2193 11
1290 9915
3536 102
288 8521
3552 5096
2840 1717
3536 4893
350 4893
5096 8172
2840 2017
8902 8937
2453 8152
4548 7344
-1
4321 288
8808 9915
780 8863
7153 1858
8736 1635
464 1861
5570 2017
9029 2193
1635 8748
8937 1535
780 9683
1137 5570
6397 1932
6552 1008
5935 1932
1861 638
5509 7153
8748 8904
5935 6988
6559 8652
8043 3678
4665 2477
6396 701
7341 3260
3683 6411
9029 2879
5507 3260
5512 3006
8904 4424
4908 701
5755 5507
350 8278
4467 6511
5146 8773
76 6552
5509 8370
8278 1168
7344 8159
8770 638
8152 298
5045 8773
1168 1415
3053 5755
3053 9156
137 2143
6643 137
6430 1137
8573 5045
4673 1535
6411 1701
1147 6506
8809 4673
1379 1701
4908 3896
4596 6511
2563 4321
3632 8573
4424 6881
2563 6515
6179 6643
4516 4787
8370 5980
927 9853
7002 5512
2082 8948
1781 8043
76 118
6506 5560
6430 2268
6179 7638
3127 9156
9584 6988
1058 6881
8226 5068
286 5980
3632 3397
6592 3896
2879 8922
3127 6753
1203 3298
8491 6592
8922 8473
1058 9083
5068 5251
5004 8172
634 8809
3029 7002
4355 118
8159 9010
927 123
2824 6515
3653 1781
4578 8652
2824 378
9577 2082
4111 378
9718 9584
5559 298
5482 7015
9995 5559
2970 1203
3029 5785
1228 8808
1415 7631
9949 9995
5560 4551
9823 7015
8473 4757
8702 6455
8910 3397
1228 8877
3653 5622
154 4355
3551 123
4596 4160
286 6194
9083 1001
2125 9823
4516 4971
110 7631
8491 7797
2125 6187
5785 3215
1001 2524
4665 1733
4160 6891
2970 7199
8437 154
6408 7797
6194 9600
3129 4551
8910 5474
9718 1469
8213 7199
5339 9600
5339 1242
9577 7985
2983 7985
3129 5638
1469 7532
234 6891
-1
737 5004
7532 4289
4757 6336
7638 5348
7334 2983
2524 291
291 2352
5622 3947
3947 8439
4460 5474
6780 7672
2951 3551
1379 7576
2266 6336
4104 4971
422 9702
2352 9720
1242 5908
9702 8193
8437 8445
9671 9010
5251 7068
8193 9908
9949 1127
8445 7204
5908 611
9671 2067
9931 9908
2267 8702
9532 1127
5584 737
3215 5407
4460 6868
7204 4998
1720 2267
4 2266
4998 500
1733 7870
4289 9399
4753 1
8856 7068
5819 4406
5407 9899
4243 4
1 6249
4406 7161
3542 7870
2806 6249
2806 509
7334 6453
2466 9720
7161 4890
9258 611
6408 8982
1170 1720
6641 4578
1508 4243
1734 6187
991 2809
4978 8213
9532 6944
5638 3606
4111 6061
509 3479
2064 8439
65 4890
5597 2809
4348 8856
2064 4550
9931 3700
5036 3479
7460 3073
6827 5584
4104 2945
1734 2837
48 6817
9267 2837
7460 977
6944 1304
4742 65
9406 7405
2227 977
6868 8088
3700 1322
778 5597
1322 9471
9399 5582
9406 9665
6817 7128
2609 8088
3403 2609
8877 4142
1823 9267
4742 339
1304 6713
4142 921
2551 9471
7212 1823
5582 1023
7672 6564
6641 1118
6109 9899
8214 5036
1224 8982
4348 7840
2227 8412
234 1811
8214 9155
1118 859
5776 7840
4744 6109
4770 5776
1023 5354
4978 2002
7455 7128
1811 9181
9284 921
4154 7576
1170 38
6713 7459
6218 38
3542 6679
7455 1869
6342 3606
2514 1508
9665 9747
6920 3403
2123 5354
4154 4686
7602 8412
9747 4373
364 1869
8718 9181
906 364
6505 2123
3079 778
4373 6130
3850 6920
6717 86
5487 1224
4686 2398
2002 9743
7212 2362
7167 2551
8324 7602
6564 8950
9743 6801
6717 9334
3079 659
8718 335
9284 5709
6505 837
4550 5118
7127 7167
335 5315
859 4175
2945 3323
6358 7459
5976 1365
7127 1550
3640 6427
5487 758
1550 5105
2456 1365
7776 4770
4924 2456
3213 6130
5973 9334
1978 1928
3972 3640
8950 7501
2896 3972
2811 5973
4175 5587
1850 6801
5587 7704
7437 2362
7091 8324
3850 4336
9856 7501
2357 6358
2896 319
2565 8065
2849 6342
220 1850
7279 1978
6703 5709
9143 5105
2641 7437
6453 5287
7776 7830
2398 1437
1692 2849
8683 659
1988 5287
1624 2357
319 2696
758 3325
8683 9957
5774 2811
34 906
851 339
1988 6177
9856 1040
6218 7215
7091 6744
851 5046
5046 3474
4049 6703
7970 8065
3213 1795
5336 2220
165 4924
6679 6465
1692 1096
8843 2696
3325 2615
6556 1795
9155 6770
1596 2220
7226 8843
8953 6770
7378 6177
9116 7215
7704 3326
55 1596
9184 5774
3580 165
6556 1657
4500 1437
3580 2226
2641 266
9501 266
3729 7970
6037 3326
7279 5795
9423 9501
6744 2434
8235 4049
592 2951
55 3680
220 1226
9957 2937
4477 4500
2937 4484
9116 6683
5790 1040
3075 9423
4477 4597
3711 6451
3729 7443
2515 592
7543 8953
3474 938
3476 3680
3075 4050
4050 2748
1226 6315
2615 2492
5790 469
7954 2226
6465 9970
2492 444
4967 6683
9970 7358
1096 7961
3797 938
543 4967
34 5489
6561 6451
3168 1624
6561 7404
9510 5489
1120 9184
1522 7404
2515 2109
7543 9122
4726 1522
9143 3022
9761 5795
119 1657
543 84
4484 1336
6790 9761
444 9918
1006 2748
7999 1006
7358 7862
361 3022
8166 3168
469 6569
4158 6037
-1
3555 9510
84 8648
2109 1897
7690 3797
8055 361
718 1120
5144 7226
7757 7961
6315 6998
1433 7690
5640 6790
9122 7513
3555 348
2290 1433
7862 4556
7513 5324
5324 2737
9392 7378
9392 1875
895 4726
7999 5242
718 7621
5144 6387
119 8366
4248 7738
348 7792
4248 402
7830 8662
5010 8648
402 1295
3665 5242
7871 7443
9530 1875
4224 5640
7968 9918
9194 7968
5733 3665
7803 1897
0 6387
8235 3715
2737 2088
9153 2290
7871 7331
7621 1783
895 2278
8366 6099
3715 8932
923 7331
888 5010
5218 1783
9153 1879
1295 9534
3263 2434
6998 7740
5814 1336
1276 2088
4224 1992
9534 7155
7954 4633
5814 5246
9855 9194
6272 5218
5267 8662
3706 4556
6569 199
297 7803
5246 4273
5283 6099
5283 4847
1128 6272
5528 923
4158 3435
5497 1992
8932 7395
3450 3435
5077 8055
5134 199
5497 3088
2382 5077
-1
8166 9694
-1
9677 5528
3088 8651
7417 297
7965 3263
432 7395
6277 4633
3187 9694
4523 8651
4523 3148
6963 6277
3837 4273
9677 3057
3476 5214
7155 1346
4590 1346
9844 2278
888 296
9855 395
4213 2382
1128 897
6963 5326
7792 3195
5990 7965
9200 9844
3837 5174
9757 9200
5472 0
-1
7740 6946
4213 174
4847 9412
296 7423
-1
6946 625
5267 4220
8337 1879
3148 2695
5326 6005
5174 3598
3598 8717
1171 2695
3398 7423
3531 9757
174 3628
395 7743
4378 4220
5733 6202
1171 6290
3531 7493
8717 9245
4522 4378
5110 5214
5472 1871
4048 1871
8847 6290
9552 5134
9057 8337
9057 1547
7493 9865
5990 9859
6787 9859
3384 3187
6005 5252
4522 326
2277 3628
4017 6787
9670 2277
9865 5665
4590 2092
8847 7121
6599 9245
3307 625
7417 557
1276 5773
2557 1547
6674 3706
3195 9132
3450 3846
82 4048
6395 4017
2657 897
1954 2092
9065 5252
9115 6395
4574 3307
1590 6674
6599 9348
9368 9115
6202 8668
5110 7237
9132 9145
1554 5665
1554 5895
8151 7237
5998 8151
7818 3057
1590 5500
9348 8966
432 9852
9552 1614
7121 5404
9345 9065
7799 1614
9550 9530
9345 5062
8432 8966
6848 326
7466 7818
407 557
173 5773
6848 5280
5280 3572
9852 2781
3443 5404
7495 3846
9368 300
3384 185
7799 3857
4512 300
3487 2657
4575 3487
1084 9412
82 9707
3050 1954
8274 9145
9726 7495
9725 3050
1377 9707
4060 9670
1084 3224
8917 185
3568 1377
3823 4575
2781 817
4512 370
2677 9725
7466 290
4129 4597
6312 3823
2677 2166
3398 2672
9726 2694
9069 6312
5062 9397
4574 230
1101 4060
5500 7444
2166 5458
9397 4014
6670 3857
5088 817
5998 2096
9550 8205
5895 3351
3351 8277
1184 3224
4679 2672
1985 8277
8917 684
3572 9372
5458 915
522 7743
1557 4014
1557 4059
3811 173
1269 2557
3443 1179
290 5255
3568 9862
7890 2694
5088 6256
1269 6098
7902 6670
230 7178
3811 8452
407 3596
9069 5319
915 9290
6638 684
6638 6834
6098 448
2096 9210
3732 7444
6912 8432
3861 9210
8274 1942
448 5391
3732 8112
9862 3526
2980 1101
424 5319
1985 6517
3861 1088
424 8376
1184 6625
6625 9441
6517 7570
7902 3934
4679 1388
5787 8205
3231 8452
7356 7570
6782 370
1094 6256
7178 6969
9290 5086
9709 5787
9441 1417
8112 7097
9838 1417
3934 1935
7890 5678
1088 369
1942 6375
6969 5673
5391 2637
1438 6782
4059 8610
1577 5673
5086 7065
9838 3404
8376 9714
7702 6834
9372 8728
9624 369
2980 9679
9411 9679
5418 1935
3231 9183
522 5859
1179 5107
7228 7356
5255 8307
5964 7228
7097 810
1388 6537
5782 5107
6986 9714
8206 5859
8307 3933
3805 5782
9183 2735
765 7702
7065 2192
8610 4343
7739 3526
8668 3672
1577 4165
4129 3013
5403 4165
3805 3864
2735 1523
8796 9624
6912 1299
8206 4314
2119 6375
1188 1438
526 1094
3864 9663
526 5527
1470 5403
9976 1470
3596 5346
7418 1523
1337 6986
4314 7716
9709 4841
7763 3404
4352 2637
9329 5964
658 7418
3677 1188
2119 328
4672 328
1299 2019
1337 687
2550 9976
743 6537
8796 5768
2550 4166
8728 5590
4055 4343
3933 9154
4166 5188
1386 5768
4168 7763
6246 810
743 9186
1386 6023
5527 2686
5418 8530
3677 4824
7510 4824
7739 3964
5363 6246
7450 4352
7450 781
4672 5167
9640 7716
6436 9329
2192 7899
4168 6706
9154 7805
700 5346
9640 8141
3589 9411
1509 9663
4055 5259
2019 805
6582 658
805 1790
9128 6436
702 5363
8035 7899
2944 781
606 2686
702 5135
3049 1790
3589 9235
7009 5259
7009 489
4006 9186
4764 6023
5167 4257
7449 9128
-1
8141 2344
2210 1509
7032 5590
3722 4841
700 7680
7805 586
586 5992
-1
