5000 4919
2342 4033
4683 4700
2037 1225
3980 1803
3505 348
4973 4393
3469 4453
488 3400
935 3972
402 4111
3204 4401
2825 4793
4994 101
1794 4467
4104 3391
1315 1130
3795 734
351 1503
831 1514
1787 4414
2606 3086
365 3156
3345 1147
623 3986
4730 4785
3232 1948
906 470
4089 2554
445 1202
1157 3447
4152 3613
2873 1848
2594 62
4434 976
2225 4980
2197 2685
2429 1924
1009 2391
3746 3616
1088 3975
3705 1799
2754 1005
3426 2141
486 4134
305 2893
4021 4163
888 2086
157 797
4501 2165
4433 814
200 4387
3564 280
4953 4094
1724 462
3412 3420
3534 450
92 4892
2942 3817
3268 1180
2801 4983
3290 370
4353 818
724 4588
3053 3034
1275 3887
2104 2380
192 818
4124 4719
958 90
2039 3754
565 4214
4421 4075
2052 1647
4700 2891
166 2914
1882 2290
3640 4190
3802 2713
4056 3842
4838 2533
1934 3049
1605 1923
2630 815
4811 1907
1689 2872
473 4624
4284 3171
1583 1178
3083 1293
2375 1849
1752 1847
2156 1506
4597 4430
4375 2956
4334 4904
2357 2851
2522 1885
3582 3432
79 4681
3836 82
3946 2545
3971 2044
3140 2593
4917 26
4204 2583
4372 1337
4926 2641
2685 4294
3982 3294
4333 2649
3306 1910
4603 692
4372 4128
194 718
2994 4920
3125 3880
3685 2744
1664 4564
4135 1466
192 1734
1549 2904
580 4312
1409 4119
3280 2341
4545 1045
4849 3603
3311 3075
723 2898
261 941
2279 4450
4769 3453
4407 4992
1566 4402
1826 4034
3694 4327
4880 2844
1109 1775
4343 2676
408 4645
4445 2663
2268 3835
3466 2074
3811 3239
248 1149
2782 564
508 2977
2637 2887
1296 1725
1877 38
513 1723
3514 3745
4474 1366
1104 4729
4091 3792
612 1436
577 3963
1615 1474
2125 521
1310 1615
2373 2459
3137 4616
4490 3326
3024 710
4393 2690
23 4695
115 3536
4946 4035
646 3285
4194 4692
2099 606
3081 127
370 1865
2939 3464
613 4582
3124 512
2708 1068
1151 24
1533 4323
1394 2090
4206 1014
3721 1555
875 213
532 4016
4577 4911
107 2273
2261 31
719 4129
1427 2484
3175 3390
323 4227
645 977
895 1527
2344 3299
2518 229
1655 3093
3836 3270
3760 3112
3796 2558
2875 408
4774 3242
3795 3076
52 3030
3635 4605
3673 4519
4641 84
1330 982
4301 2579
4377 4232
3021 4958
4306 2934
954 752
1115 4277
4289 220
1924 3917
2883 69
4364 2824
2441 3116
2226 1240
1415 3644
1604 1067
1420 89
3366 4497
4998 2759
2738 1708
2629 182
2500 4633
142 4168
1455 1335
4719 1805
1338 897
2517 904
2702 3131
4807 2011
1208 4137
651 4600
2242 495
162 2399
576 435
882 4952
3346 1448
1125 4832
4741 81
4871 2178
1544 3823
4492 2479
715 1893
4104 1783
4613 2485
1801 1341
1717 4259
3405 3198
2736 2103
2635 1476
2785 4258
2001 695
1077 4917
2803 1779
1882 1407
4764 171
2663 4481
1017 1242
1231 2072
3034 332
757 1878
4483 3215
2329 2990
1371 4401
4357 19
3742 4118
1138 803
1349 4106
804 4875
3124 3364
1712 1714
88 2951
1463 4144
1310 2628
2155 4701
2378 4988
2148 2240
2594 3867
1003 4860
883 461
1486 401
2806 1637
200 1242
411 2710
181 1686
1693 4766
569 1656
4205 454
3892 2016
3942 4570
3590 207
4120 2652
865 1161
1104 4689
596 1062
1921 4877
2332 2452
4521 2185
3636 3804
1969 1832
3337 500
77 4320
4220 4684
1589 131
1465 2825
2668 17
1755 2868
678 3547
583 2224
2300 274
1159 4189
4712 2118
1078 2431
4921 496
35 910
2288 2252
1282 4523
1742 3579
3846 2665
2675 2654
1072 2075
2611 3869
2753 4710
1423 2446
819 4418
3216 303
490 504
49 3913
2109 2658
4661 2430
4703 1713
3374 3591
1886 714
3909 3051
4202 3557
1583 2235
4561 233
2230 2085
2101 713
2244 4620
2351 1164
924 342
1957 2253
2539 1297
2853 4109
3703 25
2404 2146
13 3580
3126 4103
4534 844
2110 4338
2850 2451
2725 3392
3288 2632
3394 2965
475 1254
2181 2605
4933 851
1938 124
4241 920
1713 2475
378 4595
3282 2287
155 1062
978 1149
1029 2102
3786 1827
1584 4763
717 4340
4465 339
4436 176
2187 2308
1325 43
4738 449
360 1376
1683 4446
3017 4966
4507 1530
1066 4123
3996 2775
1853 2052
4651 3579
1645 635
3459 863
4193 2791
173 1232
2696 266
2832 1942
4622 2641
3838 1824
4457 3807
313 3691
1653 4065
4321 1207
4726 679
2158 2150
2254 4730
1234 1501
2379 3321
42 1000
707 2420
4834 557
4634 357
4948 3989
4538 3125
3808 1730
1055 2751
3914 1781
1878 1150
2148 326
3094 4609
671 3363
674 259
1580 341
3508 4271
3813 4554
1487 574
1681 2784
4311 2664
2935 4314
3683 4387
4160 1402
824 4940
3790 1652
4348 1831
3596 3638
507 1154
4550 3457
3799 2360
4663 4237
2885 849
3399 3531
2079 3349
505 534
518 783
2909 4105
3867 1359
4269 548
2618 605
2545 2714
2019 1206
1696 3962
572 1525
1962 3400
661 4164
3253 1934
2880 3231
2995 3105
4477 1424
2092 4656
441 975
186 2273
3089 2138
1851 2997
2785 3104
4630 2343
1236 584
77 699
2084 2982
1492 4109
4987 2753
2918 4812
2054 4560
1470 1284
4196 2809
4224 4389
2993 3918
2633 2203
4580 799
3110 2250
340 3814
3195 167
1431 2602
1498 4948
690 1002
2368 7
4495 1539
4404 2764
4269 209
109 3014
1498 1973
4195 2306
634 2795
420 3510
4591 2697
473 1999
3025 1580
297 180
713 466
4859 2515
802 2316
4679 2339
2595 4290
368 1978
4145 4683
3556 2021
76 3919
1096 1598
2065 1374
2829 304
3997 4842
2078 3806
4997 3361
1304 4055
516 760
4054 1012
3395 3922
4704 4337
1380 3937
2440 4706
4986 1762
1634 1034
2139 3144
4827 290
1288 4422
115 2802
807 2369
425 3604
3900 4312
4165 3176
3095 1520
3646 3027
3462 3050
700 2425
2393 2821
1229 1023
4197 327
3645 4464
2780 622
309 189
2701 693
929 4542
4172 656
1324 4995
4200 2985
1302 273
1786 1327
4216 2693
3756 3036
3617 3341
2345 3298
4779 4099
1239 553
4921 1131
1113 1179
4151 3837
3552 2902
3164 4015
2919 3525
3190 3526
2345 2532
3159 2263
411 1811
4157 2916
2100 2839
1667 3865
437 4073
2779 3623
1960 489
287 2107
2124 796
2938 2954
2217 1557
1919 3823
527 1709
1531 2301
3953 4784
416 509
4904 4169
959 756
4727 1632
4379 3554
598 3254
4818 1496
1669 2992
33 1384
439 3833
4031 1617
897 251
4680 4594
694 757
4976 3122
1216 4558
2510 685
793 1265
68 2765
1662 412
3663 2891
1834 430
3580 1969
3329 3258
3276 285
2749 1240
1421 3365
1464 1325
4945 3752
1416 4097
1523 2888
1970 4136
4452 2901
3317 1366
3342 1419
3145 1039
2288 4138
3699 771
476 2821
4266 581
1991 1897
2460 1166
3943 925
2589 4623
3999 3226
2289 961
2447 3173
707 3549
1611 2826
760 2542
2083 4816
4060 2910
2099 2324
3824 1160
3483 4182
3072 3513
2373 469
2107 4442
3213 1966
1652 1094
4768 1569
3767 3045
1091 2460
2133 523
3810 4322
3575 1004
4976 4655
2090 1906
4781 4945
2892 3153
663 4298
1013 3549
165 4465
3750 2274
1190 1612
2715 2291
1399 2476
2500 3015
300 2619
3922 2781
1343 915
4479 2574
2793 477
1508 3481
3344 2484
3302 925
592 1606
371 468
2071 878
4759 4701
2884 1596
1586 4297
561 879
389 4295
590 2395
4814 2916
4949 2876
3403 4438
1789 3635
1891 3313
2863 1461
1203 2516
1269 3739
284 787
4523 4825
2704 2650
4188 4459
709 3994
2520 384
1143 1087
2212 1820
1639 3413
2858 3332
2297 3499
2125 4978
2135 1183
4557 388
113 3179
826 959
4843 4015
1839 435
3850 3557
2419 2588
628 4568
1490 1905
3442 2458
3309 2437
2095 3537
206 34
4907 4274
855 4799
3315 3734
3627 3299
578 1475
211 2197
1500 3897
2949 2070
4299 1189
2469 996
1327 2535
3214 4527
1629 2582
2619 3187
1941 1796
1479 250
4420 4576
487 2123
3074 4582
2170 4499
4685 4928
3583 1312
3928 1595
2966 888
555 1899
2446 240
4559 1232
4541 832
4008 716
1188 228
4931 4845
1016 869
533 1390
1571 620
1587 4665
1472 340
245 2612
3504 2995
191 2340
4317 4215
800 713
1846 828
3407 4544
4125 2370
4178 621
157 1160
4285 2355
745 4361
640 4754
2620 3772
1483 2766
3832 3828
2267 2674
3080 1638
4036 3180
2229 4957
1019 3951
4453 1889
3386 3841
713 506
1192 4199
2405 594
3791 792
2988 3589
713 1251
1257 4246
1070 635
4114 960
3340 875
3772 3656
4088 4222
922 2703
4617 4738
4315 4149
4203 2096
956 993
4694 4919
548 1613
2614 4305
4212 3493
2876 448
2560 4736
1417 4772
3531 4045
2509 4435
862 4074
636 4012
3473 2518
1280 1753
2728 885
2501 611
3818 660
2719 1707
3813 1654
3952 1114
3945 42
4791 3126
1965 2796
2940 362
3322 2021
4007 4897
2437 3701
3459 1381
2599 941
1515 3927
691 128
1321 2055
195 3977
3066 4630
317 2811
1916 2191
4180 3262
272 3595
1481 2214
2828 44
3654 948
2683 2712
2908 1383
689 2335
3920 3942
3506 222
576 1128
1939 1105
929 720
4215 2067
2932 1602
4575 2841
547 877
1154 282
2970 1271
3028 773
833 4336
2849 4864
2915 4457
1181 4381
3 4002
3805 4274
498 2365
1300 3069
4078 1332
4213 1007
2481 648
4233 3599
1798 1764
1867 1336
4382 3970
2937 44
1433 3113
1733 4820
2398 4913
887 3321
3660 1803
631 2121
3485 2870
3604 3496
3708 92
1756 4604
988 758
3538 3419
4429 3372
2305 1022
3281 4836
3304 3824
4898 4858
4771 4378
2397 1521
4883 419
361 1720
873 1678
4879 491
809 279
2136 3845
2933 4658
2747 996
4790 2320
4051 2845
286 204
3064 973
447 76
759 3020
4562 3003
1413 3430
3099 2104
4618 2868
3335 1250
3956 840
2208 708
964 3251
2823 1553
2480 91
89 3860
647 3936
4293 3064
2390 2259
938 619
1432 1862
4746 4697
1866 837
767 2593
4065 4114
1316 1050
1524 4332
4927 1649
4916 2396
4253 3974
3356 3857
3444 2330
1524 4386
3033 1964
4999 2814
1233 1930
3358 4424
15 2494
1411 1469
1919 4020
4800 3037
1034 2248
2921 3888
1660 1026
3209 2536
4646 2505
2661 2251
3924 165
109 1252
3808 986
3652 4001
2319 806
459 3204
1429 3115
1877 3700
3120 4180
2477 4003
2857 1717
4725 4063
372 1271
2278 1987
3255 2771
856 2025
4515 4043
3817 47
2933 675
717 472
4536 3610
2266 1576
4512 451
3592 387
2153 2682
4162 3634
536 4369
3155 3207
2359 1489
3732 342
816 1052
1439 186
2294 1955
3955 2305
3103 4900
2186 4170
3510 2219
4175 3109
2177 1401
1035 4587
4150 4726
2867 1499
1873 4483
3827 3524
2861 3413
3169 3684
578 4324
2826 172
3624 4756
1328 2010
2289 4456
3623 1100
1306 1214
3750 2489
3611 4621
1643 4853
1484 3803
4116 4160
1757 3280
2775 2818
3417 3323
2393 214
3831 4718
4275 4864
4544 1404
438 1226
505 3967
1979 2451
3829 4207
1949 1539
1169 4439
751 1153
4937 1754
4400 2118
1489 4682
174 3982
4335 1063
106 480
3870 4492
2235 923
4510 3260
4347 335
1066 605
4328 3781
4821 2000
1467 3154
383 513
2287 2375
3946 1964
4939 3163
193 4170
347 575
502 4652
3589 462
895 2204
20 4201
3888 298
2639 1801
654 1363
1082 4506
1636 3005
1682 3072
919 1187
2350 4234
4327 2314
4405 1747
1876 2519
4080 1886
4744 4580
726 415
345 2957
2391 4398
3403 705
3470 900
4477 543
3728 3461
1699 3336
4923 4108
3120 4593
1349 3203
4155 1685
3038 535
4790 1206
4882 3189
1572 3058
1220 2970
2385 3883
3851 1493
3361 1708
1344 3757
139 2271
1025 2226
1976 831
2299 2734
8 1425
2136 1732
2948 2340
4039 1442
4153 4455
1102 2960
4360 249
4008 3533
2354 2636
3257 680
4625 3534
3040 3141
2164 1318
10 511
263 3404
1312 2917
3641 4208
1348 320
714 87
2710 1410
1884 4463
523 3421
3334 2936
2606 4845
118 1946
4908 3993
2240 4870
1694 534
2502 3141
4751 4714
2829 2804
1949 3263
4026 1820
791 4906
4380 3749
1664 2028
2976 2159
4578 4390
4752 4526
1414 1145
4174 4047
498 832
3738 1700
552 1670
3006 4851
4690 4140
2053 97
2318 4676
4894 1948
4947 4310
2307 2432
4187 4422
4634 4200
3920 1030
2983 2231
4078 3451
2149 4942
2247 4235
1357 1618
179 2422
1988 492
1541 2846
3848 586
1159 1828
3793 20
3098 993
2519 3663
3718 1373
258 29
1111 4686
4099 2010
4064 197
3444 4242
1111 4722
2517 2952
4111 3678
3384 1470
3519 1735
4414 158
9 3132
4425 2140
265 2595
4171 985
618 784
4095 2773
3292 1769
3675 4110
4308 4470
4253 254
3382 410
3509 3940
3295 4572
1770 1484
319 1847
154 1151
3274 3039
3146 4468
3651 2864
3889 2174
172 1534
1917 614
2731 1121
3194 4974
4221 3649
4768 2131
1732 3840
1173 2455
738 3535
1786 4260
670 3798
809 4896
4973 1487
3014 296
1257 4861
482 3449
4782 2586
1857 2336
4722 989
1535 2638
2798 2550
3908 834
1446 2568
3369 4240
3181 974
3208 3555
2948 1250
1139 648
3276 2956
2155 4577
4957 269
1862 3574
1293 708
3326 385
2198 2464
3245 1339
3542 1018
3513 3828
465 3924
2596 4313
4688 3077
1405 1772
4236 4355
1437 4977
4004 2768
1 2711
4486 1909
4996 2206
1500 938
2863 4043
633 3871
1858 4499
3042 1543
70 754
3485 1839
3939 123
4854 3690
262 2395
1684 902
3147 2258
2739 4213
4132 2475
3284 676
85 2106
2367 3880
3931 3601
3046 4935
4884 1509
3826 482
4760 4282
4061 4788
1446 2984
2955 3203
810 1124
1941 2390
3606 198
674 355
3697 1945
2094 3740
4707 301
2022 1490
4993 1958
4809 3314
1947 785
1099 2777
565 1071
769 2832
202 1684
432 4524
1521 214
2795 101
820 2216
46 1595
2004 3700
3060 1963
3211 1181
379 2227
1427 2645
4059 4783
4848 2147
1630 4922
3518 2698
3375 3272
1515 1838
2590 4279
3488 4686
963 2326
1857 2521
4192 914
2431 4031
2966 1191
187 1213
2539 135
835 4776
2998 4366
1710 4924
1119 3441
176 3672
4889 542
2964 4720
2452 4837
2346 692
2259 2644
234 3078
2652 3519
3122 4076
4846 2415
2788 4959
2479 1244
3380 4497
4157 957
2890 4373
2105 2152
2642 3138
917 971
822 2459
3162 4082
4569 884
1812 1840
1566 3378
4168 4420
4036 2309
4627 4162
1277 4225
1853 1563
1749 3562
2436 3410
1900 665
93 4581
175 800
244 125
397 1268
3575 1798
4217 4992
3937 2846
4145 1294
1904 3367
842 2105
2526 2486
2896 1007
2243 4244
1594 921
4397 1201
2569 1950
3906 3398
4018 315
3452 1471
1481 2633
1320 2880
2082 2743
588 1703
1460 4498
3520 2089
2657 1510
1061 3957
2874 2492
3897 969
2827 4405
2926 3780
2221 2020
295 646
129 3691
1511 520
1319 3930
2469 2294
242 3891
2950 3177
931 1926
2671 4118
4317 1243
242 1845
953 604
2922 1618
3851 3075
1453 56
617 736
2525 1262
1172 1552
2222 4620
1465 4291
3926 147
514 1711
1131 4654
2708 458
366 512
825 3012
3183 3028
4816 1343
199 4247
2697 1156
2086 4565
2457 4944
3174 4404
4936 4130
2121 2053
1388 2001
11 66
960 2482
980 1625
1058 1435
1627 4309
4664 1607
3178 3929
3052 2272
3300 2568
4986 3228
1724 2701
2601 2256
4379 1757
3997 1134
3877 196
2038 2092
2684 2202
4326 119
3458 4814
3048 2043
2487 3993
4892 2899
3774 1092
304 33
420 2752
4723 4589
3632 877
3294 2095
3220 1814
1287 1107
3455 4899
750 3948
4432 2293
3104 3786
1829 469
3062 1284
4285 106
4775 1984
1568 660
4956 1810
3645 2617
2817 4057
2385 4323
1996 1554
1468 3152
3977 3291
3964 4293
3906 13
629 3055
3205 2564
141 943
4547 2239
3360 3503
524 1211
1673 3811
150 3522
4434 3240
1261 2465
4795 4602
1603 899
4677 3421
3755 2745
4867 3726
3446 696
393 2152
1761 2905
4635 11
3047 4525
326 2131
2217 737
4095 3263
1295 1861
4383 814
4694 1558
3025 3682
164 4330
741 1175
4353 1800
351 1570
2059 14
1653 356
4202 1821
1702 1089
2175 196
2792 4264
3735 917
722 1347
4586 4325
796 4032
2426 632
2534 1855
4660 4906
3497 3115
3810 2879
872 63
770 243
2836 3440
1926 2510
2022 3728
4932 3624
4218 2634
4670 1224
2058 327
1258 3715
691 878
1804 4267
4338 538
4869 1128
4070 3338
409 1676
2116 886
4748 4485
4991 467
2356 1097
2486 294
2786 1534
1081 4399
1731 894
2968 1266
2192 4511
1441 748
2311 3119
3185 4806
3517 2269
1696 4555
3024 1123
620 4541
2013 1365
289 3797
2237 2835
2376 2987
4431 637
607 1270
3500 2886
477 3296
3730 3736
1389 3101
82 4936
1295 1897
1219 68
3447 4805
2728 1765
3149 3271
3375 4562
2080 1523
3804 1466
1429 3548
3927 1746
1338 4938
4532 287
1483 1727
3863 560
2124 4013
1686 4572
2786 1729
1680 2017
2274 3701
3078 1354
2558 3379
233 4585
421 2032
4716 571
85 1759
657 2264
2621 3160
1522 1642
1214 1946
2662 1382
4133 521
2275 591
2913 4249
540 1314
2682 3492
1546 2046
2398 2153
2012 4219
3065 464
3265 2722
3139 1260
2130 1649
4941 1347
481 904
4110 3553
3498 1208
465 3285
3883 3820
1300 2506
2059 293
128 1099
3188 364
1645 4913
4717 2198
857 4071
406 205
2773 3324
2230 1746
2156 2176
1228 2843
2488 3477
4255 1051
112 811
2037 177
2814 2207
601 3524
3661 2054
3566 4493
1956 3963
4408 2899
4142 43
3076 3026
2442 4567
3582 3705
322 2245
1129 948
3539 40
3644 3330
2110 1313
182 3060
2088 2024
3873 201
1103 3978
45 3000
4226 3223
1716 585
493 3825
282 3916
3921 4963
530 2257
359 804
3479 3435
2243 2030
413 876
2232 3325
492 1507
1337 3434
3328 3658
3395 4246
610 1098
3797 1992
1550 1277
1157 2255
4559 2767
3360 603
4443 148
308 4017
1925 324
4174 937
4750 569
3720 143
4611 2271
3039 3091
4451 2060
1017 417
2831 4155
2185 4622
2470 56
2784 3243
3236 1747
2707 600
2027 2967
1132 1224
321 1425
146 2041
4815 982
4136 18
1445 2986
4697 3641
3491 1334
4479 1903
2047 2495
4838 316
1146 1690
2562 2698
2557 1183
1161 4461
3620 3516
2233 4276
525 655
3987 1567
3135 4448
927 3543
2371 110
314 1013
2377 1780
1105 4126
4425 1472
847 3768
2607 808
4211 4263
855 2378
3503 4336
3622 3095
3467 1426
1069 273
3310 3626
4395 2463
75 91
4340 1750
3001 3035
981 1451
4001 827
3290 4059
1258 1379
3474 4639
3933 185
59 4077
99 3363
2026 271
1751 4475
2591 189
764 1639
2871 4131
2485 188
912 4203
1914 4643
617 516
4557 1037
2381 2981
1482 1588
4721 4853
2351 2184
2571 4181
1207 2474
2579 2616
3843 1459
1502 286
985 558
3401 3188
3100 1911
2716 3143
3926 749
2575 1426
2857 3331
3246 2540
235 4750
3507 3337
670 3616
3342 118
1991 1833
2993 2159
2427 594
4893 2091
1278 4715
2508 1261
1504 1352
4247 1
3440 2176
1031 168
1459 4842
1071 1920
2799 1769
1778 864
3962 1835
3932 590
1020 4984
624 3965
2822 2548
2149 4049
2177 3177
3441 4322
1659 4856
4923 356
4281 30
174 4231
1558 858
2410 4383
4755 3679
1995 2692
4459 1986
801 3546
3586 4313
471 1937
208 2853
979 1636
278 4566
3465 4315
4823 644
3201 3136
185 3752
1043 4513
1322 690
4623 2454
311 2511
3959 4091
1822 1443
2498 269
2585 4943
1921 4399
3186 4919
776 1748
4377 2411
2648 762
2084 1078
2909 163
4840 638
2263 4540
1956 697
3551 1379
3213 790
3829 4732
374 4260
296 4678
2969 3423
1791 4528
1805 857
1992 1114
4381 1266
3166 2733
4725 2543
122 2929
4050 2961
1362 4003
3008 1182
2008 4516
2562 1162
4239 2971
1163 3423
2643 4392
753 597
2780 3129
62 900
2488 1749
713 2932
913 4608
2630 183
3390 975
4458 3657
4350 4374
2590 2306
1040 4117
1674 4273
252 2678
4905 3341
2223 1308
3460 933
3490 2998
2050 2473
531 4673
1407 3310
3598 1813
4825 3463
2215 3346
1529 2847
4951 3006
4656 3253
3419 4865
1931 3151
3564 3409
3508 4835
4083 3176
4049 4746
3151 3027
1121 924
2249 2938
4038 1628
3316 1922
4517 1614
32 1744
669 3462
2407 589
3925 2129
1173 2972
167 2585
2317 2733
2587 783
1001 1647
4706 3186
2244 908
3396 3477
1059 4756
4265 4318
777 2742
2352 881
2713 198
4854 4500
4227 4221
889 2318
3970 772
3278 1792
3108 325
3507 2723
1970 3312
1605 2027
752 583
2157 2578
1221 3753
3272 331
3107 3713
137 2117
146 3021
1986 3090
2751 4096
346 2392
391 1817
1420 3569
501 1492
219 2879
786 4115
253 2491
962 4887
2523 3985
4244 4734
3241 3103
4177 3297
3869 1264
1503 713
61 1230
4385 412
4528 4368
2900 4645
3352 4358
1345 970
3585 3105
4886 4139
880 3815
1612 3442
4874 3197
3806 3052
4540 2643
4952 2640
3586 2509
2313 1444
1359 1392
1273 3611
2246 2957
4484 3322
4888 2646
3661 1669
1627 4342
994 713
2157 3530
3826 2877
4879 1219
1531 3516
4503 501
4868 3981
3306 4884
3435 4774
1923 2014
4762 3216
1782 1006
1722 4709
4664 4766
2413 2208
1433 2737
522 4094
17 1223
559 4468
4815 588
195 136
1658 3168
3199 2085
2561 3626
3056 3668
1695 1390
3866 4667
4204 4928
2292 347
2525 4810
403 2788
3246 4115
2659 373
333 2667
4086 2897
1356 984
2538 1651
2477 217
2047 4994
1681 2335
2971 2179
3839 789
3267 3489
1670 1256
729 4792
967 3983
403 1540
108 2787
204 2862
1053 3532
1783 1033
1640 751
3847 3311
703 3482
2566 1408
544 3297
4933 2678
4910 3424
4944 715
265 67
1259 3049
4489 4742
4251 4827
1069 728
3967 3882
3608 4272
1738 593
4396 3548
1400 393
3051 3876
1468 1265
2670 413
441 1697
87 3966
702 2736
967 3017
3225 2624
4563 1789
4452 1529
4625 3212
926 3373
2719 4593
738 846
3150 3012
3157 2778
3740 1196
3200 1737
4112 4942
1039 4687
2566 1856
3433 4759
3621 1276
3345 2924
616 2794
3195 4261
1385 4975
1485 1666
1353 1430
1147 1191
2029 3785
2977 2051
2839 2810
2492 122
3275 3535
2219 2171
1027 1448
2730 1736
2161 14
955 1914
4995 823
4217 4631
4020 649
2692 37
1536 1590
1860 2113
1100 3964
4549 3399
3601 2315
4415 141
3150 3639
153 683
546 4802
4699 2691
3065 1179
4272 3235
3107 2285
1041 838
3067 1003
3357 1974
100 1750
1727 1307
637 642
3418 1480
3348 568
4888 4529
557 730
4084 2999
221 3944
1526 2293
1076 3097
1010 3385
2945 2589
573 4526
2770 3859
1753 3751
178 283
2837 2560
1764 3374
4248 1871
2991 4982
156 3398
4721 4873
302 1143
45 812
4371 4830
4134 827
4895 3063
2947 916
662 396
350 1376
1356 3431
199 2073
1255 4351
1644 3949
3696 2546
116 4970
4915 3081
4617 1180
3665 49
995 1671
2076 1842
2369 1298
1879 1176
3909 4284
2350 4444
3969 2120
3437 731
2644 1875
984 2283
4397 36
2541 4234
2906 748
1972 919
3496 2302
3893 4728
320 499
4596 4441
1488 4402
4912 2146
4990 4009
2453 421
2735 2522
1871 4537
1231 484
4403 456
1311 3169
2061 2990
3671 4930
1055 3111
813 2815
4749 3904
3581 3044
2057 4512
2196 1694
3370 3618
4354 487
1758 2384
310 2051
3884 3890
3255 2381
2224 758
1997 132
522 2973
1880 1246
713 1560
3309 1292
625 2794
2038 162
134 3830
3185 2403
2549 2438
4417 2013
3904 753
727 1870
1439 2573
2401 1289
2260 2622
740 1165
54 3000
4800 1422
4093 4258
4705 3328
2592 1220
2499 177
666 291
3975 2724
380 4773
2745 3407
1677 3041
4978 503
4843 2343
1462 3923
264 210
479 658
3769 3354
1513 627
2192 4533
3199 4788
695 1386
2675 1218
4811 3803
2012 1569
3118 4303
1655 526
3918 4831
4777 1959
2951 206
1082 2555
4245 1660
2295 5
4472 1864
4810 1856
1348 3201
2529 766
786 3307
4494 3872
2285 3987
1074 3487
4553 4106
3522 2333
3022 3408
4679 4592
1705 4616
2647 3101
152 4867
4651 4365
3949 4107
2536 3422
3935 2689
2808 1908
2973 499
3666 1234
1304 1638
2988 222
2996 1197
3855 4121
4689 4650
2629 2063
2805 848
566 4943
3277 4758
1591 4983
627 3165
2524 4410
3950 3747
1199 579
2844 16
1495 500
497 1218
861 966
4107 4102
2014 3433
164 3764
2443 72
3595 1373
4481 1086
1622 3630
940 3725
3999 4259
4902 668
3992 2433
1510 3023
4419 3890
4406 2065
3153 844
1931 3960
535 1048
3123 2456
453 4891
1110 664
2282 226
4292 1940
3193 4359
3380 4847
2423 936
4436 3559
336 4037
2858 3861
3598 4857
2515 4464
2987 3662
2132 787
3594 3845
471 995
4144 456
2664 3765
3343 60
3142 1318
4875 4551
4189 2686
4692 3585
3393 3763
4530 2944
3620 1726
2416 2063
2400 868
238 933
1788 1943
4794 2923
1405 3633
4803 3726
911 4929
3067 4019
4546 474
2505 339
1065 309
2122 3662
719 3891
3406 901
3392 934
3364 1611
4072 278
1393 1035
1091 434
3464 1621
3427 1646
652 3387
4940 243
2173 1152
2467 1549
3609 2425
427 2087
4927 1965
905 3259
3402 1736
1103 3215
2791 3652
2112 2600
2450 2984
1730 2094
4751 3431
3388 1838
4817 1212
410 1032
1600 1370
4279 3214
178 4236
1274 1060
1125 2807
2097 1895
2324 661
390 2810
1863 1150
3077 1905
2165 4547
272 3723
1648 2834
3418 1127
205 4990
4476 4068
2651 3251
2211 1346
930 3131
3722 1479
553 1225
2468 1458
2819 366
1276 2616
763 3443
1795 4939
1057 1473
654 2443
4441 2904
3184 3894
1350 4281
391 2043
478 3243
2061 903
3511 1080
595 1172
3191 861
785 3002
726 1604
1570 1885
4045 3714
3434 2824
3843 2412
2234 720
4967 3958
392 2262
2171 104
3744 1123
4326 713
191 415
1507 696
3019 850
1532 3789
215 4
117 3704
422 2151
2416 4795
2758 3801
1079 2907
4667 3314
3605 1209
363 2442
1657 990
227 3868
3660 271
1502 3221
1953 2497
2690 3130
2114 3480
3129 2677
4576 4809
2448 4714
3393 3695
1193 3864
2878 651
3149 112
4484 880
4930 407
3973 57
4222 194
2765 3460
12 4493
965 4231
1146 2836
1374 805
71 1933
2078 4784
3319 4538
3301 1283
3719 400
1246 32
1215 1998
3102 3717
3790 2150
1867 859
4412 1281
3162 1098
2871 1329
4967 2019
788 1137
1767 2729
4150 4900
2819 607
2075 4364
3491 1485
332 1887
830 4396
4964 3282
2007 2042
66 1141
2657 4085
3688 4516
442 754
314 2073
3788 4478
999 3091
2615 3907
3266 3439
231 2082
2045 2552
3796 2257
2169 3542
791 3805
3844 4981
1516 1358
1692 2411
949 1743
4324 4606
362 2883
1656 3741
3389 4598
3553 3837
1090 228
2950 4964
1384 1302
886 2559
4775 2706
3061 1344
2405 3819
457 865
4780 2336
1195 203
395 166
270 4872
643 2915
2253 3486
302 170
4368 2102
2864 3283
2117 2693
3892 2898
4410 4579
4905 3738
1592 4098
1578 2057
236 2931
4100 1089
1912 4416
57 920
1382 2188
1264 3088
1237 742
288 276
613 2435
2860 4389
0 892
3386 1506
3707 1477
4908 1535
4840 3355
3484 3603
846 3587
1530 4961
407 2684
2447 1748
1393 3340
3244 2952
1599 3371
51 1076
1589 2783
4022 343
202 2478
2322 1345
968 591
834 1745
2087 4280
675 657
1597 1706
3242 2501
915 3863
4599 3899
506 4878
1980 593
2975 538
1309 231
2541 130
2767 1126
3354 337
3563 3783
3016 3989
1972 3085
1148 4789
2755 1876
3704 2203
1280 3692
468 2817
2552 4608
1641 4125
1913 1073
847 697
4500 1296
4765 3903
3167 713
4050 1942
793 3893
1511 3801
2122 3383
288 3930
4504 3224
1364 4019
3560 250
4345 3688
652 4858
3965 4333
3465 3856
2420 3161
4256 4662
3217 3723
4817 239
2833 3861
2003 3119
4038 3570
3228 636
874 641
3055 1688
114 4103
4254 4067
2328 3670
1341 337
2384 4482
3079 3274
4302 3437
851 4251
4657 160
850 3852
3350 1936
1710 1342
4363 1331
28 732
1841 3957
88 833
951 3550
4075 4266
1559 1951
3777 4223
2759 1975
184 3784
3655 2145
3092 2465
275 3330
3472 1672
2980 1623
108 2247
745 4004
2955 4445
1377 4899
3600 2316
4758 3381
942 3966
3540 667
433 3853
503 2327
1298 3127
4761 3710
1697 1833
1911 3961
4487 928
1989 3895
3905 4243
1998 1834
3288 3629
4778 3252
3426 3702
2483 990
841 4010
4375 4592
3155 1830
3923 1557
4016 3521
1372 2379
1961 3573
1431 890
810 871
4570 1825
4744 1556
281 4841
4828 4975
4590 4331
143 3037
4591 4981
4529 3673
2408 476
4926 3011
2845 2119
3865 4179
1010 859
1532 1361
3737 3609
1631 713
1334 3
923 658
2724 3260
297 1313
1631 414
909 2937
247 2341
3096 1216
1715 2865
1572 2934
2260 2168
1703 1973
2979 962
2943 2866
3593 1773
2170 354
1245 316
2722 678
4494 2342
2015 1699
404 4229
2940 3448
3208 1322
3695 2779
3196 709
1778 3643
2887 2626
4820 1108
4042 4358
1497 3665
1626 2655
3137 4143
367 529
1577 3234
650 550
4135 149
379 4961
2106 3771
526 841
1701 4208
2497 2975
1676 1317
3026 1739
225 530
2989 2088
1253 671
4382 1494
2397 2672
1577 292
945 2478
4017 1222
3387 3063
2757 3528
1953 2929
209 2383
2703 822
4212 4836
1342 582
743 4089
4910 659
1406 2789
4866 2989
4147 3043
120 155
1958 1290
3532 3697
2533 3744
1983 2007
1971 244
4480 4113
1508 1294
3911 4176
723 4778
1602 1881
3301 1945
1387 1333
2815 2774
1145 150
1117 1759
4470 2530
336 3411
208 2348
4194 2327
4074 3631
1456 2020
4386 795
4850 3657
3525 4294
349 4881
2823 4152
2033 2498
377 1241
1203 2039
616 197
4826 807
1292 1607
1090 3148
2617 2833
2363 4785
3529 4280
481 2870
1101 158
2537 2300
2600 3928
217 3227
2036 1237
3597 3676
3349 423
4426 3686
4604 2597
4214 2546
3745 1132
1635 972
4055 1398
3529 1041
3111 2822
3677 1273
698 1760
2760 3526
3391 2467
3747 2659
2688 3098
942 1037
3207 2069
568 3428
2882 2613
4822 1440
1609 1548
22 4032
4165 4241
2999 2946
2851 2653
4005 4508
2913 3540
3841 1590
1088 4743
4120 1083
2624 1574
2380 3416
4097 1543
2991 3872
1790 1324
997 1797
963 4979
2706 4971
3007 4507
909 4488
4749 173
713 3269
3716 3061
2204 2167
488 1874
324 2888
2228 4955
3269 1756
1608 2112
3438 825
4589 1505
1785 3396
5 4510
2714 4844
870 2712
1477 1828
2903 120
3976 431
2895 580
2284 747
4303 3742
4205 4198
3821 3289
4196 4583
3655 3402
422 826
1957 2331
1640 1650
765 382
1620 4803
3800 2048
4376 16
3298 478
3436 448
507 107
4012 1398
4681 947
4883 1081
436 2280
540 4573
1075 4988
3685 4489
386 4277
4252 3773
3610 3429
2158 688
3690 1063
3191 4539
3514 4660
27 502
4495 2760
1621 289
1932 4546
1032 2422
510 3432
1944 3231
2931 3568
2183 4343
2186 1445
1978 4025
399 2527
3206 4086
774 1695
4615 375
4443 4674
2338 2495
4851 1286
2640 1594
1057 3544
1315 1852
1725 587
3784 126
280 1906
4753 3629
4502 763
4564 1935
1616 4070
3614 1673
318 3416
1254 2081
3389 1559
564 3368
4874 3183
4934 463
3133 2721
41 854
2660 3722
908 51
1291 3182
2035 4146
399 369
377 2958
1561 612
1190 4476
1249 4289
1859 4895
4282 3787
3630 3919
3388 0
2421 4342
3543 4718
3858 3043
2036 3453
494 2803
3759 3638
4 4732
2782 1391
1403 689
586 446
3362 4230
3633 241
1305 3758
991 3800
4255 4206
527 219
2249 2797
1106 4225
848 3221
2400 2679
4306 3694
4844 821
1245 4745
4702 86
3123 3741
4511 706
3921 1633
1309 2360
23 3090
1844 2144
4649 1990
3178 230
439 798
436 3128
3898 4026
1303 4440
3343 1438
2902 1930
2115 2238
54 4762
4783 3676
2565 2812
2537 132
2923 2776
2856 1665
1895 227
3235 2514
2466 3089
4485 4520
2530 1457
1326 1126
1869 4654
1357 567
1044 2604
4703 1351
3171 145
2840 3004
2649 3658
2526 2241
3050 4496
4968 1663
3357 3305
4101 3457
3566 2496
3879 39
515 509
1772 4391
4894 4517
3556 4632
1514 3555
4518 3338
139 629
647 2744
2299 3599
1806 2292
4403 4431
3901 2205
1518 3500
1581 3681
2389 2756
2574 2953
2914 4521
319 474
2147 1951
2921 2949
2746 1787
518 3351
3010 2169
331 4421
3490 1141
3968 226
2581 1979
3602 4066
3287 4370
2228 3018
1567 1744
562 4161
140 1707
299 3008
2889 3366
3916 2297
1447 1520
1067 1054
1887 840
3748 1243
2520 1412
2214 2394
2768 3973
4824 4791
1868 3995
4878 1192
4801 4769
1200 2248
3852 1287
630 378
1046 2945
3731 1751
3596 325
1354 4813
1937 829
3689 2049
2842 744
2734 907
724 2101
2194 971
1843 3083
1378 1450
4822 2175
3219 746
329 2261
3469 1239
3718 4140
46 254
2715 3951
98 1227
3907 4423
2480 341
4335 1894
184 4424
2683 571
3995 1908
4633 4581
4603 4024
1540 2981
3139 4018
2670 1517
2062 1050
424 3127
2326 894
3941 4903
3473 552
4833 433
4409 1818
1061 2386
4153 3708
3753 739
2886 3117
2427 1423
3625 2612
4890 4418
1774 4573
4033 997
1795 750
2548 3779
2178 3209
874 4275
4987 3968
3466 1155
1238 1375
964 731
3971 90
1575 3558
3561 1940
3327 3163
4286 905
546 721
30 1095
4655 2128
3546 3275
322 2154
1475 4955
3614 4504
131 3112
1667 937
2066 4329
1936 2419
2423 775
1550 188
4998 582
3474 2301
4537 1555
248 3468
2894 1301
1827 2129
2639 26
1904 2049
3250 2962
4839 701
2910 1929
1643 4390
4734 1854
1821 2143
713 2119
3545 3581
1075 2750
2096 4354
852 764
2687 668
349 812
1031 722
71 2207
2894 789
4969 1412
585 1817
713 2561
2555 4934
181 1644
2816 2376
4352 798
829 3608
3054 972
4427 1693
4351 15
3931 1260
704 1818
3894 1047
2023 1012
3350 2699
922 86
944 768
1068 2072
4588 3035
3189 1858
2424 2406
1888 1142
3751 1781
3831 4077
262 3954
939 2277
3769 3030
1170 258
1628 596
2954 4846
4646 2547
3018 201
3749 2927
2647 4735
3875 1432
1852 4426
4789 4954
3715 776
3452 4041
2361 2623
4129 1917
4918 1119
4626 4191
4737 950
2743 1152
4201 4232
4029 4472
4522 1600
3850 4852
653 3029
1682 3002
2772 1450
4711 4210
684 765
3249 55
67 686
1542 3643
2008 2731
3938 1097
2004 470
134 4400
2521 2700
2646 315
4113 2163
3070 3379
4300 1279
3642 4857
4073 247
2666 317
4261 1138
3383 2296
50 2333
4256 4071
4777 3501
1909 3998
4821 863
1552 4178
650 4450
3706 2877
1900 1790
4675 4708
3912 2453
3899 1056
1205 3574
3315 3187
1049 3450
1691 1140
1815 1704
1358 1545
2355 3454
1994 1438
267 4960
932 1916
2286 3166
3866 1109
4138 4415
2199 1252
600 792
3475 3455
1630 2077
4550 3245
973 2538
2466 305
3858 3116
3667 274
3097 246
3138 1323
2435 1711
216 1601
303 4989
4727 60
4631 4989
1116 4598
1819 3653
4308 1928
2066 4362
1848 3621
2265 2337
4745 570
781 4818
1236 328
2138 795
96 2912
437 2024
1537 712
2604 2361
737 4066
1156 563
2707 4691
2965 3934
2337 444
808 2490
1733 4561
977 3279
879 2610
2631 4447
1816 2130
220 4158
4804 236
2755 2567
508 4159
232 3859
2884 2133
2141 3954
1849 3864
1000 3304
1883 4996
1657 1562
566 4640
4991 156
2461 3637
1084 294
2137 3527
1194 4508
1112 866
2394 4925
2187 3565
3353 4460
3376 406
1217 1678
649 4909
2309 414
2172 2528
944 2838
25 19
3210 4172
1546 634
4890 216
2050 952
1185 1963
1482 2811
740 4087
2655 3576
1286 4278
1989 2841
3220 1865
1815 3602
3369 2313
687 4965
4011 3019
2762 3249
3917 3787
4365 3015
4430 3197
1959 2680
2669 2747
3666 549
4641 3743
24 398
1741 1997
31 2174
2512 628
1982 4740
2168 860
3053 3559
563 3783
519 2601
2496 823
4956 4037
283 4130
1544 3640
4702 4167
1683 3482
1476 1457
4482 3450
887 1461
3855 3791
3820 2917
3776 429
3878 4223
1903 1170
4801 3554
2611 2613
3647 2028
3606 4871
1129 3619
2769 618
1843 4209
3439 3979
1306 105
3481 4615
348 95
3096 3724
1578 4866
4139 4474
2960 1362
699 480
1762 2735
3476 2303
28 2516
369 4954
4947 453
2850 1210
2503 1340
2576 4433
2668 1779
615 4839
1406 2637
1339 4638
898 1987
3656 4185
1496 381
2441 965
1495 4549
329 4669
1890 1222
837 3487
3316 3237
1718 581
4127 3425
4363 3046
595 1455
2625 4560
2140 2661
1387 3080
3355 1267
2677 4924
4128 1588
3771 1198
2499 3551
3617 2310
747 3781
1030 3607
3323 3650
292 4678
4627 842
4612 2142
3318 252
4455 3093
4092 1491
2531 4064
1851 4352
1533 3305
1542 2034
1285 4518
3031 3825
3273 4629
4328 3016
3409 621
2068 3838
432 2377
4999 380
3876 1064
1024 4154
3033 4041
2093 1011
2331 22
3230 1761
559 4680
554 3264
4311 1519
284 3110
64 3856
2540 1763
4117 759
4027 94
3898 2134
519 2364
4034 4941
4501 1896
2959 3809
3651 461
4699 896
240 2928
299 4937
2009 4861
632 1702
385 3317
361 3887
1873 53
3572 3577
684 3693
572 2553
4619 3798
3774 58
567 1133
3984 3022
712 3759
1582 1971
40 1301
2930 3545
835 4503
817 1983
36 4488
3036 1370
1850 4304
1223 4428
1601 2860
1275 1009
3678 3950
4367 3401
53 711
1378 1771
3953 3765
2220 4407
1029 483
4460 1065
69 2818
4030 125
2298 811
4101 4535
2311 4254
4707 1115
1351 4870
4648 2584
1623 2748
3895 1399
2654 4069
2044 1661
72 1950
144 4158
1480 1473
2383 4029
4632 3461
4006 1593
70 1158
4543 1624
2900 891
1993 21
1662 854
1663 3232
2347 4798
245 2727
873 1124
1881 4156
3587 2912
4027 1106
4709 1185
2413 74
397 4575
1478 2089
4691 1167
913 1573
363 396
1428 1947
3132 3746
4980 3145
3219 4318
281 1807
2482 755
58 1272
2584 3109
1692 2454
4341 2202
3170 3619
1770 3296
3266 3179
1056 3706
127 3984
401 1040
3456 2440
2569 2126
4448 1497
4062 1792
121 4192
537 4249
4427 573
1629 3743
528 3714
2091 1718
1794 1872
4806 3335
3069 2264
2401 3902
142 4166
4865 1361
232 2030
6 3007
2009 4841
2365 4142
323 2430
4531 4370
1560 799
3815 1582
1371 4642
608 2387
3615 3172
452 3196
3735 4486
2573 1462
431 4319
4348 4982
683 264
3359 3974
1668 2163
180 99
3277 4013
1620 3339
4688 1026
1054 1765
931 3680
1212 2239
2732 29
2210 700
3677 2246
1651 839
4478 2774
1422 136
1452 27
1036 4552
3713 601
1528 2730
312 3955
3578 3821
2618 2074
3698 3497
79 3057
520 633
4371 1028
4748 3352
1199 3168
4644 100
3809 3142
544 1763
2344 352
926 602
2349 64
2947 3300
779 4772
2358 539
2254 609
2323 2514
3552 3486
392 2242
2967 4198
1027 3849
3445 989
705 517
1279 1872
703 3802
4872 4710
587 2298
2016 4273
1812 3756
4628 3853
2903 2233
2321 3689
4502 4596
3766 4047
3925 1955
2402 4268
1364 978
3615 4636
3494 457
4083 1419
1112 3947
3506 4720
2472 97
3283 2283
270 4663
589 277
3347 1901
1712 2911
1547 2816
3325 3353
1705 4243
3044 681
1774 3889
4413 3848
4408 4863
733 515
3121 1167
2303 774
4454 2179
3680 4826
4469 338
1554 239
3446 1721
4264 3381
4953 1654
221 1350
3538 2067
55 602
4295 3650
1140 1021
1804 4044
2462 4997
1913 418
4855 2189
2005 2806
816 3908
766 3914
2796 47
4469 656
1204 1036
168 2409
3059 4151
3279 673
371 3449
4112 4057
955 813
532 2232
1571 364
4781 84
423 2691
3622 921
3679 1985
2953 343
1741 1879
3378 4931
2325 4060
2658 2802
3737 3902
4092 4161
80 2234
98 853
1417 2628
103 3654
3470 3988
4972 2681
3472 1822
1977 4463
3443 756
4299 1283
662 2238
1632 4137
1281 249
4023 3628
2924 4471
2058 928
2942 3427
1548 4963
1665 1307
663 2428
1579 4392
2508 1700
1367 268
729 2184
868 2018
4233 4183
3794 932
4698 4058
3862 1418
4391 3683
4079 3161
3248 4509
610 4413
1122 4873
1015 3537
2741 35
1850 899
3373 4911
4901 4757
2433 124
3248 110
3047 3835
301 4105
4558 2267
3760 3397
1447 2182
2848 4411
4052 3944
4715 4304
2976 981
1883 1291
3247 494
802 2631
2783 1122
1565 2142
2662 1171
223 949
4770 2742
1247 1925
2758 3720
1813 782
1200 4527
1995 3945
3114 159
2164 1093
1619 2304
1015 2412
3631 59
3165 1714
2720 2718
4653 424
1814 3625
4960 3766
2790 891
1077 263
2642 2635
1158 736
3211 4025
3632 3983
1768 1233
2463 884
2608 4739
161 2799
2504 3981
1545 4310
1230 4207
1528 1516
2032 541
427 2098
4271 858
2660 4329
998 4081
3212 711
966 4187
3978 4618
551 65
906 2834
2481 1368
2978 4461
742 1499
4792 147
4662 1441
667 4832
4640 838
1740 2353
2097 4263
238 946
1336 1299
1367 4525
2807 4962
285 3056
1752 4127
2209 234
2143 81
2108 4164
4600 1360
1397 4023
4594 1196
1375 3233
425 4677
1369 992
353 3539
1355 3900
3324 3303
950 987
672 1144
4717 3675
4757 3013
1381 4409
1910 428
741 1547
2772 2907
3659 3013
484 2231
4805 1866
4141 405
3471 2167
883 642
4022 2132
4350 1666
4021 3881
1784 1022
2890 4141
1996 2407
4958 2757
2137 4250
2100 218
4569 4695
3425 4837
626 2572
2792 4088
2489 3281
1458 3156
417 3394
4412 4356
1915 2831
912 2134
4211 224
1768 4587
328 2625
1168 3687
3445 4373
1101 4374
3597 934
3147 4733
3646 3347
4733 1773
4360 2025
2749 4925
514 4197
3159 2222
2800 1912
536 4179
4659 3045
1452 4009
4868 2245
1084 2272
4950 1661
1709 3010
3634 1564
4195 483
3729 574
3730 2396
444 1737
3143 3775
4228 2855
334 1117
1408 1269
1610 2881
3709 4245
3910 2711
65 623
3239 3628
4270 2627
4449 1870
3331 2218
2968 1512
1841 1541
3495 2687
430 1968
3136 2725
3846 376
644 4154
4658 2035
2320 4794
845 2704
3736 2798
2587 4584
2352 956
1836 300
2468 3303
3200 1467
3779 4394
4782 643
4186 121
3408 639
4901 3329
694 1637
4584 3308
1954 2172
4797 4035
4325 2144
48 153
2855 3812
3414 3271
3686 545
1042 1519
2797 3424
3842 4565
3054 2424
1096 3561
2920 2941
777 1321
584 4626
373 2181
4687 2781
1675 3483
4747 2896
2686 3175
3261 2093
1875 4595
927 1330
608 307
1453 3935
133 1680
3584 4642
1019 1799
3594 3687
1758 1976
806 3702
360 1102
2620 1395
2827 2322
4250 1967
1092 4314
4855 1486
4014 2372
2116 2895
1562 744
4344 767
4080 679
4644 2404
2111 2258
3320 1551
2160 2317
446 3256
592 1854
3518 1329
4380 1434
2003 1494
3684 4754
1806 4597
4965 3854
3569 3533
1980 1968
253 3932
4786 4028
1369 218
4384 485
893 3406
1982 2241
4068 2653
1244 4776
680 2060
3711 2648
665 1701
1902 1469
1184 3332
212 1526
4835 1060
1574 704
1824 3308
4893 856
3991 3816
4522 550
2173 1943
2068 4188
3042 4877
1835 2972
4607 493
1202 4440
4887 2599
2875 946
2194 3293
843 4347
3992 2762
3592 1831
4852 2746
2959 3570
1551 4100
1954 4356
2236 2080
1706 1395
211 1165
3100 2577
350 2434
475 3648
2705 2223
4612 3696
4300 2444
1809 688
3174 2417
2139 2145
4532 1743
135 2866
1993 1932
3158 4969
3240 376
4665 677
4579 619
4984 4635
1332 333
2281 12
2128 2511
3336 4918
1646 3160
4235 3755
1939 2370
4010 260
96 4850
958 1722
3456 1201
3819 2506
713 4467
4613 2820
1674 443
1593 3822
4889 935
416 3068
2564 631
434 639
1922 2676
3084 306
3776 4093
3382 2503
4977 4159
4451 3591
3698 3664
790 4496
4556 4712
4491 4349
910 3478
2225 2672
4237 562
821 3484
1285 490
398 383
3011 853
2588 3874
1797 1634
2748 3952
3870 3818
4283 145
4909 4084
4659 4696
4449 4731
4897 3812
2986 2930
2702 3152
3218 4048
1136 1581
1859 762
10 2166
3270 1920
4169 999
4764 4190
4096 1960
3258 4417
3636 2455
1368 2250
1079 4296
1893 1333
4629 4491
2994 2279
2011 3733
2665 2549
41 979
3259 1440
213 2696
4661 235
3990 2885
1229 3312
2838 295
4471 4951
539 4005
2193 3005
4378 1396
4531 3941
4398 2236
1094 2638
781 2673
4731 3709
2766 4773
4786 4833
3371 3762
3164 3488
388 3693
533 3250
4869 2961
1961 4447
2494 3583
4082 3180
2575 3770
1679 872
4666 298
140 2189
395 4216
1808 743
1760 4993
2374 2329
3789 1443
1585 3613
4148 655
3293 229
682 551
1086 779
4238 3133
2031 73
2570 2212
2576 3498
2529 1525
4505 4545
459 2363
4741 4298
772 3128
1215 732
460 1598
1518 2705
1896 1187
2580 4519
4355 2409
1884 3653
1297 749
1981 1278
1777 279
1745 3385
4682 1890
1288 3593
2771 4824
2346 2338
2754 4673
151 1074
2064 2801
528 4513
4081 3114
845 1522
3672 1891
1829 4676
4053 133
3422 346
1874 4548
4652 237
2321 3238
1355 2183
3087 4771
4737 111
9 3058
1416 3934
677 4123
577 1742
3521 2689
2962 3236
3414 2069
428 338
666 1808
3792 3785
2739 3862
624 1043
3936 4761
3106 4309
3612 160
1434 1251
961 1421
560 4556
257 3001
1587 622
733 869
2304 1565
4090 1189
1755 2098
3563 4860
1153 352
1734 4636
3878 3832
1584 2220
1392 1085
2 1512
1505 3009
445 3948
3703 2079
3988 3368
3264 1648
3148 3287
2434 1579
3307 3411
2551 4974
3938 4823
2512 867
4639 1568
1537 2071
1984 4916
2473 2421
3544 936
2180 4704
2974 4173
1442 3489
659 3960
1796 769
3571 2371
1894 311
4514 1335
2005 2699
3291 2901
1672 599
775 2359
2062 4166
4119 4666
852 4614
4181 1270
2997 2862
3972 4224
2436 3313
1974 1449
3816 4388
1478 2592
3994 293
4554 4242
2490 1735
3523 1573
1299 2527
2064 4357
2709 344
3004 4334
2031 169
2666 2813
836 105
3302 4466
4132 3562
374 3184
2716 3814
3721 3773
3438 2750
820 4423
447 939
2366 2671
3134 1397
843 4932
4030 3839
3986 3210
1033 4063
1213 4813
463 4542
2673 1042
2471 1793
2319 3041
625 1888
2852 3980
4302 3956
3377 718
3267 2126
2608 4454
517 1087
3727 4938
2847 3775
2570 117
2196 4912
3739 3717
104 1918
1740 154
4610 387
3428 504
2281 1209
1130 1738
2943 3289
3003 83
2609 1006
3600 3084
830 4747
1282 901
1289 1675
4394 4653
2610 4044
1990 4102
4735 3573
773 4534
4146 3905
4583 3348
687 1164
1855 2372
4885 1080
994 4167
460 3912
3710 1415
454 3079
1353 4586
4675 2531
2605 2182
4209 34
892 1044
8 4048
3071 4042
2980 529
784 1614
3230 4193
4432 1058
4226 630
1317 1217
2070 713
4069 3782
4458 1617
4346 452
3854 4131
1085 4798
4804 3991
404 4920
2200 4039
1592 4056
1403 4359
1988 2349
1340 3515
640 318
1642 1622
183 710
123 2769
4176 1837
3082 268
2874 3429
1962 1272
3734 3467
2872 4267
3913 889
669 1316
3822 3871
1892 2524
3226 2859
4946 1319
4147 4891
3648 4171
3167 4007
1597 1474
1247 1268
4979 1860
2882 3172
2188 916
2015 545
4671 405
713 3463
2978 860
2111 882
6 1072
2737 1689
3233 3154
828 2266
4808 3135
2756 3031
1935 95
4780 4574
1504 3085
2623 4505
1704 3384
4657 4829
1198 2029
1493 2718
1210 496
402 4551
1184 2218
3794 555
4638 2528
3807 2161
4862 3223
1046 2275
3073 727
735 3929
3458 3943
3073 4723
4219 4429
4856 951
4362 113
606 2432
3699 4705
3576 2563
721 291
1802 2252
21 734
4668 2445
4344 953
3512 1134
2812 4240
918 4341
3637 1049
2216 251
3088 988
4339 1928
39 4053
1819 4787
2793 3372
511 3420
735 4307
2726 1999
1938 1952
2364 365
4292 2417
2583 4740
805 2944
63 4466
38 2577
4728 2837
2919 4793
3985 1024
3471 2368
3082 1650
2557 4182
3358 2115
3834 4614
2789 3038
1460 2964
3040 353
706 2040
4601 2848
3527 3520
354 2840
2559 3502
1591 890
2314 2969
2809 1784
466 2761
4966 4515
2926 1830
4446 3911
119 4533
3523 4185
1410 382
3130 4248
3768 614
2209 681
2256 970
2650 1563
1169 902
4650 3647
2983 4736
4490 2532
3362 903
3910 4268
2861 1836
4808 3627
149 4000
4647 836
259 4674
2403 1952
2418 2262
2348 4252
2251 778
137 1899
2213 1256
2805 3830
2645 3146
2726 641
2603 2553
321 4301
3517 4962
1389 3029
2040 1690
4563 4319
3206 4116
4011 4239
1456 2415
673 4121
876 2622
867 2878
4509 1918
4238 2151
2778 2290
1842 2897
2958 992
1488 2741
4506 3572
2 4624
1402 2280
1259 440
4520 312
3754 4797
556 3649
223 2572
2674 682
3584 4849
1195 3777
676 3607
1127 443
2556 3318
2873 1599
2462 4812
3319 598
3410 2042
2330 2656
3023 3237
277 1901
4369 4819
3493 3262
604 3074
1449 4002
3334 1892
1527 1501
2534 1118
2586 4568
1586 2615
3320 2399
3764 3767
3157 1064
4270 1933
1846 1716
3333 152
4648 896
4290 4163
3009 1966
2310 451
4072 4914
2881 2679
525 4428
531 1385
3940 4438
78 1400
3588 3224
907 3227
126 611
2213 4183
2018 1509
713 276
2723 3261
4949 1633
770 4085
2776 151
4321 1754
2581 4729
3761 2908
4970 556
1975 2582
3659 862
1194 1163
653 609
2603 2918
3716 3840
2920 485
3528 381
4950 3256
3134 4770
898 2927
2449 728
4886 3412
130 2790
4331 4698
2752 4320
4218 313
3121 3062
1556 1171
4524 2922
1305 1048
4133 2055
1671 4690
2191 1977
3725 2160
1613 3048
3590 4229
1659 2905
497 4935
2312 495
1137 4175
1424 1363
394 1608
1726 2911
241 1902
1411 1800
4276 2205
2113 4711
547 3915
2002 2906
969 2210
2634 237
1719 2487
2474 3712
2688 2408
2114 2813
3106 2339
479 4902
1414 1777
1047 626
2414 3365
2045 1303
389 4435
952 4708
819 266
2017 3939
4831 4779
1162 3193
3405 1352
1437 2859
2982 3494
2193 537
3642 2849
4487 114
3454 2265
1575 2103
4346 3475
2154 2366
1428 3729
1365 943
2667 3827
2006 334
3761 4098
815 4337
1059 2597
3370 2291
3356 2215
3351 4543
558 3618
4108 4610
2556 645
1073 163
1776 4062
4743 4090
4828 2835
3763 1383
4498 4882
409 1175
2974 94
4000 1255
3707 1116
2449 2808
102 4087
976 1144
3225 224
2033 1767
2323 1641
3530 3478
3560 801
3844 210
2284 4578
3286 1985
2229 1561
4647 1596
2985 3577
702 2444
3996 3674
2354 1430
4199 3873
4439 1142
1668 4076
1775 1463
3834 2308
1045 449
2388 2362
3757 169
2614 849
3868 2206
2551 4669
4796 1238
3094 2621
1226 3567
1166 4286
2852 246
4847 1320
1811 440
4366 3359
257 3541
957 3727
2727 3417
2083 839
1004 467
3758 3108
1802 310
2471 2286
3273 1197
2382 116
1083 2502
3959 2869
1444 3833
1793 4376
4755 3782
1625 4601
2721 3087
2563 3495
1025 1249
4054 2347
4742 2389
4124 603
4553 3430
3515 1377
2889 2334
940 3092
2046 3947
1323 4028
2282 3217
3059 1394
102 426
2162 3117
3793 987
3244 638
3933 2504
2315 2669
1418 4739
2567 4395
260 3339
2483 1679
3903 575
1014 4971
2764 3068
2166 945
2626 1178
2632 3724
1188 597
2787 3682
4143 3877
599 3719
3476 2656
881 359
1616 2135
308 1809
930 4696
1780 1110
187 2591
4585 3173
2026 78
3639 2820
2296 4006
3238 3875
307 355
80 2278
2740 1981
3071 1331
372 2869
4291 3292
918 3099
1868 2237
2445 4802
3969 2199
1771 418
4278 4830
4799 2353
3377 1810
4296 1174
2041 1053
911 3958
3376 2732
4649 2843
1227 1018
1274 267
4148 2332
1451 1729
75 713
2856 3158
2387 4283
384 1688
3205 486
1016 672
3118 664
3436 4896
1308 3144
2269 2547
2472 3860
1174 4605
225 2406
3879 3998
2056 2426
991 50
2523 1204
2464 3571
1720 2729
4040 1517
2410 1404
1610 4173
1845 3020
4670 1624
1825 1606
4876 2542
3140 4058
1001 2996
345 885
2374 3550
1413 4929
2946 2000
419 3541
2680 1915
3882 2402
4416 4046
974 4859
2429 1396
1011 685
386 3915
1603 3668
893 4968
3234 980
2382 4880
570 3612
1576 701
1133 3086
693 1619
4530 2386
2077 111
1869 3799
357 144
771 3731
3102 3886
3976 3692
4024 2602
2842 2992
4922 2700
4590 1826
561 275
4473 1326
3367 3762
4574 1677
1228 1095
3247 3499
1635 3588
3070 3770
3674 2804
3327 4156
4684 2571
1023 2456
4051 2076
871 3415
4220 1464
1844 3788
1388 2200
2740 3885
2006 4567
2307 4571
4149 3218
4628 375
2720 1401
2418 3512
442 4819
1314 1136
864 1193
2328 1346
3885 171
3286 3404
2255 7
1840 4767
824 1721
3509 4297
2554 817
429 2578
344 3113
1609 203
2450 1929
93 2356
3961 3901
2221 1235
4462 2627
4606 458
390 2211
2277 2777
4406 4611
3284 2325
1791 18
2543 4787
3733 4907
4332 4668
4330 290
3857 1553
3732 1328
2461 2470
3670 4345
37 1435
1816 472
1564 4014
1235 1211
2392 3190
2941 4767
730 4307
3066 3884
3979 4713
1380 1262
4609 3881
3241 4361
2162 3565
3252 4444
2761 306
2580 4602
2109 1267
4442 4863
4419 52
4437 1176
4915 4619
4599 1182
1723 2928
103 129
489 4566
3501 1691
1113 1391
4230 3257
4475 4186
2295 3492
3451 2334
2491 193
2108 3568
4385 4535
524 2979
83 4796
1471 1889
1051 4643
2357 4126
1168 1221
541 1782
4191 870
3567 549
1861 4876
4411 778
1070 4473
1491 4763
1776 2428
4898 2738
1731 2867
1052 2681
3198 4339
4834 1907
212 2565
2550 148
2023 1944
3448 4548
1020 1864
1837 175
3847 335
4067 2048
464 914
2388 4456
3664 2268
4305 1719
4462 788
2438 4061
4760 159
2312 4228
3182 1994
4848 3194
2596 2709
1155 1139
1536 1002
4972 2367
4052 3479
3536 1788
4881 3511
4265 4807
2002 1290
215 4862
3278 2180
3990 716
797 579
4539 438
2893 782
1927 3849
4079 4765
2535 1409
3057 1148
2476 755
4753 2414
426 739
4571 4685
1785 1626
161 2362
3333 4210
954 746
2865 698
3397 2458
4046 803
2770 3181
74 3254
3578 3874
1021 947
1880 3712
3504 543
2034 4040
2607 2123
3295 3344
3265 2358
1241 2651
1118 2939
1685 2636
4552 866
207 1205
1513 4716
2609 968
2056 615
4536 1386
3502 542
686 2935
2081 4621
2457 4384
61 2800
179 1005
3468 4713
2302 1372
3505 1311
1585 3748
4349 1107
4555 2227
4177 4480
4388 986
2828 1093
4437 3480
450 3558
1108 2936
3415 1658
3170 1927
-1
