3000 2873
2847 1437
317 138
2506 1861
1141 1337
1547 2043
1257 558
1686 14
95 1099
909 1457
606 1773
2597 2948
2594 1026
1295 1616
2052 2964
263 2147
791 748
1501 2772
2834 1014
1210 555
2929 109
2958 696
2376 887
1391 911
1786 2827
1707 2371
641 2016
2668 2780
2779 991
475 2554
2382 666
1617 131
879 2354
1153 2030
2251 436
2288 1988
1999 2975
979 1551
1125 2755
1801 1361
2102 2387
964 2868
2590 789
623 1607
1390 2989
1799 952
528 1010
484 2332
2803 1692
2775 2253
1096 2627
45 589
71 1275
2178 726
1562 209
752 269
289 2659
506 252
480 2644
1440 2956
2982 1059
257 75
163 129
2262 170
1283 1662
320 483
566 2707
1157 2920
1510 2768
1339 2245
497 2736
2686 2864
2106 773
2740 207
1424 1998
1827 2025
2973 1763
536 129
222 29
2728 1949
2555 187
1612 2315
2765 1757
2635 1688
20 1591
2527 1905
417 656
1567 1764
450 119
633 360
2009 166
2650 2080
2470 2797
2634 1151
1470 1113
2736 1299
2959 2334
358 1624
1534 943
2176 1468
796 488
2057 410
86 1487
1054 587
1330 693
2120 737
546 1553
2066 2544
1512 936
4 637
357 653
302 1584
284 1497
2243 632
1507 2662
300 159
1429 2588
2899 2636
1156 1103
1225 103
428 295
2037 2637
652 2486
647 356
338 2223
2409 2548
1258 2149
840 2930
2725 1747
547 1499
1661 1587
1395 560
1704 2831
2929 2357
1037 711
900 432
61 2183
1738 48
1772 2320
566 2496
698 2624
2639 749
1118 2656
52 2381
1495 490
99 1647
2244 582
2161 379
178 1344
1952 2855
1889 958
516 1981
1835 992
2806 233
96 1380
2216 58
2317 531
2850 1816
1619 519
453 1904
509 397
2577 277
1194 2163
1555 2571
1574 977
571 1347
1354 2598
344 0
1298 880
2420 1605
2828 2397
122 2682
417 2328
1111 666
2970 881
735 1867
1097 1804
1366 2886
285 1383
1354 1925
2041 1081
2911 234
1346 2146
2536 2163
2817 2537
2667 371
2675 2277
2171 1444
1674 2322
1181 2916
593 1312
1192 804
1264 2119
1881 2966
1575 1744
2490 2398
2000 34
1496 1772
2881 1053
1132 1931
2174 664
2778 571
702 329
1355 2567
1740 1659
1137 1470
828 1335
2430 2761
2872 2532
1797 370
813 1535
1245 26
856 2020
196 1838
1288 1985
1975 1236
134 1720
2757 1953
1600 1537
671 240
1980 2005
2630 64
1907 2691
1680 2416
2854 594
1892 780
2620 2377
749 35
149 1824
1739 328
1129 1039
1409 642
1222 729
507 1313
1958 2107
1663 1910
1483 296
1983 251
2788 2917
1917 1110
59 2816
2511 958
2561 1496
756 1521
420 2509
923 716
2412 888
2242 2322
2570 2958
307 2261
1307 1954
6 2284
476 1088
1880 1215
836 951
2743 2204
2687 1266
476 2099
1020 1140
2713 2507
451 195
2185 2690
1623 2091
482 800
1939 1732
1334 120
2666 1899
1869 1870
346 1431
1957 260
2283 2793
1968 2219
1463 2425
2246 1517
2182 1352
1677 367
2406 1599
1457 1176
407 151
2939 713
2148 2404
2340 390
845 1349
1200 953
541 907
1866 2858
1066 1454
2819 907
738 2852
1614 2528
2098 1313
973 2752
781 2934
1051 1732
895 1291
2350 1394
944 859
883 2823
1326 340
1080 1570
376 2008
1303 33
2874 2423
148 2960
2884 499
2593 2373
349 830
1474 1826
1784 2408
1340 2563
2411 2540
712 1083
2018 1450
1117 2173
2773 1795
1564 2848
2841 1488
1740 2040
848 2154
2206 1243
189 1753
2720 1915
1585 11
492 1077
1705 871
855 2367
327 2217
2063 1361
1474 175
116 2715
2652 343
2626 2046
1191 1439
369 477
1329 444
2078 42
1024 323
1628 1355
2681 18
800 216
2650 2522
473 1922
385 1362
41 1435
67 1508
670 1347
1148 1168
1722 1047
1385 1713
2619 2272
1856 1443
1386 2286
1916 1428
1094 73
2592 1767
550 2820
1998 722
2386 2846
2534 865
2028 359
511 1353
52 412
2424 1891
1009 934
2238 2904
1518 651
2580 771
1704 696
2445 1398
2839 5
2221 1083
2729 1973
791 1284
1591 988
181 1525
711 46
2427 1034
2547 2384
2288 2868
2948 2311
824 1960
2508 398
2470 1899
1858 2374
1583 2978
1677 1815
2964 1561
1754 21
1943 1670
1396 1608
828 494
1416 1464
888 1627
1187 2835
995 2366
2535 545
2691 1924
1628 1984
2996 5
2684 1369
266 739
2962 211
1461 2276
1476 2448
470 733
554 2646
1726 2056
2732 1029
1558 1993
1655 1824
2824 1862
876 2474
326 2400
494 2449
1336 1035
1543 2139
515 466
1690 2284
2961 1028
2379 1196
1945 376
1776 2379
2548 2401
1780 124
324 2785
1857 1725
92 1844
81 2294
889 2799
1037 2474
198 342
265 1329
2492 858
2743 1286
2703 2598
1769 854
2403 563
2708 706
1171 2217
887 1620
1135 899
553 2589
2724 2370
1892 1179
275 2965
2512 2516
655 19
936 695
2274 365
2806 1100
793 2005
2175 1038
896 493
1051 2327
925 2182
354 312
166 1495
2110 2985
1164 105
2926 1206
1277 1308
1447 1774
462 2177
464 1636
1968 822
503 812
1289 2585
664 596
1765 396
230 1755
91 2139
1696 1648
2955 1422
976 2426
2780 353
604 197
2627 133
2804 1322
538 156
113 474
2675 606
1664 960
2532 533
613 2344
337 2341
2280 758
2531 2043
733 1602
948 2590
2782 1575
956 1302
2178 690
720 355
700 359
261 1862
983 2292
1739 2809
239 2227
897 1967
461 1557
1398 1844
2902 1515
18 32
1806 2903
1865 1169
2776 643
1909 1442
798 2962
2022 1119
120 1576
1295 1830
1154 1680
1414 2418
1175 2114
2673 2195
900 395
979 826
202 2263
1126 1394
1897 2089
2189 833
17 70
264 1306
1098 194
55 1629
1696 2500
2903 1283
184 1943
1921 2585
1328 182
2304 162
2792 496
2956 1345
1957 2029
1039 2295
1592 742
1255 1946
1924 244
1644 2595
2339 2850
279 891
1944 2064
528 2222
2475 2916
1356 1533
2589 1554
2483 1022
1320 1908
1842 2337
1145 2137
2238 340
2032 1840
1186 1808
645 2830
2404 293
1067 1509
949 560
1538 890
1598 191
2391 1771
1076 2953
650 2319
35 1342
2767 661
2726 1747
1249 408
297 808
2685 1203
1937 1388
2339 2739
1568 2248
224 2482
262 1974
2431 1513
335 2591
2566 1972
2679 1522
743 1736
986 135
931 1220
1315 1215
918 795
901 388
1498 1896
1143 2149
1770 786
2663 775
2292 993
2904 1617
1662 639
2407 1906
857 1263
1222 1928
1432 2801
2718 1786
1412 715
1382 1779
2788 932
236 1539
1805 2428
2810 1223
1340 2165
1562 705
686 1847
2019 1659
1284 1867
1107 151
1793 1504
1155 7
1584 955
1758 610
2077 2207
1030 764
2151 360
1006 937
2478 1576
904 1024
2998 157
509 1173
2924 401
511 655
624 128
96 1464
1898 1136
2775 608
1316 2995
823 2095
702 1524
2018 1483
2905 1380
326 2071
674 2376
1871 2541
2922 640
2337 2995
1082 783
2670 804
1813 969
40 2717
824 2645
2820 2986
2187 190
1619 2193
1990 2551
300 2774
1130 945
1905 2757
1936 1751
651 567
940 638
1435 683
2987 1287
500 1091
1654 2333
1119 2295
1641 1204
1683 1499
1116 1481
989 1009
65 173
1290 1949
450 1221
754 402
731 2002
1497 2014
618 1
2795 1063
2887 961
1242 614
1277 1348
779 2280
770 1073
271 2124
1787 874
230 1448
2632 1189
2982 1731
2040 1548
701 2185
1556 2606
667 985
1365 1530
2126 2241
1342 2745
994 2440
1512 2460
752 2794
929 1723
1886 850
1004 2871
361 552
1564 2918
1430 1043
101 2201
2914 49
1955 2748
2879 1359
2632 1285
2416 2873
1944 2951
628 2485
1018 421
463 1087
2580 2636
2116 2477
865 2003
2612 838
818 919
531 2282
2321 1973
2611 1415
2847 126
1560 1966
1767 2993
288 835
626 868
1590 825
2572 2258
839 2633
1614 2689
2464 1960
2074 2232
1682 998
37 2595
514 2240
2203 661
2290 2593
1260 24
1874 899
2208 506
2197 1021
1719 2402
2028 732
767 118
2592 2844
466 187
38 2258
2181 1718
1456 2994
769 1381
1940 462
708 812
2623 278
1684 1104
2555 1752
985 1701
2568 512
1667 2674
1199 16
1136 720
2133 2403
2655 350
2190 576
2316 2588
1263 266
819 751
229 687
2318 2515
2196 1830
2497 1671
2321 953
2454 957
2552 2984
2727 2093
184 1261
1592 1079
322 2050
2656 1078
370 2939
1181 2891
1166 2172
1303 108
1113 2530
2877 772
1641 2486
2335 1439
234 197
1600 1452
1056 1890
2946 561
944 2661
2777 1877
2495 1250
2049 2520
971 188
1405 2287
109 2764
1964 680
142 440
876 725
2154 1462
2418 806
114 2047
2448 602
2570 2791
361 2538
1190 970
444 1000
1819 2423
1966 1626
1075 1550
1800 54
265 1794
104 150
751 1424
811 373
588 426
1748 1529
2458 1811
1804 1048
1066 1507
1941 1719
1919 2702
1727 1963
1099 395
2719 1517
354 1259
139 2764
216 670
1270 676
614 2706
2297 236
1360 2749
1978 1267
2099 1282
976 2777
1918 1324
364 553
303 1351
2652 2981
2935 769
108 1843
1621 2910
1413 176
1927 1267
1253 2329
967 2457
2932 2784
1733 2541
1714 2042
2647 697
2835 1954
962 2838
2157 2184
1831 682
141 766
1005 1593
163 1057
543 1060
113 1648
631 1139
1887 1996
783 1036
1854 1888
1345 938
223 488
724 1193
941 1922
590 2550
737 107
1615 557
534 1961
2740 1020
155 1884
1603 2196
1893 2029
728 438
1169 589
536 1820
247 436
1632 123
2518 1456
1637 112
1189 12
2203 1273
2048 1187
2332 2545
1580 312
1288 1395
2994 1417
2348 689
1293 1138
868 2802
2192 1480
2082 2266
1393 2361
993 561
1789 1724
2546 2291
1685 1165
698 2059
1846 248
2317 2471
2783 736
1629 1887
2756 1794
2125 2514
339 2569
750 2543
1756 192
1703 1362
681 2015
251 1695
2860 54
706 24
104 1030
2859 281
2143 138
1500 2007
2375 316
649 2326
155 179
2356 2625
863 2665
2503 1660
1460 1356
2504 2094
2207 2406
1202 89
220 2279
2405 708
1541 1441
539 347
180 2892
1304 692
781 255
1153 2708
2977 2523
1503 2503
1386 2285
1479 384
383 2786
2214 2131
942 2726
2943 2453
723 2175
253 685
1107 734
1516 2465
2725 2164
601 1084
2735 2870
1812 2255
2759 740
31 721
2919 2105
1623 703
2058 638
1400 2804
2869 1689
274 2125
375 2888
2601 2546
2658 2863
2880 397
2380 39
63 1551
2756 2992
2468 1017
42 815
2554 1218
741 2859
2797 144
500 1805
253 1201
1108 1842
2963 2571
530 2248
1392 2254
2998 2911
966 1836
2021 1399
2550 2927
1761 1434
788 2345
717 2551
2670 2836
780 393
2800 2222
548 2313
2489 864
2901 635
2492 2254
1305 2631
709 658
472 2662
2575 298
715 2669
811 268
659 2234
386 2498
1139 521
1281 2064
2045 2275
1471 1027
1837 2282
1446 1866
192 2075
97 131
1036 181
345 2308
1722 2674
478 2198
1874 2101
2812 392
2010 917
140 2120
1883 1676
935 2429
1809 235
1137 61
1989 84
2085 2286
1130 374
1164 2559
1571 2649
501 1331
1666 1411
848 2603
988 2326
1140 98
916 2506
1383 1249
1227 1946
1556 2697
2026 310
2753 2892
1985 2487
2430 484
128 2041
577 867
1563 1297
2457 2197
1532 2354
523 2013
2581 2092
432 1956
2987 1544
1165 677
2152 960
2070 767
2019 1582
2694 1229
613 1160
1116 1086
2888 580
2434 136
537 1286
2734 2529
1694 1399
2607 2908
1087 2500
1987 841
283 2123
1332 2056
1928 1782
1976 1926
628 388
2663 2051
1951 997
15 283
2913 1750
535 1537
2789 1594
2722 2088
1469 378
744 2885
747 688
1565 1233
205 2417
2721 1351
1231 1802
1455 1138
2957 2050
1955 1541
2671 637
1418 2724
572 2879
2615 2251
425 2232
2882 1241
1016 658
2591 1368
1508 1152
2538 2979
1553 2608
2079 975
34 204
2505 2877
2224 1473
927 2078
1109 735
2462 1501
1654 2065
1469 1678
2587 1142
893 2887
2489 1271
121 263
245 460
92 676
19 2480
1082 1046
961 2985
598 2210
2214 921
915 982
694 1272
72 1256
2035 955
43 2045
2846 1213
2428 1763
2843 1245
1986 2312
1131 341
408 426
930 2264
672 1526
1697 1293
532 1487
2118 562
183 2302
2762 1510
2074 1909
63 250
481 2211
290 1405
2231 382
1634 881
2267 2452
2749 718
2700 467
2805 443
1357 316
438 2607
1227 2236
2882 1044
559 2989
1291 1505
1074 1070
1599 1194
2438 2309
2460 55
2111 1302
1523 405
743 1647
380 1064
2886 1390
455 2410
1752 1317
2540 319
2951 1606
2654 459
2437 951
1178 854
2270 612
2121 366
2531 469
1231 805
1052 2350
2978 2323
2301 1923
2613 1913
1027 1337
1466 393
1028 344
2388 280
2508 950
1671 2617
504 1601
2036 1783
1550 2893
1933 2928
175 852
2754 1061
1868 2728
127 434
544 1878
1205 903
74 1775
2170 1054
1820 2385
1669 657
784 1630
2878 2240
50 1536
2563 1604
1481 2980
2039 745
2942 351
1962 44
912 1795
2733 2976
2614 1026
1323 2524
60 573
521 2849
1050 1996
320 1304
2819 1160
2007 885
1691 2704
486 84
599 898
413 1527
413 1502
2137 2511
276 2090
2758 448
2417 1695
2169 418
158 792
2176 1803
227 1226
559 1250
1784 2118
2739 2484
1796 1112
2160 205
2228 1963
618 2671
1975 2832
2001 1184
1930 1793
2049 787
2582 1477
2767 938
2135 2111
1143 1123
1247 813
2330 491
2654 518
2300 1590
1528 1324
1050 419
524 2703
1276 2306
159 2714
1159 802
169 2812
2622 1152
605 2481
1374 2583
615 1667
565 2465
1057 1633
1979 1819
294 1407
2769 2090
1078 689
298 999
2858 1378
2132 1639
223 2638
1605 1927
1298 287
231 827
212 1429
164 2345
2686 2476
2310 1571
1068 1981
2618 2979
232 1431
2494 352
1023 2144
551 429
2027 2870
2547 1230
47 489
26 1017
2539 2259
2865 2954
1463 2145
1445 1205
2187 88
1171 1531
2933 2070
544 1687
1936 1547
191 1639
1341 264
724 1011
2342 1781
1440 2710
422 1450
389 1370
2160 2347
2966 2031
2268 516
148 2917
794 1873
1581 2746
1942 1589
111 73
2391 2758
1448 2944
580 879
152 2896
1953 2113
2910 2262
754 659
1451 1452
457 713
1756 2521
583 46
913 1310
1595 1994
2925 1598
441 150
2699 1572
1815 2604
2479 921
382 1726
118 2164
304 1364
83 776
830 1419
1381 2372
434 1540
508 1948
2174 2396
2381 1081
1627 1162
1766 2347
1522 1442
1665 1158
277 1632
2915 352
2969 2742
1636 513
1375 2396
1484 2427
1425 784
2188 1072
607 2020
2392 2036
2821 656
831 2274
2513 140
22 492
2692 2336
1972 2271
1876 2851
1441 691
1274 1549
2346 2383
1923 186
1327 74
2934 1240
2869 2466
971 2291
1906 2236
547 2094
1240 1669
2482 2737
586 2464
2729 787
2227 336
85 941
1721 2499
117 1566
1674 1378
1566 1391
1894 439
729 1015
984 1622
324 959
0 583
1211 1292
644 1882
260 2883
2413 946
1142 330
922 503
1753 2325
1597 688
1234 2664
942 1920
2901 270
629 1817
2233 94
286 810
821 2653
2798 2586
747 501
14 859
1751 2594
153 1948
2990 1112
20 2988
379 514
1363 2393
1262 2363
259 1608
2577 282
1195 349
2629 315
2807 1676
2730 1375
110 2198
619 2438
2825 1930
2712 2436
2502 1558
2822 2123
1950 2507
1822 301
1851 1902
1609 2738
2095 2453
609 2245
1261 2432
2895 1679
982 1552
2603 1122
1149 9
25 649
2138 2249
1466 27
1198 1409
429 1534
1255 1414
1073 2069
1473 2760
1309 2042
2385 1238
1100 498
389 1256
2477 601
1620 314
58 1727
2808 470
1163 1279
591 2000
2825 607
1404 2795
2069 2293
667 1888
2399 1692
248 1837
2937 1460
2290 1121
225 1264
1750 2145
1015 2264
1420 481
2083 1319
1349 2533
1179 2514
1465 1479
218 208
130 2946
196 387
2906 2931
2745 2543
325 99
2730 456
2283 1308
257 1528
1467 716
2582 400
423 1926
2209 1768
2368 2319
2411 2642
1001 182
1190 2519
543 946
1883 2209
2576 2808
1832 1002
2927 371
817 1176
1829 2256
452 569
2009 483
2 1269
2947 1785
69 102
1557 1760
1407 1803
650 402
2558 2522
598 1109
2071 1995
842 1785
2447 1552
301 2425
1760 1279
2223 363
2351 1513
1774 180
2823 807
836 1527
1447 630
2953 1886
411 2188
891 2839
97 91
1326 2063
1206 765
1478 1967
1663 2915
1708 1040
1343 1305
2278 2564
2770 646
1003 2560
1035 1281
2250 1688
2397 2936
1363 362
1759 1209
403 1741
1783 2331
2213 1415
209 1635
801 2520
2746 86
677 739
1642 1085
1403 17
1430 974
1406 2192
1817 1969
1180 856
87 172
1828 2734
367 455
2053 2616
2648 2641
897 1411
381 564
471 746
154 1226
2717 2845
243 2144
2452 523
2105 1843
2278 1166
522 2013
2382 2803
2213 2239
1408 368
1700 2832
1322 2429
2831 966
161 383
2257 1911
1904 931
2318 2814
278 1947
585 1616
2853 443
1259 2437
1301 2897
1769 28
2085 1170
430 1587
1346 1724
1595 674
2860 762
2707 281
2141 1417
1898 2925
582 467
2386 2875
2112 2637
1673 2451
846 2664
864 2256
1162 2441
71 1984
1935 1273
2601 645
1625 2766
134 1546
1331 1744
1364 2907
2166 924
777 1462
778 1612
1397 2285
2545 424
807 906
1503 2818
2659 2673
478 2358
647 2750
1872 718
866 2267
842 1733
2702 2277
2443 1606
1257 1060
2919 2826
2993 892
2807 1343
2908 170
149 1743
2622 857
1382 851
2414 2602
485 2848
1401 122
669 1150
1579 2699
818 1207
2006 2368
1207 694
1689 2992
2526 199
8 2390
112 1185
1545 538
870 498
458 2158
983 2926
668 1127
1779 2030
2226 1925
475 1728
2190 2963
407 2233
468 2367
1029 1358
291 911
1543 107
1196 1880
162 2837
1921 1210
1642 2833
2785 1645
2678 874
374 2121
2313 1475
330 2033
1710 2517
2081 1657
2275 1766
593 2553
1174 1156
1524 817
2272 1209
1494 479
2003 297
969 2408
1049 1971
194 2596
445 605
2658 695
1044 1221
1839 1986
1069 2865
1645 2902
362 2781
2101 2421
753 57
313 465
669 570
2499 533
279 2343
862 106
1131 1801
2621 2365
837 1120
517 1151
2575 611
616 1684
1962 22
1532 2459
1896 2073
280 133
1065 1387
143 1582
619 2608
803 459
1211 1947
2938 1870
1993 2243
2051 323
1173 315
2713 2127
1262 1796
2075 1539
2433 313
457 2218
2625 156
513 2004
2057 653
228 1290
843 165
228 2875
2476 2779
2447 2472
441 1702
1287 1011
256 2900
806 1278
2516 770
1103 480
2348 89
2195 1490
2960 1318
1942 217
295 1903
1683 623
2422 2581
331 2156
599 1122
65 2247
2394 1058
1675 1594
2945 1097
723 996
1178 2810
2690 1864
1879 562
2574 822
2231 11
726 2556
1155 1813
548 314
348 2150
939 569
47 1252
32 1672
1765 1549
1656 1022
2790 1586
799 2866
552 1061
1118 2692
502 2093
1634 1458
2923 535
999 115
1174 305
165 2735
1573 844
442 1920
2388 858
827 908
1274 2954
310 2172
1846 808
2914 2997
1633 39
1937 2975
1583 719
1403 2410
834 2191
2535 1025
1300 405
160 1521
204 866
1712 615
2341 343
2325 699
1309 1158
2115 1468
1056 2373
2409 1969
2401 2165
725 1611
1128 372
2741 1053
1816 1940
2655 451
1163 927
917 3
1701 773
90 237
540 978
1729 1581
2307 1025
1192 1091
2142 1790
2426 1833
745 2002
350 1585
2667 740
760 846
574 761
2327 1125
871 793
1555 847
116 1064
62 1897
7 2249
145 1879
2127 1520
193 949
530 922
1092 1746
2244 1588
217 174
1110 710
1204 2809
168 9
1311 1453
2394 212
2510 798
1651 1369
517 1500
2237 2635
215 487
375 736
1268 1664
2433 1563
226 1840
10 2567
1838 778
772 2415
338 171
146 2787
1090 2633
2097 2778
2115 307
331 2265
849 2519
1565 603
261 232
2596 2307
2937 173
1601 2135
167 2184
2677 2614
2281 2564
391 119
721 244
1681 302
635 2921
906 1045
2180 2841
1626 2414
777 2117
241 587
378 2768
2395 2932
185 2723
2208 2316
1045 339
246 918
1208 2053
2328 499
2268 1007
926 1476
2369 2023
1911 2061
1233 1129
1325 101
578 1458
2693 1120
1681 1253
1950 115
458 1389
124 2684
2643 2742
364 1762
801 296
2450 1177
901 132
1271 1236
2889 1401
1725 1745
1974 2073
2463 2715
939 634
2138 399
690 1335
2642 2239
853 333
1580 1621
233 2179
1237 2950
2365 2510
620 867
387 1855
1873 802
335 1869
2856 2435
1912 1523
53 965
2153 1977
2842 1384
2977 2167
2441 1833
796 414
423 2162
2360 2857
609 2370
1638 1315
2562 2303
1201 490
1203 2838
1646 1485
2576 2287
1454 2544
2199 1388
2935 90
2124 2878
2259 1791
1991 2530
2253 852
2420 1730
1850 472
2584 1312
679 2067
1679 1260
2289 2640
409 2957
2842 2400
2495 510
247 1520
142 685
882 738
347 2771
964 2855
2950 94
2455 27
1265 1449
551 2968
1759 404
2889 127
980 1432
479 1780
847 2761
2434 687
1631 282
2815 1282
2867 110
366 2097
1574 1389
2615 795
325 2610
333 555
2281 1885
64 882
2579 1698
2693 1314
889 1294
276 2081
267 512
2461 2833
1979 673
1745 2167
952 1871
2170 4
1852 1710
158 2156
83 1157
1094 948
1932 2158
1478 1038
239 2786
2375 2512
1707 1235
1494 2171
965 1188
210 2443
1213 1570
2861 744
1043 1436
1095 95
2055 2574
984 809
1488 2681
1829 2721
1821 693
2755 238
1046 2487
2355 322
1908 1720
1491 1836
1644 2811
797 293
211 117
78 2909
1567 654
2296 2789
1146 940
2907 2782
1325 1821
1857 909
2110 496
1184 994
1074 1734
1586 2072
2255 1047
2230 1561
1177 2177
53 2829
1080 136
2738 246
2638 2754
474 1400
2183 1637
1170 803
2857 2006
2528 1437
415 573
1702 121
1005 1902
1912 849
2468 2076
1127 1646
884 910
289 1800
1810 1976
210 1161
1377 756
707 493
1932 1041
760 2117
1246 2609
748 2660
290 1072
2529 1814
1379 328
377 2012
2852 2436
2212 1426
235 1449
986 311
288 57
794 23
2039 243
1248 106
1609 2146
2578 447
2665 1416
1658 1618
473 1235
1445 1247
2143 1685
1554 2392
1218 1519
2822 2759
2260 1716
1244 403
815 2413
665 219
1938 1959
1798 2783
1812 177
446 2765
843 1971
337 2762
2004 2974
390 2645
1651 2193
1526 1065
1374 380
2828 66
697 1952
227 534
1792 1370
1258 2905
928 332
231 1387
835 892
2560 1330
2485 1033
1834 1903
2578 1123
1063 419
1276 2134
1443 1266
311 2763
2142 2181
2682 2220
1673 2080
169 59
629 572
2352 305
464 1438
2611 502
1511 1693
826 831
415 850
1657 764
1835 1690
2496 1959
2054 1048
1610 49
579 2817
1504 1788
631 1731
2237 2294
1069 550
2711 920
2493 2058
763 1055
1003 1102
1419 2924
214 2573
1650 161
1916 1894
634 1773
578 851
2086 309
2497 2151
2060 934
198 1055
1111 2015
1482 1548
2680 2801
576 621
1090 2023
2798 2206
579 577
1757 2980
1105 1418
1296 2261
482 1197
1895 2621
2502 229
875 176
1278 1978
1709 2205
591 592
433 2836
2661 2024
414 1144
1705 923
759 870
1232 860
62 2689
240 734
410 1052
2407 2311
750 469
1498 171
2676 449
1885 2194
2293 2415
902 717
1019 2031
2834 267
1826 2459
272 1150
2709 525
2104 2330
43 2186
249 2229
681 1749
1723 2159
1316 1021
2657 673
1660 1219
2362 430
2873 2384
224 2723
201 1366
1490 977
1168 920
2922 652
420 2100
1666 2651
2226 2112
225 1933
2444 2383
1085 2466
1202 50
1384 2586
2814 1655
2356 1321
1001 894
2242 2119
1929 342
2748 1367
2710 1798
2776 404
665 2824
1875 2412
2856 2469
990 1294
1338 1777
2344 1670
2140 1126
625 384
2116 898
2871 2455
2718 1593
1191 2629
2122 1589
642 2895
537 2796
935 2109
1988 671
926 2147
2247 2616
40 610
990 1198
2189 1935
1661 980
895 626
1845 1864
2191 1234
2061 2402
454 832
2130 2505
2216 1396
1863 1115
202 1848
2796 1092
100 365
2442 662
2488 2504
1788 2132
1238 1132
1217 709
2130 823
1149 2349
590 570
2606 1339
840 2711
16 908
1854 1535
1519 2493
1730 2716
1672 1237
877 2561
2338 2263
1491 2704
913 975
1703 1917
1461 226
284 2473
678 991
1743 132
2450 2942
633 145
2802 2360
1317 439
1246 1878
821 1668
2067 2811
853 1115
1607 1320
1635 1876
549 2435
2805 2549
2604 1849
454 2558
1032 621
554 2035
639 1799
1650 2657
2235 1182
564 556
1717 88
542 2380
810 2844
287 1855
1224 1336
1006 2881
2897 1332
2372 928
269 399
1477 2676
424 2037
1841 1217
2549 1016
1728 1533
185 351
1402 872
391 1895
2352 318
2791 612
1782 2651
2672 2959
2246 1506
727 2349
974 929
2864 1033
285 2769
2034 477
2083 1114
1938 2136
1147 1761
2475 2566
2289 2336
1901 1825
497 2680
2898 1560
2461 303
1792 1242
2646 12
2161 31
1624 2498
775 2827
1994 532
872 2358
2624 2010
2038 294
1108 495
336 2968
1802 1106
2462 2296
412 1265
654 1965
2087 814
2518 262
1814 699
1154 2705
445 2220
657 2694
2678 1622
1406 1716
1472 2909
707 1023
1901 2653
357 2271
574 2473
1939 2666
2940 1338
1851 1951
522 41
2885 581
1459 1134
519 2815
2967 838
449 1200
683 2008
912 1254
2800 186
368 1980
2620 567
1531 2017
1715 1863
2840 1482
998 332
1832 2945
1884 15
1687 2012
1032 558
2552 463
937 2572
1379 2732
2949 2913
701 2361
2265 2685
114 2230
448 1148
2967 355
1970 2126
1014 87
1694 2398
2088 268
1945 2467
1197 954
1717 2076
1982 471
1188 2965
957 2103
1572 1434
2456 2442
663 2141
1990 1410
2602 1493
1518 956
692 1700
2536 2303
1853 632
1834 1831
2753 1989
1777 2556
2128 1881
2813 2906
761 662
45 178
556 1299
206 2763
2297 2816
1002 1776
2351 1982
465 418
1859 1292
157 66
1653 81
1742 2793
2918 385
746 242
1268 2387
2973 372
406 1105
1285 1721
508 1270
1365 2863
321 2276
2894 1433
563 527
1010 510
80 712
2091 1408
2557 2991
2092 581
1809 1307
28 317
1199 256
1811 2422
2891 2524
1861 51
779 309
252 2186
2523 1714
2463 2483
1321 2309
2432 1433
1453 2180
1067 258
2479 2526
2669 2553
1919 1377
995 507
727 2342
575 1668
1918 2752
2605 2333
2312 1451
1845 416
2539 2542
877 1713
2366 299
2162 728
1272 2890
704 200
1159 70
2677 189
2169 2837
1698 1310
682 1444
56 2393
763 886
491 2613
2941 8
1965 527
1758 679
2152 2235
1079 924
1117 358
2419 2829
130 845
799 1729
1868 1755
2986 1484
526 2109
1420 1076
1300 2033
1124 1741
2984 2159
1841 98
616 400
1709 809
2695 2515
524 2017
1546 1848
21 2648
2969 829
2308 422
2890 1096
1631 2087
2001 1502
596 60
242 2623
2774 2784
1771 2
967 1353
427 1141
2424 1638
660 1031
789 2454
1102 1715
2334 825
797 1931
75 273
1357 1544
341 2644
758 1106
2338 1040
1850 2234
2744 2491
2100 1618
2440 195
1446 1410
2696 1545
1095 1712
2353 611
648 401
1251 686
978 837
1889 1068
2696 832
427 2260
2584 863
2569 774
753 2140
1961 1058
2587 2355
2687 2639
153 56
2458 1781
2727 468
1538 2150
643 2431
2014 2894
2813 525
1718 1807
1228 406
292 1373
1114 1847
200 2363
2166 2772
646 1438
2760 1007
485 2062
1323 2444
2055 1515
1301 193
36 2949
123 515
2484 1686
2022 841
557 2731
447 2534
2931 2610
1839 1509
2494 2279
630 1999
2731 1314
930 1734
943 1652
1086 672
959 1682
1516 2716
1195 345
2737 2830
2026 2501
1882 1306
1977 2302
486 377
273 2157
489 2618
1506 1970
1104 886
2266 1736
890 1311
1219 2399
759 636
2038 2148
2343 1180
916 710
2421 2733
584 93
190 2133
2672 678
245 792
452 2034
2631 2134
1770 2065
2114 1212
1577 1019
2883 2194
2952 1128
346 409
919 1084
970 2369
2153 2706
237 143
2113 250
2634 1216
2647 44
1475 2843
1530 2257
369 997
2329 2709
2419 834
2098 1825
2211 2179
2210 1041
2896 1603
1787 1610
487 2771
431 1186
2472 814
1296 2961
2103 1098
2513 2205
2947 208
270 620
1421 1193
1656 1791
1602 199
2371 2818
2537 2131
896 641
334 2880
2062 2491
992 1012
2792 2773
329 602
1471 622
2086 2697
2643 2559
183 1348
2874 80
604 545
1254 218
839 2700
2204 2884
2335 1397
1133 152
905 1525
221 1093
1426 1144
2840 33
318 869
1678 2826
2971 1147
416 1373
2300 2225
453 2060
2304 1858
1797 1697
1225 2936
592 549
1827 1929
1428 668
1579 2741
23 1768
188 396
2106 2357
2362 164
1421 206
1956 2299
2079 526
425 518
2224 2770
884 334
1248 2605
2488 103
1807 2562
2359 989
2712 1907
1893 1049
308 1360
1890 2955
1367 440
292 2619
3 2722
2104 2930
2944 2853
862 2024
1983 2310
1146 1754
431 963
1865 102
2612 2799
2649 1224
1232 575
139 1941
2867 1334
1505 207
1425 2893
78 1327
1376 2557
69 363
2996 100
705 1872
327 2854
644 1134
1358 386
1596 700
2628 1991
2219 762
504 1737
1693 855
2781 1368
2990 691
1604 2744
1393 446
2480 1853
1540 636
790 2641
1711 542
93 168
495 2872
1822 135
2568 2016
1806 1511
954 6
1828 37
2299 2974
663 1175
2021 2173
963 2866
241 1711
222 1492
1472 648
1376 968
258 167
442 2970
2340 741
790 2048
2981 2122
1529 29
2787 608
2228 2102
1891 2542
221 126
2630 624
1229 973
2851 1987
1856 2027
2052 2306
2059 1455
2320 1251
1691 1810
2467 2898
1392 2976
2047 1228
902 179
2705 1359
945 2301
1577 1318
25 72
2900 2490
1915 203
1877 1746
2471 1625
893 1658
819 2750
2849 1341
2449 765
1241 2527
1404 456
1467 2481
1385 2456
594 2640
869 1849
617 2331
2478 731
622 1133
1675 2089
2298 2221
1328 1018
1216 1093
203 2626
505 1778
540 2025
1289 1790
2921 2501
1004 2714
2229 1748
904 704
48 1913
321 2439
2066 319
905 2469
2451 1568
680 722
304 2720
1252 144
1269 2821
174 875
2991 915
428 154
1075 603
1493 2225
356 2374
411 2128
1 2899
2928 2250
2845 85
565 617
1413 1319
2579 2766
1958 894
460 505
584 1124
2072 2923
776 36
1964 1059
2997 67
910 172
249 353
996 2941
2107 1492
805 829
1480 2395
2597 1070
1145 640
2938 1402
286 2617
2583 1412
1185 1275
2199 1220
1459 732
421 1352
1778 51
373 1077
539 2573
1597 742
730 2298
1223 2346
271 1230
433 546
1182 10
381 1665
1652 2405
461 2439
1297 833
844 1121
968 1708
2323 2136
2445 1875
38 255
1244 903
1212 105
2861 2218
1243 2952
219 1653
177 1789
932 1852
880 719
308 1808
1135 259
299 1737
2971 146
238 2270
703 925
541 1344
2378 2054
2660 1536
2046 771
962 2790
1859 2920
786 220
272 1161
860 275
1573 2378
1995 2201
111 2695
2668 2315
392 2032
2988 2679
1775 214
2359 1485
730 291
2794 398
766 588
1910 2377
1611 883
950 1738
1764 1034
1596 2517
1031 774
201 586
2353 1588
2212 625
1615 2940
2241 2533
1088 1630
2521 141
1749 1422
1742 2628
1436 2943
2509 160
788 1208
-1
