10000 9927
95 9095
8856 6523
9067 3657
6523 7026
85 8763
5246 8324
8282 3268
1123 9494
9593 3268
7026 2716
2684 1744
1784 3657
9705 4754
5101 8802
7315 9593
9443 736
7786 2007
-1
9579 616
1136 657
1047 2100
4781 6473
9891 2874
1744 374
616 8639
7120 9772
4754 8602
4781 4812
8569 1784
5246 6291
6655 8802
5291 657
5024 5291
8639 9013
8027 2874
4812 9299
1935 374
3982 8027
9443 5503
366 9676
4173 7762
4568 4745
2780 85
6016 7135
1935 9801
7544 9299
8748 9801
8569 53
380 7544
2065 3982
4173 5016
9676 6976
2007 9859
6291 4514
4798 5016
9859 7404
9597 2716
320 8375
2100 5751
6976 304
2065 7834
4568 2291
8514 5503
4133 9615
304 624
4845 7834
8962 9494
53 6790
6907 624
4502 6016
5905 7404
7315 8623
2520 8962
5086 5905
4514 5658
5024 5379
1450 6907
6012 4133
8623 4611
3823 4798
51 5751
8375 8547
8547 2521
380 6131
6839 4611
5536 95
6131 534
4319 1450
6719 8514
2879 9013
6012 652
6839 1962
2179 2780
4596 2179
4502 5234
7970 652
4596 2772
3616 2520
8748 3392
6719 634
9005 1006
7970 1611
7406 4845
6472 6790
2521 1282
5379 2715
3392 8620
51 2538
4032 3823
2938 2538
9992 2938
5658 1632
263 634
738 4096
9587 1006
7406 9589
1085 1632
8620 7515
9162 1085
263 4734
6655 5792
8602 5762
341 4032
5234 4179
332 9772
5536 9297
4950 1962
9992 5571
1611 8549
702 2715
3616 3419
3419 1957
9297 6173
1347 5792
1957 1934
2907 7515
9771 1934
332 641
4526 5571
9028 5921
4734 9986
341 1909
3780 9986
4300 3780
534 9742
2240 5086
5762 9658
9317 2953
8367 2772
2291 6635
5921 9677
9597 7893
1909 1692
7720 4950
4312 9658
5705 1347
6635 4799
7385 26
9139 6472
9589 4097
2907 3834
6173 7193
2708 4526
7140 4312
2361 8367
1194 9162
9727 2240
7050 4097
9139 7725
5705 319
7550 2361
7550 7240
2297 9677
7793 3218
4528 7720
7078 7140
9376 9727
9376 8374
9888 2708
5597 7725
7893 5143
7050 6169
5098 2297
9217 4528
600 1692
6287 2879
6542 1282
6169 7606
4078 8549
8475 7606
621 4078
6542 3740
1845 9771
3318 9217
6704 4300
5902 702
4362 8374
9923 3218
1194 2790
6704 3213
4706 9888
3785 9742
5098 6530
3213 5907
7385 7823
3318 2042
3834 7398
950 600
7925 7193
5902 5412
5907 8873
7078 5345
4319 7079
7240 7485
3601 8475
2636 1845
5255 621
2042 3621
9940 8873
3601 3841
7322 9940
2636 7756
7398 9594
5157 7079
1334 5597
6287 4448
4856 7322
3621 9562
5255 3904
4949 950
3841 1624
319 9066
719 4179
3785 411
811 9587
1684 2790
1480 1624
5143 5897
2745 4856
7192 9562
7204 4362
411 4169
7485 6355
4169 2375
1684 8118
5345 2449
2745 6547
5157 9520
2375 6017
4668 719
949 5897
6040 6017
9594 2331
5599 2449
7224 8118
6021 6040
5997 6355
7468 4706
4799 1092
533 1480
6187 949
1334 6088
5599 5839
5997 6075
8700 2331
9923 6836
6547 6822
22 6088
1695 7823
3904 7710
9520 4162
8700 645
7458 7224
4448 5123
6822 9981
7458 6613
947 811
7838 7192
7838 8688
7005 5412
7925 5093
9739 4162
7756 1397
5650 6021
9901 533
5650 9993
9123 9981
6414 3740
2142 6075
6530 9961
4949 9686
9961 8745
2093 8745
9739 2895
825 7468
7710 4651
6613 313
4327 6836
7562 645
6116 2142
6116 9051
5873 5839
8688 5411
825 4801
7562 6538
1092 6439
8202 5411
9066 6906
266 5873
8123 7204
5123 5661
8651 9993
4801 1486
6187 7381
9997 4651
48 9901
8858 6538
1486 749
4772 7005
4668 3226
4327 7621
4820 48
5093 4196
641 9618
9123 4773
6744 7381
7086 4773
3761 6744
8202 2804
8261 1695
7973 8123
2093 1919
6045 1919
8858 3460
3526 9051
8201 6045
5640 7973
9301 1397
4196 9948
8896 8201
9301 2192
2192 8652
8981 313
3452 9948
2804 6748
3261 6414
6748 4392
4718 2895
9686 6973
7233 6973
947 9570
3544 8981
2324 3526
6906 9459
749 5781
7328 22
4508 5640
5788 4508
3818 8896
9459 2732
9195 7086
1274 5788
758 9195
7328 7896
266 4455
1032 2324
1405 2732
4963 758
2511 7233
4820 1200
1405 5064
3158 1200
2511 466
3544 155
7621 8496
9668 3158
4257 155
9618 9822
9457 3452
4718 3644
1664 3644
9997 1602
2366 5064
7896 227
5386 8651
227 2974
1602 9599
9218 6439
6216 4257
2412 6216
1013 5386
9599 5439
746 9668
2217 1032
4772 4700
2993 466
3818 9893
8652 6125
2993 9651
2366 6096
4700 2814
4455 1732
4287 746
7704 6125
1013 8839
8563 7704
5439 7200
8563 9694
2379 5781
9457 9277
2974 1175
9754 7200
2445 1274
842 9694
723 2412
723 6070
2579 2217
4374 1664
6799 9822
4963 7126
6070 8352
8496 6773
5661 4119
6810 6799
9651 2954
3958 1175
4710 3460
7765 4374
9277 6377
6594 842
7126 2332
4964 6096
9754 1772
2445 4446
3761 8759
3760 4964
7150 4287
9570 3173
9218 9197
7150 9528
7425 3760
3366 4446
9197 3768
9528 9386
2332 5821
3014 3768
1747 9893
6810 1928
4710 3702
4392 271
7765 5820
3928 3958
6230 8759
6843 2379
1747 3507
7425 2483
3291 6594
6230 899
4182 3702
4182 1804
8839 692
9386 3373
3226 4505
2580 8352
1393 3014
4847 6843
2626 3291
1772 2184
4847 9335
9068 2579
1804 972
899 7822
2479 3261
4835 3507
1769 2814
692 2390
2400 8261
6903 2580
6903 7067
1393 9640
7908 4835
792 148
1778 3366
9332 2390
3964 7067
8456 1769
9332 2243
4336 9068
5827 9640
6723 7822
7591 4119
972 3638
6579 4336
847 7908
5836 5820
2626 2927
271 6030
6337 6377
2184 5550
1126 1928
8440 847
8456 6732
4505 1218
5692 3964
6408 6732
5054 7591
517 1778
1218 3752
6773 367
2479 5964
6579 138
6408 1865
8440 8032
7487 8032
2430 5692
1931 5821
2927 558
1126 7524
919 1931
5827 6517
5964 3396
8129 2954
5702 6517
6723 65
9347 5702
2076 3928
6030 4490
6337 1677
1732 1390
2816 367
-1
7533 7487
9507 558
517 1447
2483 1568
6020 5836
7424 3638
2430 1283
5573 1447
9040 5054
2816 9207
9347 7481
3173 72
2243 6940
9335 1109
5034 138
482 7481
7524 7412
919 5488
3315 4490
9441 1677
3734 1283
7354 3373
7369 3734
5488 8984
72 6400
4642 9207
4909 5034
976 6020
9441 1552
7354 74
7412 9435
6400 935
8984 1775
1865 1529
3825 9040
3695 8129
1676 7424
976 4233
5573 7903
2549 1552
7903 8907
1502 1109
6940 6690
935 6476
9507 9557
6690 5225
8176 1676
3695 9824
1390 2543
683 1568
1529 19
5225 1723
6506 482
4014 3825
74 8556
285 1723
7695 4233
2401 19
2549 5647
5971 2543
9610 6476
3315 3128
8907 2383
9824 9043
8556 8002
6506 3063
5978 4642
2352 5550
8002 2662
8176 5834
437 3396
4131 3063
9682 9610
5971 6857
7695 3364
2512 9043
406 3128
715 2512
1502 4029
2400 5314
9557 1645
2076 5522
4912 3364
5203 6915
7369 1260
8179 4909
7060 285
6955 1260
4912 9077
5822 5314
3300 1775
1645 6993
9077 3408
3846 2383
5608 5522
186 7060
2474 2662
186 587
4131 8736
587 1983
588 2474
588 2279
2352 2241
1983 911
1564 715
6527 3300
2333 5834
683 7657
8254 6955
2241 7347
6857 8266
9682 8358
8411 2401
8292 9435
4132 6993
6208 1564
3846 8706
7559 406
7533 6676
5292 3408
5647 4070
6172 7559
8266 3080
1396 4029
9886 8736
7347 3728
-1
6527 8364
3161 1396
8254 5014
2697 2279
911 4545
2462 9886
8086 8364
246 4545
8411 1094
5822 4238
6676 1439
4014 7599
6172 3566
5627 7657
5608 4851
5292 631
7483 2333
3566 2527
4238 1964
5066 1094
1321 8706
2003 4851
8994 3161
65 5116
1295 8994
2810 5116
5627 5934
6935 1439
9664 3752
175 4132
5813 437
7283 8292
9975 2462
3348 6935
5728 8086
5014 2122
2527 7389
9834 3348
6886 3080
4520 5066
5038 8179
7283 6938
7913 3728
5885 175
8809 8358
8565 1295
7389 819
4769 2697
631 8455
8377 5885
2003 7811
1321 8681
4536 6208
4769 5110
9675 9975
205 9834
4164 7913
1504 5110
4164 4141
5207 8455
5150 5285
5934 1357
5728 8451
7902 2810
9675 4679
3651 246
206 1964
8377 6197
4154 819
1504 8904
205 1593
6197 3862
4853 8451
6962 4853
3862 7034
8215 4070
9250 6962
7959 6938
4861 5207
7757 8681
717 5978
7034 4
8215 7020
206 5794
8870 7757
8373 8565
2122 1169
4679 617
5925 9250
5596 5038
5868 4
5868 9216
1510 3651
1554 7811
717 4752
4861 6407
617 3953
30 4520
441 8904
7543 5596
4752 5529
6458 7543
119 441
1554 5077
5077 1542
5813 4813
5794 1071
607 4154
30 9583
7959 2856
1827 6886
1510 1802
8373 2318
7105 4536
3953 6360
9583 4506
9405 7020
1988 1802
4094 7105
1988 6260
3617 9664
9216 2411
8809 6253
8738 5529
2318 1401
1302 9405
537 7483
1169 8621
-1
6806 8738
8621 3379
5323 119
4316 2856
973 1542
9205 607
1659 6407
5676 6260
7879 5925
6360 6379
1066 4316
7825 4506
5365 5323
9205 6100
5177 6253
1401 2736
4141 7246
7879 8959
3379 4459
5177 9843
1827 8900
3103 4459
1796 2411
2736 8362
4834 6458
2733 4834
9423 7599
6575 1066
3157 4094
216 5676
9843 2518
216 3047
6100 8178
3902 1357
1724 6379
8959 7974
2057 7902
2216 6575
402 2733
6806 5068
3087 8870
2518 8076
5760 4623
1659 2063
537 5249
5021 7974
1302 4982
3086 8178
4577 3902
3047 5491
5021 1110
8362 6490
8368 3157
8382 1071
5049 5365
2057 1703
2653 6490
2231 8900
8905 9423
862 8382
3103 9707
1110 3114
278 973
278 9086
5249 3763
2944 1703
9707 3824
2559 8076
8368 8100
5015 4813
9512 8905
3617 5867
5097 5049
9512 5063
2944 530
8130 5068
6227 2063
5542 862
9086 1834
8484 7246
8966 3824
1834 2934
7825 2870
4779 402
3087 4326
325 5542
325 3910
2653 1534
4577 6140
1724 7722
5097 4333
4779 8001
3910 9363
3114 7905
390 3086
8100 9264
3586 2231
2169 8484
8779 7905
5006 8001
4569 3763
3586 8739
4333 3560
4982 2128
1534 2930
4326 3807
2169 4938
7366 2930
1575 7366
2870 3952
5065 4569
9930 1593
5006 1819
3560 7626
1796 7393
722 9930
7362 8130
6227 6428
5613 3952
390 7994
5817 1819
7626 6086
4092 6428
9264 7115
3875 2216
9363 3889
7722 694
7115 5773
5015 8344
7796 3875
2128 8776
4994 694
7523 7994
6086 7311
144 7311
3807 5516
8330 4994
8965 5063
7325 8344
8966 7535
2026 5613
8776 7935
6140 4350
7796 2288
4418 7523
8011 7935
6963 8330
8739 9747
2263 144
6963 1633
7362 5481
2072 4350
6677 4938
1633 5399
9745 8779
6677 265
8493 8965
2934 7113
2026 835
4357 5867
515 7325
3357 7393
5306 9745
6413 265
5150 7396
6059 5399
535 5516
9836 5306
5491 1182
2559 2516
6059 1896
2787 4418
1575 127
9135 8493
3 7535
1158 5817
4122 515
8045 722
3615 8011
7853 5773
5420 6413
7113 7907
8045 9601
2030 1896
7382 2072
5065 1068
2532 7907
2532 8199
3223 1068
127 9236
5566 2030
4045 8199
4122 280
6462 1182
3899 5420
835 9056
7853 9144
3 880
7382 7999
4716 280
-1
763 3889
3223 1620
2787 9058
9058 8540
530 1713
1620 4355
-1
8540 3535
5105 535
5566 1315
2872 880
3360 9236
4357 3605
7308 1158
8442 6462
5481 8937
3287 9601
4045 86
6628 1713
8617 5105
1315 3642
3360 4385
3615 7815
3287 8050
9836 3312
4649 3357
2242 7999
86 412
9800 4385
6628 8405
8442 5005
3580 8937
4649 659
9135 5605
8695 3642
8617 5433
5147 4355
8232 3535
1307 5605
7949 2288
4031 659
5425 9747
3132 8232
2872 1403
3899 9547
3277 2242
3605 1811
8624 3312
3132 6860
9921 7815
6648 2516
7949 6135
7555 4031
8695 7257
4716 4214
9746 5005
1247 9921
5433 8169
9144 5559
6860 5674
2750 9056
9800 1746
2024 5559
6135 4616
2263 2605
868 5147
5674 1636
8169 8957
763 1992
6800 2750
2754 9746
8624 8488
1636 7820
8050 5266
8488 6557
5419 2024
8405 6787
6775 4214
5547 868
2605 3866
3026 5266
7308 5954
8012 3866
9718 1403
6787 1475
9718 6631
3580 9518
6648 8823
1933 1247
9210 2754
6557 4704
3081 4985
6775 1106
1992 1861
1811 7659
1933 6520
4828 5547
8804 5419
8892 4092
6520 1174
8165 6631
6800 8236
7009 8012
1307 9129
3026 5183
5954 3643
7009 9064
3643 4166
3839 7659
4166 7409
8047 9547
7257 5119
4892 8236
7820 5130
4892 6683
4761 5183
5544 5425
6404 8165
892 8047
3839 8299
9064 8369
9260 892
5119 5375
149 8957
2657 7409
7244 149
8823 1573
9367 5375
8102 1475
7555 8058
1746 5467
1318 2407
6485 6404
8892 4726
4726 7108
7244 44
412 3732
4616 5452
6083 9260
8369 3406
9210 5404
1207 3277
1106 7163
5544 440
8804 1942
5404 8987
8067 2657
1861 4072
2840 4704
5467 9201
9367 7708
7188 1207
6485 655
5777 1174
2251 7708
6804 1942
3732 6513
9317 9558
9220 7108
4072 5257
4828 7339
6612 8299
655 8566
8864 8987
4175 6804
567 9201
7419 8102
3164 2251
7163 2741
7045 8864
7045 3494
5130 2967
7264 4761
6155 7264
1253 3494
5579 2840
6513 5253
7419 8977
1091 1573
4493 7339
8566 7266
6155 3970
4837 5253
349 567
9220 902
7266 5028
1091 1739
4837 6046
2044 9518
9444 5028
1238 6683
9619 902
6612 6487
2044 256
6543 440
5789 2967
481 4493
9010 1253
148 2268
5261 9444
8039 9619
1449 5789
8458 6083
2625 44
7367 5777
5261 8701
8701 1507
349 9781
8492 3164
9781 5737
3406 4383
1662 481
1507 447
8058 7293
6883 8492
9129 6092
6245 6046
7293 7063
1789 8067
9239 1238
1789 7868
8039 9468
2625 154
6487 4157
6883 2799
6759 9010
2799 7604
2741 1837
5257 8838
9116 1739
447 5829
4251 7868
6245 9496
7367 5941
1864 5579
1642 7063
9006 9239
3548 1662
9863 1864
7604 2271
3548 1404
873 5452
6819 3970
1673 5829
1673 6327
647 6819
647 9343
6145 8977
7637 6543
2271 5587
7239 1449
1650 154
2232 5587
1650 4284
5737 4578
4833 6327
9116 5152
6238 8838
1171 4251
1171 2575
6278 256
998 7239
9006 9983
706 4157
-1
873 2524
2524 4107
7450 1404
998 6977
8696 6759
1642 1530
4578 3229
5276 1530
6278 2188
7637 5528
8458 7388
6164 7450
5528 5057
9468 7048
6238 6752
6752 9198
218 9983
218 4109
9863 2006
4175 1714
5152 6062
2575 8687
8710 9496
8638 1837
4383 5649
5057 2482
2188 8568
3229 9203
9198 3671
3555 2006
8710 7537
6637 3671
5495 4833
8273 6637
9645 1714
2992 6062
9645 520
8696 8419
3185 5941
4382 5649
5156 2482
2232 1484
8929 3185
871 9203
3093 3555
298 5156
706 1459
7388 232
3120 871
3120 9946
6603 9343
7188 5534
4284 2774
8687 5333
6092 2281
4382 2082
6603 1944
2966 5276
9342 232
1751 7048
1246 9342
8273 1862
5096 1484
2966 3448
520 4340
5655 9946
2212 8419
4109 7258
3093 2439
9729 2281
5096 1555
1459 103
62 7537
8638 7342
62 1719
5333 9091
2992 9438
7436 5655
2774 9769
4260 9091
7486 9438
6114 2439
5832 5495
1188 9769
7258 6901
270 9729
1944 6272
2082 5719
298 9089
1188 5988
6145 2349
2623 4340
6164 9623
9765 6114
9623 6918
4965 1862
6918 2759
1129 7436
9336 2212
9089 1409
3686 6977
3767 1246
5534 8295
7342 89
1129 4944
5297 1409
5988 1945
2349 3260
4416 5832
4946 6272
547 3448
5391 4260
6147 9765
255 1945
2508 8568
6621 4416
270 6496
89 3380
6121 4944
5719 209
8295 2878
890 1555
5391 7478
6901 5308
6048 3260
-1
6738 209
8818 890
6199 103
7478 1197
6048 7601
5639 5308
3686 1690
6738 9499
92 9499
6199 8219
2759 9357
8796 1690
5459 2878
255 7446
1197 3412
7601 3303
9052 6621
-1
8796 2784
4627 9052
1630 8818
436 5459
2991 3767
4601 9357
8219 4111
1719 3432
2508 4370
8604 3432
1640 8604
-1
9008 1751
8808 4965
1630 7503
7503 9090
6496 16
2623 9232
6302 2991
6425 7446
5995 9008
3122 547
5499 4627
7486 6508
3033 6302
2784 9092
4601 3924
8257 1640
9289 3924
1005 436
92 6671
5646 9289
5562 8257
5562 5960
1553 9090
5297 1264
6121 2328
5646 4587
5499 247
3885 4370
4946 5564
5960 1696
3303 4358
3885 8227
6671 9797
247 2922
8708 6147
4358 4776
4398 9232
6425 9174
1454 9336
2328 9944
2208 4776
5790 8808
3143 4111
16 3411
9344 1454
1005 8089
1341 5564
4116 9174
4587 9566
1244 8708
2919 3412
3122 8558
5206 1244
4398 6681
8558 1674
4107 760
9344 3529
7284 1696
3143 7191
760 9628
8227 7549
6420 9944
3033 9132
1341 2707
3576 2208
3380 8589
5639 8923
3529 125
5881 4116
5423 2919
370 1264
6991 1674
8089 4763
2334 370
8923 116
9797 2731
9189 7284
2922 7208
3053 125
9628 6814
9092 9231
6508 513
2952 4763
9132 7557
1553 5406
9566 9152
1788 5206
8053 5406
6758 3576
5423 584
9094 5995
2952 7740
6420 1086
7557 4922
1311 7549
9231 3084
7624 5790
-1
6375 1788
4922 7507
6760 6991
2731 343
8929 6899
6375 2356
9152 8059
584 2786
9189 2114
6624 1311
3053 5659
6376 2786
556 8059
556 3738
2357 8053
6758 3847
5881 4103
7862 4985
2785 5659
4332 2357
8635 2334
7707 2707
4995 4332
513 8151
5318 2785
6814 5082
6548 5082
6681 7420
508 7707
7525 6760
7525 4914
1086 8444
2114 7186
3847 7856
3192 6376
1526 2356
1104 3081
3170 7186
1706 4103
1706 4026
1236 3084
6624 3729
3731 5318
3170 6606
7433 8444
116 5999
9495 1236
7433 7650
1526 3900
-1
1164 3731
4026 8263
7370 7208
3347 7740
343 1815
3900 1452
3075 3738
9094 5775
6825 9495
7856 3844
6825 665
3844 6956
3347 8769
6899 2664
8263 2917
3575 665
7507 1084
7370 5549
6956 37
1815 4044
4044 1135
7420 1380
5999 4285
2164 7191
2917 4584
3075 1963
1452 6572
8635 4305
9365 8769
8589 611
4995 1940
3171 2664
3729 836
2631 9365
3340 6548
508 8208
3981 4305
4290 1940
37 4093
3171 3946
2631 3797
342 2268
7624 4108
6649 4108
5631 2164
611 5216
501 4914
4741 3340
8319 501
4290 499
4352 3192
5884 1963
2036 5549
3880 4584
2503 4285
8347 3981
5775 9268
6295 4352
3575 9840
8347 9636
1135 2603
9840 5895
9813 2503
499 3883
6295 9181
9268 9722
2603 1287
3883 9436
5216 2873
5895 2455
6606 6667
5884 7998
8734 1380
2143 1287
2036 274
2688 2873
3595 4093
3802 3946
5684 8319
2791 3797
6842 274
5634 6572
1084 432
8466 9813
6842 7183
2688 226
9436 4766
1743 7650
5727 9181
1164 6953
4839 5634
5974 2455
7998 2757
6667 6143
1743 771
3808 5974
5429 4839
3166 8208
4096 3518
9046 7183
5429 334
8466 8788
585 3802
2295 6143
771 4004
3595 8249
5167 585
9636 740
3411 1061
4927 5727
2972 5631
226 4247
4927 2576
4741 371
2757 3299
7764 8734
1427 836
3880 3221
9517 4766
7764 2611
8155 3299
2295 2038
3733 9722
5654 8249
3793 6649
9517 6812
4958 740
7210 371
2972 3554
7210 2079
4958 5251
5485 2576
2587 8155
4004 3865
2038 224
432 1277
2587 2397
3036 2143
3257 3166
3257 1008
3649 2611
8251 3221
5654 8195
2475 2079
1391 6953
1277 4789
4342 6812
-1
1087 3808
4342 2384
2397 6685
5251 586
3865 1984
1566 1087
4789 6110
1566 1654
995 1008
9271 2791
1391 7921
1984 6865
6910 995
5957 4247
8195 5700
3649 2126
9271 3225
753 7921
8545 224
6910 8964
8545 7835
8925 6685
8788 9418
1544 3036
3077 2384
1654 2316
2646 8925
3133 9418
8964 5407
2041 753
8251 5938
9735 2646
2041 2008
3133 3350
2316 1737
4041 7835
3733 7616
6446 9735
8752 5700
6859 1737
4286 5485
6865 4221
6446 3776
9147 3776
3225 7380
586 8220
8389 1061
2363 334
8220 117
1663 1544
4907 1427
2126 1678
2270 5938
5322 2008
5407 4151
4586 2475
4913 2363
1678 4774
7380 5909
6007 1663
4041 6443
4286 1489
4817 3886
9316 8752
8151 8384
3350 9219
4151 5963
3661 5963
4221 9721
9053 3793
2270 4461
5322 5932
8939 6443
5167 1267
9147 9584
4586 9560
6788 5684
1489 5087
2945 117
6577 8389
6788 5209
4461 9412
7068 9412
3661 1108
7227 3554
9046 8508
5087 7960
4907 521
4774 2398
3536 8508
5209 4547
9917 9219
8586 4547
7227 5816
5653 521
4913 6782
3943 7068
2199 6859
9917 39
2264 3943
5819 9584
6742 6007
2264 2819
3077 6345
7346 1108
8063 6345
3442 8063
9316 8026
2945 5763
7442 1267
1648 6742
5653 7881
1015 8026
3821 1015
4694 3536
9560 933
6477 8939
2864 6110
2198 6477
7673 4694
1648 4639
5487 5819
3799 39
9721 8741
3799 5195
8741 9918
7673 565
-1
5816 2108
5487 1952
3442 8891
9960 9918
1671 2819
1622 8384
4440 9960
565 6184
2108 4281
8234 4639
1671 4815
5445 2864
4608 5445
5957 1941
469 8234
7280 4281
4815 9164
6948 5909
9614 7960
5670 6577
4440 4033
8228 933
1952 1265
6785 469
6785 7638
7638 2656
2198 5539
812 5539
8885 1265
9164 3076
7616 3367
-1
80 6782
2656 5742
8891 6276
4033 951
812 8408
5622 80
951 9276
6276 697
6190 2398
3757 8228
6184 1736
8885 4270
4242 9614
9870 3076
5598 9276
9053 1757
3978 1941
3367 4722
1525 5598
5195 4503
4276 3969
8408 5630
570 6190
7442 2822
5617 5742
7346 6866
8609 3821
9410 2822
837 5617
6778 5932
6948 5113
3978 2248
6778 1922
506 1922
4738 4242
4722 2530
2530 8534
9870 3713
4503 5937
2025 8586
2025 2539
2539 8910
2370 570
4608 1637
8114 5630
1622 3272
2066 837
3321 8114
2431 8609
7881 6615
5622 4181
6615 7228
7228 9417
9774 3739
1386 697
7846 1386
3332 2431
1736 2477
4836 7280
4181 668
5763 9042
3321 2769
3754 9417
4571 2066
7846 7319
1712 506
4836 326
5233 5937
3937 8910
7360 6504
2010 3713
1712 6127
2248 9883
1637 9811
8523 9410
4270 4198
1053 2769
4571 546
1525 3546
7319 3735
4198 1994
6866 8641
9384 3735
1994 2112
3757 3762
668 4739
1329 2199
1580 5233
1437 1329
6153 2370
5670 5324
3332 1426
6191 3754
1392 4738
5492 546
6494 6153
9883 8307
8470 3762
9042 4089
231 1392
4735 2010
1339 3272
3519 231
3519 7776
9811 3100
1977 326
8316 6127
898 2477
9630 2112
4735 6385
8307 9315
4102 1580
105 5492
6047 9384
898 8960
1437 6103
6385 8430
7548 1426
7776 3986
7145 105
1339 9996
3100 1978
8286 6047
1546 8534
3546 7323
6494 9516
1546 3759
9243 1757
6589 7323
7548 8253
8286 2846
6103 6415
7190 6589
4597 9315
4328 7145
2770 3986
9243 7920
4597 6668
1977 4055
195 8430
8316 2531
6415 3520
2531 8093
6668 5642
4328 9660
7326 9996
3421 195
2846 5013
7467 6191
8253 735
8126 4739
3991 3421
8960 1950
3520 4744
3527 8523
9977 735
7920 1745
3937 6101
4191 9630
5739 2770
8641 8212
1950 4737
5830 3991
9977 5601
9273 8093
7190 5201
8212 9728
286 3527
67 9660
8340 3759
5830 7282
4737 1229
8126 3747
9273 2701
2701 6270
286 4650
2080 5601
8747 5201
4202 7282
9516 8785
5642 6298
8785 844
6298 8128
671 1978
3747 7413
9773 4191
5739 5577
4202 3004
4825 8747
1229 2109
1053 9956
5324 5053
8128 2883
4083 6101
9799 4055
3726 5113
7432 9773
5013 4466
844 2886
7432 4517
5577 9050
3176 67
1741 4083
9050 6877
3670 4825
4928 9728
7880 1745
2886 5889
4102 7285
6741 3670
9833 5889
1741 3023
9833 9501
1506 2080
6877 8357
6741 7029
7801 7029
1476 4466
5238 6270
4180 7413
7326 7476
3023 9011
867 7285
9956 4775
9430 8357
3973 5053
5019 1506
3532 4744
3712 3726
7476 6495
4791 9430
-1
9799 6889
8340 9842
9968 6889
1476 4794
4928 4147
1829 4650
2109 1184
4794 7687
3973 2752
3453 7467
1532 9842
1184 6950
536 5238
7687 4543
1299 9501
7801 9523
9968 3099
1299 9527
2133 8470
3004 1874
867 6422
9061 4517
1192 3176
1916 4180
4648 536
7038 9527
4632 3099
5939 3453
3296 4147
1874 3606
6422 3334
4543 633
7310 3712
832 5019
1829 8661
6950 1298
3334 9383
3820 6495
5939 1445
1192 4821
6696 2752
1436 3820
1916 4599
4712 4648
6620 4775
5482 9061
4087 9523
8174 4087
5482 276
3237 4791
2133 4954
9011 2986
4821 3786
3296 7482
7038 6468
2120 7482
9383 4331
1298 2358
9009 2120
4331 3169
1583 8661
8581 832
7728 1445
4712 2665
633 8792
6445 7310
2358 7620
276 5537
830 4089
6445 8555
6468 8320
6620 8628
2290 2665
2290 3016
7880 1028
9349 2883
2033 3169
-1
9906 3532
1028 2738
424 8628
8320 3607
8792 787
1010 3607
6033 8581
8174 5248
787 6917
4512 9906
8669 4512
1532 978
2996 1010
3786 8098
5248 5205
5537 2478
8835 6917
8098 4438
4599 2522
8555 775
164 2522
2851 2478
107 3237
8669 9157
8835 609
8049 830
3606 2671
4539 7620
7967 609
8313 3016
9157 3538
6696 5169
6178 8313
671 7281
5169 4405
4405 1612
424 5540
2851 7716
2671 2744
164 2528
3648 3538
5205 1617
3112 7716
1340 2744
107 5545
5694 2996
3275 7728
1617 6581
9631 775
4539 7956
2528 5704
6178 7278
737 1340
5704 9126
7956 4875
5540 5409
3112 2149
6581 4356
9009 5239
5545 7313
4816 2149
7278 7826
7438 3275
9349 3684
1436 9695
2682 5409
8836 7313
5239 2428
8836 4857
7376 7281
961 7376
4875 9491
7826 8916
9695 5592
689 8916
4485 3648
595 2033
4816 9580
6033 9049
7438 5031
3369 961
5212 978
3349 2986
9049 560
4356 4458
7967 8404
4632 6625
7289 4857
1473 5592
8062 8049
3559 2682
9580 2321
3139 8404
7289 5374
3349 8107
560 816
2712 5212
7033 2428
9044 9126
737 1354
1473 2654
5018 9044
5694 8743
9481 9491
689 4701
6503 5374
9632 8062
3139 5724
1583 7261
8107 9666
9582 7033
7261 6334
4701 9237
3684 201
9237 3269
2440 7256
5943 2654
3585 1612
816 6659
2712 2172
9437 5943
4254 3559
6674 8743
5031 8917
4177 4485
549 5018
4246 9481
6687 4246
6930 4177
595 8247
6171 549
201 6098
4254 7750
344 9666
3652 5724
7334 9632
9582 5748
7093 2172
7318 6930
1498 6625
8247 4351
2718 4954
2809 2718
4589 6687
7318 9922
1498 6878
9503 3652
6659 2432
9117 6098
669 3369
4561 3269
4561 2253
2593 7093
4563 6674
4351 5173
3562 2738
6958 7750
6958 1925
344 2487
2593 7314
8124 9631
2487 2897
5173 6174
2897 6179
669 6936
2321 6939
6179 3147
1925 679
9849 3147
6334 6780
8124 4901
7520 9922
7212 7520
5748 4005
6171 6129
4953 7314
1048 6939
9970 4005
3963 6936
6455 2809
6111 679
9970 7077
4901 1257
7077 459
4197 1257
9117 3637
698 2253
5805 4563
6391 3963
3371 459
7334 4717
6878 632
9002 8917
7102 6129
7080 9002
2659 4458
6204 9503
3371 4605
1048 9259
6503 885
885 5583
6174 9978
9437 1754
7102 4790
3404 3637
1354 8775
4605 6698
7080 2004
8723 6780
9849 8221
6204 3903
81 698
6979 3903
8388 6391
3585 4497
2743 2432
3848 4717
9259 1420
4589 4620
4790 4890
4438 3783
2004 2115
7180 4890
4197 636
4188 5805
4620 4403
3271 3848
6111 8716
3271 7434
2659 7250
4188 7493
9489 6698
3783 2721
4953 468
4338 3404
8775 2735
8240 4497
3772 2721
2714 6979
2622 7212
6912 468
262 4403
9489 2053
81 918
7250 6149
8226 5583
8716 8057
28 8226
8666 7434
8057 3435
810 2622
1539 3772
8516 3435
7180 9019
9853 4338
1539 8403
17 8666
2714 3533
8346 7493
2394 918
8516 8463
2053 4211
8403 5493
7996 3533
2743 8131
4018 7996
7158 9978
8240 6488
5840 4211
2273 28
5288 1420
5840 4035
7788 9853
6875 6912
4236 262
2260 8388
8463 1017
4035 5371
4236 6499
6292 2394
2273 9657
3562 4882
4841 9019
632 8289
8221 4549
4373 5493
8131 4167
6499 8521
491 1017
810 9826
7641 8521
3619 8723
3322 17
3438 8346
9826 3854
2260 4703
5121 4841
4167 6768
5288 6185
6185 8697
1096 8289
179 3438
2735 6801
1647 4018
5121 9792
9657 7635
3234 1754
4421 6768
6488 5460
5504 7641
788 179
9792 1052
491 9703
1435 1096
6916 3322
1052 8265
5837 6801
4684 3234
8265 4604
8801 1647
2125 6292
3431 8697
314 4373
3854 4220
6455 9222
5371 1643
2935 314
9703 1550
-1
5837 5033
5504 5027
2215 1435
5586 2935
9222 3974
2348 2125
3431 7773
5460 4582
1699 8801
8781 3619
5027 5555
2419 4220
8724 1643
5033 2173
4882 1675
7773 7664
9789 7158
9308 9789
1550 6749
-1
8781 8095
8880 2173
8724 2928
3936 2419
6916 118
6149 8396
4582 6451
449 3936
4604 8732
9039 6451
449 9121
8983 118
7664 9432
9767 8396
7788 1828
6813 8983
5876 2928
5586 3679
428 2348
2115 6932
8880 284
6875 5232
3245 8732
5008 6749
8393 8095
3679 8173
3245 2618
5555 6714
636 9935
9815 9121
790 5008
9035 6813
3563 4421
1285 5876
5660 1285
2099 6932
9661 8393
8471 788
3625 6714
9541 2618
1997 8471
4819 5232
9432 6139
3681 6139
5735 284
9338 3681
1699 1395
5723 9035
2099 6657
5660 639
4819 8967
3627 1828
9935 2022
9767 7789
5735 2698
532 4549
1492 1997
3032 9661
9338 1792
3032 5168
8414 9308
7703 4703
1792 516
2746 9815
2746 4518
6551 8173
4518 7459
3105 9017
8967 7377
6551 4940
1058 9541
2215 8822
1058 8908
8790 2698
8414 8726
4940 4784
3563 7674
7674 1655
4341 8726
8822 8674
3625 1291
5158 1655
516 4991
7234 1291
9426 9039
7377 9894
5158 1614
9838 4341
5168 2706
6234 790
4099 8790
532 3610
4534 2706
9667 4099
7635 9269
428 6870
8650 4991
5801 9426
8650 7348
6000 3610
1159 7348
1675 9881
7957 7234
5351 7459
5723 1873
4784 6510
8085 1614
7703 8336
8085 1490
9667 3320
3138 8674
4524 4534
8336 8158
5898 9881
6000 9805
7789 8020
8158 3700
6234 426
7277 8908
1395 4538
8020 1358
5478 7957
4684 7088
6870 8618
5351 382
8912 5801
8857 4524
3951 382
3919 639
8912 2048
1111 1492
9838 9331
3204 9331
7088 8410
7277 5565
1031 3919
6510 5069
1031 6144
3345 9894
1358 5403
1556 9805
5069 1024
9762 8410
4136 3951
3669 5565
426 439
8223 3700
439 2982
9446 4538
9169 9762
1490 3603
3320 6424
6657 1145
8719 8223
3603 6491
360 3138
9446 9942
1515 1024
2542 1159
1210 5403
8841 1111
5478 5334
3204 5987
3669 6459
3913 4136
8841 761
7690 1210
6459 1666
3345 3455
5987 5352
1515 1430
4432 5352
3913 6384
1249 360
3901 2022
8719 5738
9269 5126
2542 5511
9934 6424
7245 1430
2797 1666
4432 1830
1180 9942
8042 2982
3748 3901
5138 8857
8618 7331
6053 1249
9211 761
9508 6053
8509 9211
8509 3172
7833 5898
3708 1830
2943 5334
5126 9452
5899 1873
1180 7912
5632 7690
5138 2211
6144 9178
2797 4661
9109 5899
5632 7705
9109 3984
3984 925
3154 3974
5626 7245
9934 5178
5575 8042
5471 9508
4751 2048
6356 5511
7855 5178
924 3154
5626 5812
2234 5471
4661 3917
2946 2234
6650 3455
7614 9178
4279 3172
924 1557
7783 2943
168 7833
168 9644
1556 1800
4034 4279
6650 2326
3708 4243
925 7154
6356 895
3917 3949
9452 6214
3505 3748
2326 9692
4243 2961
895 3449
-1
3627 2463
2463 7771
1697 2961
3449 5750
354 7154
751 2946
5575 8849
6491 5638
4419 7705
4222 1697
7912 1601
3949 7085
742 7085
774 5750
4222 3646
7824 5812
774 3423
7651 7855
3423 2354
5507 5638
7771 3819
5929 6384
6214 9957
8518 9692
2909 5507
4034 6708
9348 1145
8849 3246
9169 159
3505 1364
3109 5738
336 3646
6573 6708
7058 7651
1557 7891
8518 7290
7590 1364
2909 324
4348 7824
7891 9055
7290 9538
1601 1414
7614 5383
433 4419
9055 3206
159 6539
542 742
751 3725
4595 3109
7783 6707
7590 6957
5929 8865
4595 5140
7331 172
4348 5732
7877 5732
5140 3480
5383 1073
2259 6573
7661 9957
2709 7058
9348 2223
8365 1800
3480 6064
5604 3819
6343 433
9644 9425
1414 2724
6343 5131
2354 7207
2990 8365
4066 5131
2259 2391
2678 6707
1349 7877
3246 3413
7251 336
2355 3206
1073 5102
1707 2990
1270 1349
4066 5188
5102 5656
8865 5770
2709 9777
7207 3323
7661 7774
6064 684
172 6718
1951 5656
9777 2829
5188 9015
3608 7251
1363 1707
7774 3996
6957 4160
2724 8599
4447 2829
-1
3608 3701
4160 2753
1951 5179
7986 8599
542 1545
6718 6300
9837 5604
6481 7986
6820 3996
9538 8914
8056 2391
8183 3413
2223 8517
745 4447
1584 5770
2678 102
1270 9869
8183 2725
6300 7418
1879 4751
9015 5402
6481 3882
6195 1545
3777 1584
9622 7418
7772 5402
324 4434
9425 2244
1893 2355
2165 8517
1363 104
5192 2725
879 6820
3925 9869
6614 9622
6418 8914
2165 1958
5359 5179
5192 7743
9837 6578
3701 6646
104 2090
5451 3882
8539 6539
879 5146
9798 3925
9798 4598
3664 6578
102 4304
3323 1899
1893 9537
5451 6316
9844 5146
6418 7260
2753 9390
8616 7260
3777 9096
9537 7857
2211 4354
5618 9390
4030 9096
4304 3828
7743 5395
1279 1879
8538 6316
745 1877
2096 3828
2244 146
4598 1921
5945 4030
4434 8498
8468 5395
7242 6195
1721 8538
9755 8498
8468 2047
1921 8072
1721 7971
8334 2047
5359 1322
6273 7772
8334 4152
8539 1481
884 684
3517 146
5945 425
9690 7857
9905 4152
9690 5190
1378 9844
9885 7242
1322 5456
1402 3664
4788 1877
4464 9905
1899 7056
425 5139
5618 8290
8229 1402
4178 9755
4788 7171
1353 3725
1569 5456
8229 9552
5190 2529
1920 2096
9340 1279
1920 8171
3458 1569
6646 7035
8616 3599
9552 1121
9045 6273
9171 7056
6350 5139
6614 6241
9245 1121
5074 9171
2319 7971
9440 9885
2090 626
8290 9467
8171 5252
5252 1259
9972 1353
9340 4713
3458 7445
6341 9467
9300 354
8056 3771
7927 6241
9345 8072
3771 3425
4178 6904
7584 6350
2529 9535
3827 7035
1481 8239
6904 9158
9345 9641
4354 2307
7584 2609
1254 3517
5074 8464
8312 7927
9158 9188
9300 8862
1105 8312
563 884
4573 4464
9188 720
4720 4713
4720 9318
6341 4592
9641 6188
626 122
1378 993
1259 4430
8862 1748
4869 2319
4573 7172
1846 9972
1846 7593
1105 9382
8871 9382
2609 83
6380 1254
4071 3827
5553 8239
4095 6188
4430 4785
7171 2890
4972 3599
7172 1250
9898 9440
6058 4071
83 106
4972 772
2890 4192
7759 7445
3425 4307
5553 8432
968 6058
9898 4478
4192 7662
9151 9045
8432 1027
7759 6756
7593 1790
430 1748
2252 6756
8464 6261
9535 7830
2351 2252
2867 4869
7680 1027
8859 4307
9245 5560
1250 3609
2043 4592
2166 9151
7680 852
2166 8755
968 580
993 1866
3564 2867
4095 3493
1561 2351
3609 7933
3564 1288
7854 1790
6380 6779
866 8859
6297 3493
4478 2544
3057 4785
4262 3057
866 700
580 6588
772 6942
3355 720
7830 409
9318 1776
3737 6297
6331 1866
8662 106
3355 6367
8662 1478
8852 6588
9953 8852
8271 7718
3737 1948
3588 852
1823 1288
2245 6261
1958 9864
784 1478
563 3457
9953 7011
6386 8871
5585 122
1776 8689
1948 9794
9941 9794
229 6331
603 229
6942 5431
3633 6367
6779 9701
9941 7671
603 8224
8596 430
4127 784
2043 6996
9864 7333
8224 1067
8596 9482
7011 3220
7662 6142
8753 6386
9784 7333
2113 7933
2245 3830
9482 1289
5715 700
7147 7671
4878 8753
9388 8689
7854 1562
5585 4880
4262 3569
4880 786
4195 1067
1561 6084
9954 2307
960 9784
4878 3872
960 4277
9082 3633
3830 6231
8449 1562
2113 9057
5715 4052
6928 786
3872 9965
4859 4127
5431 3485
5056 8755
3485 9458
6142 1936
-1
6078 6928
8371 9965
9032 9498
3457 5730
5975 5056
9671 8371
6280 5730
4277 2590
4171 2590
1936 362
1810 9082
1289 5527
3543 409
4698 4859
6078 7922
1133 1823
5247 1133
3569 5317
2426 8449
3310 3543
5569 4698
6823 4195
9458 8077
7395 2426
2544 8721
5560 9569
3220 1794
-1
5317 731
9766 7147
7922 8242
4052 5200
9954 7211
4276 8653
6823 210
8081 5200
9569 3342
5527 6521
7259 731
8077 2420
3445 362
8721 6466
1503 9766
3588 5993
1457 6996
7866 7259
210 766
7866 337
3342 9502
5569 1875
9567 1503
6521 981
7573 1794
3445 8099
5666 9388
981 9105
5211 3310
7211 3666
9105 6442
120 8099
766 3997
7770 3666
7573 4977
3833 8242
4977 3602
5787 3602
9653 1875
5993 3718
9653 2661
2174 6442
9057 3333
1810 4125
337 9167
3553 5211
3130 3333
5525 5787
4367 9567
2541 602
120 522
3127 522
7196 5525
5247 8853
3127 5061
6231 6293
681 6466
6293 2978
3338 5975
953 9502
3718 7807
7668 5061
6585 2978
3553 2573
578 3997
7770 6349
8258 2420
5494 3833
7807 8773
8457 4125
6585 151
3130 1273
9325 3338
6844 9325
151 9555
1273 3140
4916 8081
8999 9555
681 1777
7668 5894
8853 7125
3302 8999
5894 8454
4916 6751
3140 9170
8956 9701
6474 3302
3557 1777
6354 2573
4778 4171
9967 9170
9242 6474
9967 8718
9242 4782
6354 553
2661 2899
8605 6084
578 9927
808 8956
8773 6535
3557 1261
4588 7196
2683 9671
9990 2174
2683 4206
4778 8915
8454 5600
1618 4206
6479 8258
303 6479
6844 8407
1457 6009
553 3359
4767 7395
7125 6180
4767 754
9683 1618
6177 9990
3987 5600
8605 756
6180 2235
4782 9244
3717 9683
9962 5494
6535 1332
2138 756
6426 3359
1261 6117
6177 9223
4367 8703
6751 6574
6574 4705
2235 4013
3987 24
4705 1869
9063 8718
9223 7552
1125 953
3717 1660
5666 9812
7785 2899
6009 464
997 6426
3715 6117
4588 3298
464 8310
1332 96
3179 9063
-1
8407 3531
7094 1869
1638 9812
7084 8457
716 9962
7084 8975
7692 8915
997 5457
2138 3007
9161 1125
9244 1594
4413 303
5204 3715
8703 778
6203 3007
3298 6077
6203 7149
8310 8543
8975 7936
9927 2889
1594 6607
778 6881
7972 1660
9161 3838
7541 9167
8144 4013
8486 6607
-1
7541 6627
6627 2466
8144 5260
7552 3980
2466 2844
3179 934
7972 6389
1371 273
7094 8162
7785 571
4413 3145
1638 3328
24 9878
5204 2979
6280 4073
2844 6003
3328 4645
5457 805
4113 8486
9878 4123
1120 716
3980 9033
4113 7161
6077 75
75 942
4295 6389
6881 8524
3840 3531
8172 5260
9559 8172
4645 8241
7570 3840
936 2889
8162 9561
808 2875
3402 7149
5514 9561
2898 7692
2730 4073
6349 7165
3402 2536
7457 571
7265 8524
6003 3743
2536 9138
7546 936
3654 3743
6959 3145
9532 5514
934 9700
6959 2504
6665 9532
4295 8800
4387 8543
7546 1693
4420 7161
5972 1120
7265 5189
2504 9334
161 7570
7518 9138
7556 1693
2058 7556
6665 184
5335 4420
8125 805
96 7052
-1
7518 8433
9889 2979
7423 9559
4600 3654
7137 7423
7936 5462
8433 6867
525 5972
184 3765
7165 8787
2058 475
4387 4404
525 8675
7457 2001
2898 8531
-1
9889 9848
9699 3765
316 5189
1303 3552
9821 2001
9074 9821
9033 2338
4123 2854
5392 9699
8302 2854
6043 5392
505 316
7232 754
6138 9074
3838 1990
2627 475
1781 5335
8800 5264
1438 8125
942 3262
9848 3326
6867 1286
6138 3426
3326 3335
5273 8241
7052 1993
8302 23
1781 1117
2435 1286
3235 8675
4404 1139
3148 8531
3426 4747
5590 5462
8003 1117
8017 2338
161 6073
9172 9700
5758 9172
6073 4555
807 2435
5590 3746
9775 4600
5264 2768
1990 3492
45 3746
527 9775
8017 2501
1139 1626
7137 1915
4433 3492
4747 3201
6189 1626
3148 850
2588 8787
1831 9334
6043 724
505 1455
724 6010
747 2588
4433 4435
3262 6675
2875 9809
23 9422
-1
7157 8003
-1
7174 850
2768 4389
8572 6675
1915 7582
3335 7732
777 5758
9032 7127
9131 8572
281 4435
7732 368
1715 9131
3235 9470
9809 791
9422 7055
3201 2306
3853 2730
1410 747
4555 839
7174 9257
6189 7015
1548 2627
1668 1993
3812 7582
2306 9952
7112 7157
33 6010
7112 3515
5825 1715
45 4930
527 2783
3515 653
1455 3415
8187 33
838 1410
368 5648
7230 2783
1243 653
7230 6817
9638 1243
7859 9398
1668 249
7248 2501
8513 3853
6898 1438
3812 1281
777 123
1548 3999
1089 7015
1752 7232
9257 4011
3009 807
8513 4088
4930 5657
3565 9470
5825 9759
9638 5432
5489 281
3565 1733
1389 3009
1733 8460
1178 7055
9585 9952
249 9880
9880 4027
156 1089
9759 6361
3415 4074
5657 1304
1178 1151
9995 1151
5160 9585
5432 4275
5230 5489
3999 3403
5518 4275
5004 9995
6908 8187
4027 705
839 1540
6257 8460
1540 472
1508 5004
7248 6645
4677 6257
548 6908
6817 9137
472 8874
7836 6645
9293 156
5230 5563
7803 548
9137 1773
838 5958
2423 5648
1304 6032
1281 3714
562 123
1752 6113
5567 6113
4011 4898
258 4088
4074 1890
5160 3199
3714 1605
4473 9293
7630 5518
4677 6945
1398 1605
9498 7262
6361 9663
5958 1333
6502 1773
7836 5850
2469 8874
791 2472
6528 7803
1890 905
1251 6528
9394 1333
1767 1398
6898 418
4898 909
6090 3403
1508 5580
1251 7273
5563 9414
2423 2425
7589 4389
365 6945
9394 7579
5610 1767
7273 8285
9663 4622
6193 7589
7630 4185
1577 4622
905 7185
6982 602
9326 5273
8879 1831
9966 6193
1577 3038
8055 4473
6090 6176
4919 562
5338 9966
7185 1483
2425 2686
2238 3199
365 9659
4919 2371
5850 6366
4696 5338
3311 8879
8055 2637
2012 5580
6176 8770
2637 5824
112 2371
1961 2469
6366 3477
9515 6032
6774 9515
3656 9659
8770 4894
4696 3653
5240 2012
5693 2238
3653 7717
6774 8671
1634 1389
1961 2486
2486 7923
1122 909
5240 7216
9326 8535
4185 9790
3038 5165
7148 112
9133 1122
8941 7923
9183 3656
2472 5900
4372 7717
3477 4629
9414 7568
9790 2596
8285 9431
4923 1483
6582 7148
3388 2686
7002 6502
5693 6057
646 5610
7443 1634
9431 141
7443 1045
6619 4629
4894 66
6057 870
2282 1045
5824 7134
8469 6582
7216 9364
5165 4876
6290 8535
8052 4372
4923 9513
4876 4918
3390 9364
2282 9021
7002 4335
7865 8941
773 8671
5671 3390
856 7134
5011 5900
9454 7865
7070 7579
8469 6225
856 9353
3577 870
6864 3577
5671 6550
2596 5287
6290 6052
2742 9513
4510 4335
7429 6619
7806 3311
418 7386
6550 5890
258 8482
6864 1166
9454 5369
8583 646
6225 1801
8583 8149
8149 1077
7806 7510
10 141
9030 5890
5287 7611
1014 3388
9183 1336
293 5011
814 1014
293 2606
7206 10
1657 7206
1069 814
4918 7220
6709 773
1069 9106
705 1764
8052 2437
7510 4117
66 9029
6639 1764
7568 8953
8101 2606
2800 9030
7070 2583
3341 4510
7611 6632
9106 7330
1060 9353
1657 944
2583 6115
5085 6115
2437 2158
9029 8610
944 5568
7429 3433
9642 9133
6052 798
3341 2988
1917 6639
1853 2742
7220 3098
2156 2953
8023 7330
8101 8878
9021 4891
6095 8610
1060 6827
2570 5369
8482 4803
50 1917
5085 8533
217 1077
2800 5405
8827 4891
-1
9678 3433
4615 1336
1166 2633
5606 4803
4248 4117
9642 985
9749 1853
1080 9678
6793 4248
3098 1124
4615 1698
4375 5568
2158 1717
3890 6632
3264 1717
798 5815
50 3593
4230 3890
2481 1124
9389 2988
8827 8119
7089 5405
6095 1365
7924 2633
217 2387
9603 7089
7274 985
396 2570
4375 5858
7386 5669
1801 8138
5606 1115
1923 1698
7658 9749
2481 9191
7885 8023
4862 5669
1361 7658
5567 797
7924 4200
7885 3611
8533 2997
5858 729
2997 4479
3289 1361
729 9872
3281 1115
1923 6013
6793 7962
9191 7672
4230 988
9450 3264
3611 1232
500 7672
4200 361
9851 9603
3041 988
8060 2387
8138 3429
7300 3289
7090 4479
8636 9851
8060 6992
8119 2374
6709 9873
7090 4910
2858 1232
7656 1080
9872 1297
4003 9389
2999 7300
3041 2711
2374 4266
6374 8878
7918 1297
8793 4266
3593 2305
361 152
5186 7274
403 2858
403 2567
2127 2999
7962 3106
6827 8576
396 695
3281 3513
4003 9406
1365 8690
2901 2127
2567 1217
7989 8690
7989 3177
1485 9873
7247 8636
3429 7894
7918 2170
9558 9875
4673 2901
4673 9861
2170 4347
5408 9450
8953 71
6013 9955
2711 8799
3106 5194
1911 6374
500 3015
8799 4135
4135 7296
4998 8576
2056 8271
5313 2305
1485 1444
2329 6992
1217 7574
9689 1911
9819 9406
5846 7296
5071 5846
695 2594
7656 2454
3015 622
71 3660
9403 5815
8793 1914
7894 4945
6658 4945
9689 2183
7344 4998
4910 4873
9955 8837
1914 7394
6658 770
5071 7782
3944 797
4623 2156
9650 3513
2329 376
9650 504
7574 8323
5408 6868
2594 1641
7352 2454
770 323
5194 9971
376 3915
7247 2869
4347 3251
4194 152
5313 8280
1335 7344
3915 3061
7782 3178
2183 6792
8323 9818
8337 7394
3052 4873
8462 3177
9971 1849
6005 323
2250 622
9818 4396
3944 7931
269 3660
2204 3178
1641 9112
5417 4194
7352 9830
4396 4513
2250 2028
2028 1756
1335 9184
4707 9184
9403 8398
2098 6868
7931 4881
6094 1444
654 8837
4554 2869
7028 3061
3351 8398
8163 2098
8828 9112
8068 2204
8828 4232
8068 3259
654 3110
8301 3259
8090 3110
3052 3240
7464 9819
463 4232
4554 799
3351 359
8090 7900
5281 4881
8301 3481
6792 3045
463 2302
4947 8280
3011 6005
5281 8949
9861 3589
1256 7900
7028 6622
1497 7464
1849 1586
799 2262
3011 2740
6094 233
1497 8976
4513 2317
8337 9780
8821 2302
3967 8976
6937 3251
9780 2442
6320 1756
7477 2262
269 9793
8567 5417
4903 2317
8819 2442
4047 4707
7901 3589
233 9420
4947 2446
8903 4903
6120 4047
5172 7901
178 5186
3967 7032
1979 8903
3481 3243
1104 311
1586 1059
7177 504
6320 7304
1256 8203
4297 9420
3720 3243
5480 6937
7304 6566
8567 7530
8821 6036
5480 8608
7473 6566
8949 9716
7032 3813
8462 5679
6120 676
5713 4297
359 3561
3561 5122
6065 5172
2446 6373
2313 178
1599 7477
2740 9688
776 8203
6036 8248
9716 4472
7845 8608
9396 1979
9327 6065
9713 5122
7565 5713
1059 3753
6622 5731
5042 3813
7530 3867
5042 6262
5679 4566
7302 9713
3149 9396
3753 1458
9531 8819
3720 6807
1599 9521
7565 4425
4460 9531
7473 7142
9688 2046
7177 7587
3911 6262
5731 404
4472 3490
8248 489
843 9521
776 1038
1771 7845
5302 6807
7142 572
676 9643
2160 572
4460 7353
9327 9062
1615 1771
1615 1595
8417 404
7302 6786
7353 5311
-1
8933 5311
-1
800 8163
2046 6682
494 9643
3490 3849
489 4323
9062 579
3461 4566
5302 9474
8933 2020
3461 6031
5803 6031
8417 5734
494 5298
2877 2160
7816 6786
4215 2313
9400 843
781 3867
6394 2877
3149 7890
1140 5734
9793 8803
3018 4323
6571 9830
7890 3636
3849 955
1595 4454
9287 781
1458 410
6880 410
3018 4805
6769 6394
4394 7587
6571 243
5062 9287
108 1140
5062 7307
8147 108
6880 7887
5242 800
261 3636
7307 8431
6682 8109
4908 8431
2246 5242
7947 261
3240 4411
7992 955
4454 7491
243 6559
6559 3680
3796 7992
7887 4681
5298 5181
9609 3680
7816 180
1181 4394
4411 5709
9611 3911
8207 5709
4862 793
1038 4483
4908 3837
1057 3045
1226 9875
7983 7491
2027 8147
100 9611
5685 8109
4805 8167
9215 4215
4425 2796
189 100
8803 3804
8167 4657
1551 7983
7270 579
5872 9474
2418 9609
6795 4657
6795 7698
7642 180
5948 5685
1370 9400
121 3837
7270 2280
222 9215
7947 3190
2280 2453
169 222
9680 6769
3141 2796
5948 1563
8510 189
3796 8815
1181 906
2418 2949
3141 6673
2246 9785
3773 1563
121 2272
1551 8684
6217 1057
4685 2020
4488 8684
5767 1370
9576 3773
2453 5949
2485 2027
9785 7526
5803 6305
3190 5329
7699 7642
2272 9846
61 906
7892 5767
6305 9323
61 4086
7698 6997
3960 6373
340 9323
8510 813
5664 9576
4685 9634
7892 872
3804 1209
894 9634
4488 1049
666 7526
5961 813
6753 2485
3775 6997
5961 8412
5497 340
1049 9984
5497 4540
5872 7995
0 5329
2916 4483
5949 5962
3088 4540
7699 6809
8088 5962
4190 666
3960 9854
6753 9346
5181 4204
4525 4190
9846 9361
883 4681
7677 9361
7199 5664
3387 169
4301 6217
2345 8815
7199 3066
6809 9550
2764 2916
292 4204
4525 945
9980 3066
894 5761
9854 9563
7256 3993
3088 9979
1610 1209
945 3330
8412 4056
4056 8791
2781 1610
8791 5476
4086 1543
4934 9980
4016 3775
2616 1543
8034 2764
872 675
9680 3230
4016 8894
3622 9346
4756 9984
7677 1779
793 7345
5857 3387
2781 7727
2440 4159
4301 937
4967 8088
5857 7061
5761 6387
-1
9572 7995
767 7345
3622 5176
4008 1779
9465 8207
9979 6595
9060 6673
456 9572
5176 6247
2367 9060
385 9563
6595 5151
8034 2493
2638 883
5476 1852
8894 8665
5151 387
8665 9100
1998 1852
1477 4967
3211 2367
1477 1755
675 2690
6247 1787
9104 2493
1740 9100
9550 7131
4980 7727
5153 4934
6669 3211
2467 1740
456 8952
2638 6372
8677 4008
7023 0
1787 7463
8473 8952
6118 385
8829 3230
7023 6995
4756 5942
5380 2949
9892 1755
8188 6669
4984 937
5153 6304
2968 7061
7066 6118
743 2345
2968 4428
5942 4427
4428 6924
4980 6590
3582 6387
687 9104
2510 387
2690 7631
8291 2510
9698 743
8473 1582
7066 4007
9339 1998
9465 488
7694 1582
7622 8677
9339 5554
9122 9892
5796 8188
4120 7622
6590 5174
8829 4591
7631 5690
6660 4984
7694 7701
1258 4007
5380 7243
7131 3874
7701 8170
7993 5690
6995 4060
7993 3774
3778 7463
3778 5633
7337 687
3330 2620
6924 7899
3774 290
8844 3582
8170 3881
7777 2467
8291 7737
7984 7777
9122 6370
7984 8598
6754 6370
2616 8921
2995 6754
8197 5174
8649 7337
5030 5554
5030 1044
290 2604
9670 4120
2604 948
8649 1020
1044 4619
8860 4427
4060 5430
4278 6304
7737 6398
8511 5633
2222 2995
9256 8921
948 8899
4619 2696
292 2181
8598 1406
124 6372
7243 1812
8197 9283
1406 8746
5796 2862
427 9670
3881 4487
2960 2696
2960 7042
4824 4487
-1
9283 8262
9036 8746
1839 8262
8511 2284
2882 2181
1812 5570
9817 488
5570 4961
5039 124
4436 1020
5430 1186
8860 347
1258 2942
8844 4015
2284 6136
5578 5039
7400 7042
7128 4015
4824 6970
6750 6970
9387 4961
643 9387
693 6750
643 4022
6398 8806
581 4022
6409 5578
1902 427
2676 7128
6409 7639
1578 7400
7249 1578
2942 5339
4436 375
3591 1186
2676 5036
3591 9355
8629 7899
4486 8806
375 2695
2862 8970
2689 3874
1456 8970
690 9698
9355 9290
9036 6554
8283 1902
2749 7249
9419 2222
7205 9817
9290 4408
4486 8528
5036 4787
8629 8918
792 4796
6049 9419
4787 2610
347 1326
4207 8899
4278 5588
1839 2837
7301 4591
7301 638
3337 2749
2257 2837
5289 3232
399 2610
2130 5339
7466 399
693 5863
8006 5588
9241 6554
5254 2695
1456 917
163 3337
7466 9252
8283 1808
6136 8379
2620 8615
4626 638
3583 1808
-1
8918 2414
9241 3028
3703 8615
3914 5254
9256 7044
8006 3085
5892 767
9252 8733
4255 8528
5020 163
3024 4408
3969 3518
3703 6688
9087 3914
4255 2034
8955 7044
6239 5020
7383 6049
8031 917
1570 8031
6239 8667
7441 3024
4640 7639
581 7730
5717 7441
4207 6724
2414 4098
6454 8379
8148 6688
2130 6489
6965 5717
3852 5863
2689 577
2882 2258
312 6489
2147 6965
4626 9330
5753 7730
8733 2336
9492 8667
7462 3028
5701 7205
3242 7462
4098 4118
6679 2336
9087 1327
592 6679
9149 3583
730 4118
8139 690
7127 5203
9351 3085
4676 6660
7013 5753
5268 312
2147 458
7711 4640
1570 1324
166 8148
5701 7575
9377 7013
5892 9186
8955 3042
8672 2258
8139 6560
6560 6371
3242 2861
42 1326
3956 7575
9377 3384
6454 6845
9685 9492
6663 6371
7711 9852
7383 759
759 3884
3852 1840
6694 9685
1000 3042
3990 9149
166 6837
7276 458
6724 9847
3634 730
6694 4843
7276 7357
109 3634
3469 6837
1840 3730
3723 8672
876 3469
6845 4674
7452 3884
42 789
1972 1324
9352 4843
4012 3730
9330 5390
789 1493
6663 7059
4674 97
2386 7452
9352 9488
577 7675
9186 7831
1327 405
5862 9847
5268 3822
3384 1980
-1
7357 8647
4676 4804
3068 2034
6770 7831
4535 592
3068 3233
405 9078
4962 5390
5342 9488
4012 8922
5401 1493
8922 3989
5862 912
8647 4219
3215 4962
8400 2257
5342 5461
6652 5461
1661 6652
6085 4219
3097 3723
5828 1980
5301 5828
7059 9124
7324 9351
1972 1039
5869 6770
7355 1000
3769 97
7324 4644
4476 9078
-1
8995 3769
2861 6465
7355 6974
9267 4476
4228 912
3407 3215
4644 3572
3539 8400
3233 7268
7268 363
9852 7130
3539 6733
3956 7497
6525 5301
3214 4228
6733 2903
5473 9267
7421 2903
7153 3572
1661 8363
6974 663
3214 8071
8339 4535
1372 8995
7675 7941
2937 663
7130 7390
9913 6085
8363 7767
3990 7963
363 2955
7682 9124
1446 3097
9890 6525
7390 7004
3989 1230
3407 4393
7571 1230
8740 1446
413 8071
876 8850
4602 7571
4393 2859
3186 5401
2386 5109
7236 4804
7941 6042
1100 9913
3186 4531
5465 1372
1009 5869
1009 2767
6465 1448
3123 1100
3000 3123
6042 3663
3000 4282
7004 2200
4531 1280
3254 8850
3443 5465
4282 1597
6721 9890
5109 1574
5473 6233
4613 7421
9544 1448
1074 4602
8740 815
109 2505
1074 4311
5398 9544
2955 2060
2505 576
8339 593
2937 5309
7767 9656
1725 4613
4311 2940
9656 5629
3254 2465
7718 5774
3822 2925
2859 7099
2940 431
2558 1574
540 7099
7963 2694
853 5309
413 7685
2095 2694
6427 2200
6233 4256
5629 2554
5490 2095
2558 3279
-1
7497 8500
7153 569
2727 7682
6765 6427
1039 9291
2766 2060
540 5421
6987 5398
2554 6299
8768 3279
569 6699
6699 4263
6039 5421
2023 1597
8500 7329
8557 6721
3722 1280
815 4337
853 7006
9882 1725
6765 9662
4256 3304
7953 4337
9988 593
9291 967
886 9988
383 2465
5331 5490
8557 6002
6002 5135
2210 5331
576 8409
3473 431
6299 6410
2210 8750
886 1884
2766 3891
6209 8768
9155 2023
9155 8807
7006 7878
1884 2429
6209 3869
921 3304
5135 3314
4976 7878
2429 1791
3377 4976
3663 5500
8348 3891
3377 1907
2129 6410
7329 2071
3473 1956
7685 3111
2187 2767
1162 9662
5112 5500
3722 1683
6987 8069
8348 8530
3443 8729
8213 3111
2129 9478
8409 1973
8988 1162
543 9882
8181 7236
2032 7953
4818 1791
1907 6076
3977 2187
1301 4818
1301 8233
8729 7440
1683 4683
921 9168
699 2727
1056 8750
1056 4719
9568 543
4268 3869
3146 699
9568 7653
8213 7754
7781 9478
1973 2068
438 967
8530 9296
3755 6039
8069 9312
5814 2032
7653 8680
6629 2068
3012 8233
9319 2071
2852 2925
5814 3198
4268 7914
8807 7498
7914 8876
5919 7754
3012 594
9208 3314
7336 7498
7649 3198
5112 4633
6686 6629
6686 1505
594 783
438 9204
383 8217
9156 5919
8988 135
9319 846
4263 7665
2773 8876
3755 4449
-1
7781 358
3441 7649
170 9204
135 1560
5904 7336
667 6076
9510 3977
8680 8607
358 7547
1970 9312
7741 8217
7440 4800
1022 783
9296 769
6163 4800
4973 1956
4719 1652
4633 7103
1505 4546
448 769
3814 2852
8831 1560
846 6470
7741 4471
170 4621
3510 9156
6856 448
6856 1224
573 4683
4546 3947
339 3947
6470 1878
9472 3510
6312 1224
1241 4973
3346 9168
6882 1878
8774 1970
5393 1241
8831 14
8774 5970
9079 7547
9208 1886
3146 2162
7558 5904
8979 7103
4010 3346
1652 1219
2315 4449
5470 2773
5861 6163
5393 9246
5985 5470
339 4733
1022 7416
1050 1219
9079 8930
5970 3547
3276 8979
4471 2635
4010 4023
5985 9371
4451 3441
6347 9371
7665 6165
1885 667
1172 4023
9472 8252
573 5466
3547 3501
1885 9681
9681 6861
9674 2162
7117 3814
6165 8216
1172 2078
4451 9787
4733 4830
5466 2121
4621 6735
9254 6882
3501 4101
8930 131
2747 2315
9748 9787
-1
1050 9306
9306 2702
7416 5127
7117 5636
7939 6312
2702 2161
7605 14
7538 2161
2635 4610
2998 7939
6347 1783
1147 6861
4061 8181
1783 877
2365 5127
1187 8607
2365 4570
877 1718
2301 9510
6735 8978
7558 7979
9674 9855
7979 3252
4570 8890
9855 9850
1930 1886
710 7605
8798 3252
1603 8978
1603 1528
982 1718
1528 1627
6507 9246
8216 6448
6221 2301
5244 7538
1383 1930
9738 9850
6460 2078
8887 9738
4610 5381
6311 5381
4905 2121
710 6303
1383 7669
1627 7097
4061 3183
8682 6448
2998 6011
3183 9605
9748 6691
5861 9744
5874 6311
1187 4168
6691 2839
8846 7669
8887 5594
3945 6011
5874 1536
2581 4830
4905 34
686 4101
4168 171
686 4948
8931 6303
680 2839
7455 9254
680 9712
328 5244
1536 3678
9712 3667
8447 2747
6460 5513
8447 4831
2353 4948
-1
4840 982
9715 3276
5859 9605
7455 443
3945 2256
34 193
8846 7577
6041 171
2639 6507
6562 3678
2581 6093
2353 6004
8931 408
6004 5535
8612 6093
5284 4840
9744 6641
4831 4090
-1
8798 4729
-1
1147 3683
4344 3683
5594 6533
2293 3667
7097 606
5859 8092
8252 7679
9080 131
2256 4959
3353 4344
606 6323
8682 8757
2304 328
6221 8553
3810 8553
3810 5447
6205 2639
-1
7569 6041
4090 2413
2209 7577
9080 3537
8890 6617
408 2976
6323 3476
6205 5969
8757 2106
983 4959
193 7237
5969 6382
5284 2335
3537 9506
4729 3005
648 5636
41 2209
1903 6562
1786 7237
8529 6641
3353 7321
1793 2335
6018 9506
9814 2304
6526 5513
6526 8877
8877 795
6711 983
3222 5447
1786 3174
795 8663
5623 8663
3134 3005
6018 7527
3174 6512
6893 3222
6893 5624
7527 5436
7569 6471
512 5436
8529 5683
-1
5440 648
3476 2651
6952 6382
9768 8092
8989 6617
7426 6533
2651 7792
2407 1533
5624 618
29 6952
-1
8989 377
6512 5221
1590 9814
2056 7203
9964 29
3896 9715
5683 5718
1590 1913
4606 1913
244 2293
3134 6722
5474 6711
2368 5535
618 9012
8612 6365
5623 6831
1705 2368
6722 6634
6126 1793
8559 9012
3896 1720
244 1867
6126 1850
649 2413
5440 3324
9173 6634
5474 9001
9964 3151
6365 3983
454 4606
443 6492
4658 3983
938 377
3151 8426
7095 1867
4911 2106
6890 5718
9768 2049
5871 7679
5134 6831
4406 4911
1705 1966
7095 5133
8494 3324
6196 5221
5449 7792
1585 9173
9796 1850
4516 4658
512 4883
4516 3416
6593 7321
2614 1903
8559 2842
2975 2614
2975 3378
6449 9001
6449 6336
682 8494
3424 454
3193 938
8504 2976
8974 7426
6027 9796
5791 5134
2761 6196
8426 8372
5449 6469
6027 1965
3193 5893
1585 7231
6855 1720
8186 4883
4406 4291
6336 9679
8504 9726
7231 8824
302 6890
3424 9234
3795 5871
3795 8854
4291 8436
6492 1531
3416 7551
7551 7814
5784 41
6471 6309
5920 2761
3165 9234
8974 7508
5133 845
6771 5920
6561 8436
5784 7405
8854 8601
6423 649
3378 9224
7350 5791
1965 5114
7876 6309
8186 2798
15 302
9310 5893
3165 9041
15 678
6561 8211
8321 678
1451 2798
6469 7534
7534 1700
1429 7350
9679 794
1628 1966
794 5279
2049 1300
4680 1429
1651 7508
238 9310
1651 8643
8901 9726
7516 8211
7814 1735
6855 8108
5984 8901
5279 5050
8643 6651
6106 9224
9514 5114
8321 8784
6651 1959
7516 3534
5984 9565
6919 8824
1628 9275
3368 8601
-1
1148 4680
2950 6106
275 2950
2589 1148
4065 275
9514 4043
8536 5050
4530 3368
1959 9779
5199 4065
7405 7351
8536 8579
2589 5029
1735 9282
4888 6919
6771 2820
8784 7678
5274 8579
3962 9041
-1
9275 3690
1996 1700
3962 3060
1531 4690
4530 9212
5029 9069
682 3673
198 4690
9484 238
2132 9282
9565 288
3060 6087
8472 4888
6593 9093
3690 6586
7275 3673
7027 1451
8372 77
167 9212
9484 6213
460 7678
7225 6213
4043 7047
8145 460
2289 2820
2551 8145
6348 3534
7351 2782
1225 7225
4580 9779
4415 6586
4415 8626
6166 8472
2289 739
7297 845
7876 7799
9564 7799
7297 7144
2849 198
7027 4469
7144 7609
9871 77
6166 200
4523 6348
207 9069
9871 6266
6978 8626
5274 2292
4365 5199
353 207
6423 855
2551 8078
6565 353
6978 9823
2495 7275
6781 2495
1205 288
9258 9823
1107 167
6747 739
-1
9697 855
4523 5786
4334 8108
1889 6087
5159 9258
4469 6198
9093 1680
6198 6498
2496 6781
5786 6068
9697 8106
291 2782
8349 2849
5530 4365
2553 8106
6565 8439
1225 4498
5530 1843
6967 4580
3263 8349
7603 7047
6068 1411
2292 8452
237 1996
237 5358
2553 996
7609 6159
291 1035
8141 200
8078 6222
2842 1144
6159 8478
2092 6222
8478 2393
6266 5891
1680 9464
7578 5891
5991 4498
5991 1496
4807 1300
1496 7858
5358 2507
5346 3263
8439 1841
5092 1144
1841 7580
1889 1687
4170 1687
11 6498
2496 345
7938 7580
1843 9118
4807 7583
3699 5159
6338 2393
874 7603
1107 9903
-1
4496 2132
-1
299 996
5070 2092
3162 6747
2309 9464
7449 1035
874 7702
2821 8452
7858 6900
9591 4496
7636 6967
7702 5241
3699 2269
8597 7938
4334 3092
299 3859
1609 1411
721 1609
8311 3859
2821 1598
3581 8597
8657 2309
2323 4170
8206 5346
2704 9903
6900 3040
2507 8005
2963 721
4765 9564
4253 8005
7449 5060
5070 6104
3581 3860
3196 8141
9118 5108
6840 6104
3092 4218
9475 345
3196 2670
5426 6338
5060 8127
5509 1205
3893 4765
2670 4590
5193 5241
9475 4647
889 4253
7578 296
2963 6207
4006 3860
2704 4858
5193 2643
4647 2344
528 4218
2269 9274
2323 9265
4920 9265
2643 1464
8311 9023
1464 7795
8645 4006
8657 2673
4917 296
157 4920
11 9590
8206 6237
7162 4590
6840 7888
8889 4917
4858 2700
9102 5092
9525 7583
7795 5350
7162 4388
311 3739
3040 7977
3908 4388
6969 9102
8111 9274
5428 7977
5243 5108
6969 4939
9591 6497
6497 7968
5428 566
915 3162
2845 5350
9023 3258
2219 7888
474 2673
9590 4174
915 3927
8645 9286
2700 8825
8825 4400
4161 9286
3612 3908
9525 4960
8934 4400
3091 1371
4870 3927
5223 3893
4174 8767
4149 3258
4149 5269
4494 5269
5865 3091
5032 6207
8014 2845
8889 9959
3125 2219
474 8713
7407 566
5243 6417
2720 3125
4216 7968
-1
528 6301
4369 8014
3612 6879
9602 4161
889 5918
9545 8127
5426 5505
4259 4960
8111 6200
5149 2344
1345 8713
1598 802
9959 6834
4952 8934
4216 9783
4952 9391
2857 5505
9391 757
-1
5032 1616
757 2722
4868 9602
8335 4259
6200 4402
1345 6282
5091 2722
250 5091
8625 4870
3858 4494
3356 6879
1523 6301
6237 2339
58 4402
2075 3858
253 5918
2720 7075
6150 7075
2857 9038
2277 9783
5914 3356
5223 6399
7407 2598
2277 1926
9519 6834
9402 6417
1616 3682
7222 6399
3709 8625
5923 4369
2206 2598
5245 4939
3709 1037
4325 2206
3751 253
-1
9038 2497
235 5923
9926 7222
58 8422
250 4617
7636 6821
9862 1926
3682 7000
9862 4495
9545 5286
7000 8505
5245 9577
310 8767
6821 963
8480 4325
3065 4617
2286 4495
4970 235
310 1119
9519 6412
963 2608
8480 4148
6150 8762
6282 91
157 552
4970 2847
1119 6638
4148 7712
6638 4153
6108 3065
8505 7513
248 6412
5509 658
7012 5286
5875 248
1051 5914
2608 8637
552 8855
9925 2075
1753 2339
7712 3498
9575 5875
4245 658
8855 4142
2497 9134
3528 2847
9925 1728
1384 802
8762 5611
6887 4153
9402 7073
2286 3280
8637 8872
8872 6731
6152 9575
6402 6887
3030 5611
1753 5714
3751 7109
6108 4081
1384 7007
1872 7073
1872 5582
2755 6402
5161 1728
8594 5161
373 4081
4142 1290
9279 9134
6080 9926
7513 2403
3528 6717
3280 3208
1051 4269
1239 4245
1809 9577
6122 91
8335 2592
3239 5149
1523 8980
196 1290
8105 6717
1860 3208
9998 6152
8422 9877
373 6035
6122 3696
6035 3935
7109 4193
4612 3498
8035 7007
3030 8542
2885 1809
7997 4868
6580 9279
9998 3745
3935 9598
8542 1041
2826 5714
147 4193
3297 7997
8594 1619
3938 3297
8235 1619
4269 897
1860 1025
8035 4158
3696 4652
9910 1239
3239 5635
4636 1037
9904 2403
4612 1161
6580 6429
5582 6725
2826 5699
9473 9598
5645 2885
3897 4158
9877 4625
1424 4652
9146 3897
5533 5699
1161 7428
6429 2480
2918 4625
4809 2755
1388 1424
196 5707
612 4809
7012 8070
6725 1309
612 545
294 3745
147 301
294 1118
2152 1309
8070 6892
8105 6986
3692 4636
6433 301
4037 1118
9828 9473
4806 5533
8235 4437
4437 9802
5541 5635
8898 545
9146 4294
2918 2191
1041 8634
4059 3938
3079 8634
6984 3079
9828 2523
897 4172
2628 4806
8963 1025
9904 3189
5826 6433
3067 3692
5707 7758
6892 5235
2152 8711
1711 9910
9802 2660
780 4059
958 7758
2811 2191
4553 1388
1711 8550
2628 8423
9401 2811
6475 4037
31 4294
2381 9401
3756 8963
7428 7813
780 3933
3756 2167
1768 958
6984 415
4553 1082
2410 1768
6133 8711
5645 6054
6080 3689
8225 6731
1487 6475
5442 4172
2381 6841
4465 7813
4465 3006
4079 6986
3313 6054
2167 3650
-1
490 3933
1082 7123
6228 4079
8245 3006
6228 5675
3976 2410
8898 9320
5561 6133
5780 5442
6271 5780
6841 8694
415 1465
4731 3976
1487 9627
1379 2480
6271 7372
1465 1591
6251 31
9627 5756
7697 4731
6251 1127
2377 2592
5081 5675
8550 1665
4353 5826
3650 8029
2523 5089
8225 3290
490 6026
5561 3640
6851 3189
1127 7735
3955 8245
7372 1953
8296 7123
6851 8112
3043 1591
3067 9120
8209 3640
-1
2476 5756
5081 8386
8296 9860
5089 7683
8135 6026
8209 4760
9341 7683
2447 3290
4760 1955
3955 1076
8386 1442
9070 9320
8423 6705
8694 4936
4921 2476
5418 6705
5111 9070
3689 6501
1114 1665
8731 1076
1955 9462
2677 5111
2660 4450
2677 9982
8646 9982
5928 8646
4140 1442
18 8731
333 2447
4921 9378
6308 9378
4936 2649
9743 3043
8919 4140
9341 9857
5541 9016
8135 2880
101 9743
9704 9860
4477 5928
7018 3313
1114 4137
7735 1242
1379 9753
18 629
3659 8029
9016 5903
4137 8018
7697 3071
2009 2377
5418 4742
9462 8210
3071 9867
5072 4742
640 1242
4450 6736
5483 9120
5235 8797
986 1953
704 5072
4897 9704
5483 6546
3159 101
1195 7018
7437 2880
8210 9485
9485 8476
4258 8919
3159 7083
6168 9857
4931 704
3029 6308
4931 2224
8797 4391
7118 9774
4897 177
7437 5079
4391 1592
4138 7083
6546 4750
2561 6168
8485 629
6981 2224
3600 4477
4750 1891
3488 1891
9867 5508
3029 4114
9720 4353
1592 4631
2649 214
6141 177
2775 333
2151 3659
5508 6871
4414 9753
4114 662
2775 2958
9720 824
6537 5079
6537 8777
1908 2151
8420 1195
8018 6219
8112 27
1704 6141
1399 8777
214 9693
8420 5208
9309 6736
9693 8184
5304 4414
4258 1081
8640 1081
8184 4728
662 5546
335 27
531 1704
3600 5726
-1
3488 4134
8476 637
824 8537
2561 4265
4265 1824
2958 1667
1908 1565
2513 4728
8004 531
5726 4068
3227 986
637 5377
8640 7091
7091 8592
8972 4068
901 6219
1826 640
5856 8972
8537 893
6501 5299
6871 9148
5377 8066
8004 8418
4130 1824
2674 8592
7471 5856
3317 4631
4138 9404
9309 3382
5299 3083
893 2159
5696 1826
2674 9020
8980 6419
4272 5546
6419 5164
785 8485
1667 5326
5696 7057
7360 5760
335 2037
785 9902
6151 9148
1513 4134
4272 158
9404 3454
9177 3454
2233 8066
1565 5665
9902 8761
7057 4643
6894 6151
2037 510
2513 2261
7471 1880
9427 2159
8481 1399
158 8104
9020 8137
4864 8104
2157 9177
6894 7663
3121 4130
7663 8309
1880 9646
9702 5903
4951 8761
8418 9734
1513 6852
9702 2155
-1
2134 8309
4849 4951
9571 4643
2737 2261
8704 9571
3645 5164
417 3121
2134 8401
9427 6130
7761 2009
3317 3845
9493 4864
1474 6130
3083 2535
417 9770
8150 9646
1474 8869
1245 6981
8477 510
3227 831
4855 8481
4855 8306
7991 9493
7991 9714
901 191
2685 5304
6797 8704
2035 2155
4849 2362
3645 849
4827 8477
2685 726
9924 8869
1245 7553
7761 8424
7780 3382
191 5058
9924 1113
6852 2788
9613 2035
2737 9466
4624 6797
1240 5665
8137 6505
849 5052
9288 4624
7287 3845
6288 9288
1240 145
7553 7202
8424 259
9714 6099
7780 446
5283 6288
2680 1113
9770 9655
9119 4827
2340 6099
8401 8315
8150 2325
6534 831
5294 145
2640 2325
2233 7122
9613 1278
2340 357
2362 251
5294 2016
1002 9119
2176 7287
251 9141
5052 7119
5589 5283
4237 9141
8315 1727
3150 357
2535 7812
4121 4237
1434 9655
7368 2640
672 4121
672 3620
4983 3150
524 9466
2054 259
4983 8658
7202 8416
1770 6534
5733 8416
9734 3385
1002 6739
2808 1727
5107 5589
3385 1904
2788 5517
2157 8575
7122 550
2054 2040
7505 2808
8614 5326
5450 8306
3094 5107
7505 854
9606 7812
9140 2680
1906 1434
7871 1904
8658 228
726 4359
8575 2534
3094 8159
7787 446
1770 8121
2176 2364
524 1848
1572 854
8159 1635
1906 2926
6383 550
5413 5733
6505 384
6037 6739
5357 3620
9963 8121
3409 1635
2016 5210
9706 2364
6383 4797
9963 8465
5357 8024
1278 7623
4359 7847
4669 1572
6037 3898
7470 7119
3809 5210
3898 8351
2040 8402
4562 7368
4999 2926
3022 3409
4303 4669
7871 9221
7306 5517
9524 9706
228 9573
1848 8243
7681 4303
2392 7306
7860 7787
2069 8243
4223 8024
7859 6915
8351 3806
4866 4562
4797 9411
2794 9140
8255 9524
7024 2534
5058 9543
750 2794
7238 4223
6697 2069
5413 5841
2014 9221
2005 5450
4462 7470
8279 4462
6697 3136
7860 858
4999 2585
8041 7623
2595 9411
1470 9573
3003 2392
8474 2595
551 4866
8279 5695
7652 9606
8402 1191
6001 7238
7363 7847
1213 8614
5982 7024
8264 5982
3427 5695
5468 6001
3809 7397
9101 3003
8816 2014
7554 551
-1
7904 3136
7363 461
8255 8182
9101 2101
9543 173
484 2101
7915 8816
3427 1132
1822 173
3800 7554
484 8906
1213 5263
9081 8264
7561 2005
3800 3647
8782 7397
5721 9081
7379 1822
7915 8630
3451 3806
384 7106
3550 1470
8782 8387
3550 6664
7106 7955
3224 7681
6664 1215
7561 6014
4607 2585
861 7955
6927 1215
3647 3361
8474 9065
3055 8387
7904 4234
2584 3451
6061 2584
5040 3022
8630 2818
5852 861
8465 7567
3614 5852
7022 5468
1670 3224
7652 4139
6182 4234
3888 1191
3888 3992
4956 6927
6849 1132
5208 3907
3614 5237
8906 9229
6061 6359
6359 2464
1535 858
764 9229
-1
2464 1428
305 3361
3907 2300
6182 3905
9065 4115
5415 8182
7379 2450
461 3301
2405 4956
6990 5237
82 3905
8648 3301
8527 764
4048 2450
7022 40
5228 750
8140 4607
1428 9262
4048 5262
-1
7567 2629
3592 6990
875 1004
9434 5263
2405 4377
2619 6014
2642 4115
6576 5040
738 2541
2642 356
7988 1535
2818 2644
82 257
6766 3592
2629 140
7292 5841
5866 7988
4213 140
6576 7775
8648 7975
40 1509
257 3861
2848 6766
4943 9262
7214 305
2276 2619
2644 891
5228 7870
4429 7775
1199 4429
6244 2848
1670 8582
7215 7975
7214 2515
709 3861
5584 1199
356 2059
9839 7870
1509 7742
7742 7634
9434 9228
2489 709
5721 4932
7779 7634
9839 6175
2104 8582
8653 1567
3463 5262
2489 4395
3463 8954
1367 8954
4943 2427
2427 9994
2765 5415
4863 9228
3184 4932
6175 3979
7292 8193
620 6244
-1
3055 829
3308 620
2083 2104
5866 6706
5678 9994
3992 5427
3308 1818
3630 4377
9358 4213
3979 1356
8193 9939
3184 5838
7753 2515
891 309
5271 4395
5838 7213
9932 1356
5372 2083
6849 1895
5678 3370
3430 1818
8025 3430
3370 9409
240 3630
2563 7779
2276 4273
5170 240
8532 8140
9621 7215
7213 1093
5170 3398
9835 5372
3398 6268
4273 6702
6553 5271
5382 309
9249 6553
962 829
2563 6552
6706 5340
5454 7753
6626 9358
2813 1093
5312 6702
2533 9835
5454 660
5584 5616
8025 7384
6008 5382
9820 2765
3319 962
2813 87
9373 6552
6390 9373
2533 4442
2255 4442
6008 2850
2171 6390
6081 2059
2555 5427
5603 2555
5877 9409
4143 5877
9249 3362
2171 599
4664 4143
4879 1895
2300 2417
952 9939
6050 1367
2255 9533
4139 9305
7159 5340
9533 260
4664 8501
8911 952
9820 6549
4051 87
6081 7229
3319 9471
9932 7850
4863 7982
7159 4889
1832 660
4051 9616
5616 5389
1910 5389
3095 5603
223 5312
8328 9471
4889 2947
1910 1596
2947 9014
1596 9795
9084 599
4360 9084
7850 8709
6050 60
5782 7229
6626 8702
4058 5782
-1
627 60
6353 1832
2254 260
8395 8527
9795 9865
8709 3446
4871 8702
8198 627
4877 6353
8308 8041
7209 3362
6730 8532
5362 8328
9865 6633
2900 2417
5362 3496
4360 5275
8489 2254
2461 6268
4871 7474
8911 3789
5953 7474
9014 5259
7209 3705
9621 7952
3966 5953
804 8489
3475 6730
223 6695
8395 4757
8501 1686
914 6633
1204 6549
5084 3446
1613 9616
6833 2850
7736 7384
5774 4796
188 1613
6416 3496
4879 90
5084 7305
4637 3705
4877 523
4058 7152
3436 7736
2900 554
6816 3966
523 964
5686 90
554 5136
2710 4637
6170 914
-1
8198 8094
5187 6416
1284 5136
4009 3789
5259 5305
8571 1284
5686 3618
6079 5275
188 8429
4241 804
2710 9931
7182 6816
8429 6767
6767 2778
6079 3059
4618 2778
7305 32
2247 1204
3475 3851
4241 4298
3095 2196
3782 3059
3256 4009
1007 4757
1686 9163
2461 7263
1294 6833
3758 1007
6695 1063
5305 4572
3256 8728
7182 1400
9305 8354
3144 9163
4567 2247
605 4618
6170 7316
7316 6201
4298 2571
3472 3144
6134 2196
9073 8354
1587 1400
9453 1587
964 8693
8571 9733
5285 9253
8693 596
8136 3851
6315 6201
2045 596
3472 6107
1063 9987
2148 1294
1101 8094
6107 8760
5532 9453
6980 4567
2124 9931
9329 1101
1519 7263
7952 4990
7818 6980
3358 3436
801 605
5532 497
6134 5977
4714 7152
7818 9947
3758 4670
2607 4714
8376 497
2124 7804
2077 9987
7414 4572
-1
5265 8760
6060 4990
2607 3594
2077 8692
9733 7065
4670 9600
801 1413
9329 7990
1519 575
8495 575
5187 5094
8376 3282
2451 3618
7982 6713
-1
5094 1491
2045 3918
6511 5265
9737 2571
6285 9947
450 3282
1228 9073
8495 6853
6853 3035
2843 32
1070 9600
6060 7588
6315 6283
3594 1385
1303 875
9989 8308
7990 597
9788 1385
8588 5977
6335 450
6283 4988
8541 6285
8438 7588
8588 7365
8728 388
9295 8136
2687 6713
7037 9295
9637 3035
1817 1413
2843 6069
7713 7804
6885 8541
1817 3711
7713 999
8875 388
597 4264
3688 1070
3918 9504
8692 5673
12 8875
3358 6975
6511 57
6975 3487
9737 6763
2687 7039
3782 6326
1467 9637
9442 5673
9362 2451
8267 1491
6069 3417
7039 8820
5956 3711
5842 6326
9504 2519
5424 6885
8267 7714
4264 7760
8168 4988
8438 9447
7065 7654
6335 5619
8185 9989
701 5842
3056 9788
3541 701
392 1228
7643 9442
3082 1467
8888 6763
4672 7643
5424 3410
12 1116
8820 8415
3688 4682
57 7961
6598 4682
9302 7760
-1
865 6598
664 7414
8168 4768
4457 2519
8886 392
6689 2148
3056 2145
7827 8886
9160 8888
5602 3082
5619 5227
4457 2182
7961 5128
3470 1116
7037 4662
3470 7843
5716 865
4730 3541
6602 4768
9111 5956
2182 3522
8185 9456
8329 4662
2145 4080
5602 3212
9362 3868
3868 896
8329 391
7843 4532
7827 9483
2070 6689
7684 3417
5023 3487
8948 6602
391 9624
4378 5716
2395 8415
6998 5128
9160 7618
2039 7684
9884 3522
9624 7373
9625 7618
9111 1222
932 7714
5088 8948
4378 3545
3031 2070
2396 9483
9673 5227
2395 8783
4080 2002
46 2002
9445 2396
1222 372
2936 3212
8928 2936
6357 3410
4935 932
4468 372
6006 4672
3031 4501
9 664
9407 9302
7895 8783
5023 5667
5202 999
4935 68
1825 3545
987 7895
4730 2582
6156 6357
6998 5336
7168 6156
8600 987
8882 5667
3113 8600
1825 5219
4468 2484
4992 5336
8928 4689
6109 7373
5088 9153
7576 6109
68 355
2863 9884
2484 6678
2283 2582
8882 1894
55 355
3831 7654
6678 5315
2283 990
6006 1816
1026 4992
1894 5922
46 4299
7030 990
8421 9407
8421 4603
4708 5922
7181 2039
9447 3971
1176 7576
9938 1176
2139 9673
4689 7361
4708 7950
8561 4501
5219 8577
3831 2320
9445 1201
6640 4603
8577 5496
5315 8814
7361 3500
7139 7365
1607 9153
7181 8515
3102 9625
7168 4759
132 9
989 1026
5688 3500
2237 2863
989 7146
8766 6640
9938 8459
2506 4759
9456 4380
6592 5202
4532 2550
2139 8428
7821 2237
9179 55
6364 4299
9251 8814
3524 2506
6592 8293
7950 6515
2758 1816
2758 2141
8515 6480
401 2141
8293 3957
8766 7303
2137 401
9368 896
7600 7821
5879 1607
3971 331
132 4576
8561 2556
9251 8502
3102 4565
4345 6515
9479 5879
4480 5688
2137 6218
3489 3957
3524 3764
5037 9479
5947 6364
8428 5620
1271 4565
7945 3113
1306 2550
3788 7945
4480 6848
7146 6656
4576 1608
5496 6444
3764 1937
3489 4552
480 4552
1373 6218
6480 9553
2359 6848
5132 331
1854 8459
9368 3931
913 7600
1567 7396
2756 913
6656 3466
2876 1854
882 2556
1306 4239
2876 4329
7632 2359
8268 6444
8502 4723
5037 7926
6727 4239
1488 6727
711 4380
3832 2756
9539 9179
6186 3788
-1
9897 3466
9280 3832
5697 1271
4076 9553
9897 9991
610 9280
6329 9539
1937 1165
9285 480
4968 6329
718 1165
1310 882
2468 1310
1488 1991
4183 5947
9285 1083
610 2346
5620 2552
2468 5197
7340 1608
5197 220
9608 4968
4057 1083
8268 8288
9958 2346
9958 1036
4453 6186
1558 711
9608 5316
5132 3187
220 7399
4329 162
8288 8587
4345 3570
4076 3017
7540 7030
8881 7540
3931 5558
3187 8843
8848 9991
3039 3232
9548 1036
718 3135
8587 6363
2763 7303
8843 2913
6923 3017
3483 162
1373 1394
4410 3135
3483 5931
4028 1558
4183 826
7926 6611
4410 1581
4145 8881
7766 6923
4453 8507
-1
2552 4900
4145 1090
4691 3570
4691 4484
5931 9284
4723 4146
4057 6089
4724 5697
1394 4895
9548 1466
8546 6363
2913 5607
1991 5000
1211 5000
6212 5607
7632 1835
1835 2327
4036 4900
4036 6447
3465 6447
6911 4724
7221 7139
2444 1211
1352 5558
826 9350
9263 7766
1350 9263
4426 6911
1305 3465
1581 9629
1466 3250
7715 1090
6 8507
1924 3250
1924 5078
1765 2444
7332 6212
2320 1443
7581 1765
4146 7594
3558 4484
4426 1949
5316 2311
2327 623
4208 7332
7715 8298
1097 7581
9284 6896
2546 1443
6611 4100
1305 1262
99 1262
4810 6896
5526 3558
3781 9629
9350 9303
7221 6119
-1
1949 806
1352 4899
9303 5764
4499 8848
4208 5523
4810 2131
99 3573
295 5764
7340 2692
806 3954
1001 7594
1001 7861
7189 4499
6313 7189
4028 1669
5712 4895
7861 8304
1153 5523
6 8990
1097 9007
1350 833
833 5215
2236 5712
7733 6313
707 2131
7733 2230
3205 8304
707 984
9007 827
295 2723
6734 827
8298 7964
2311 8189
4736 6734
3954 9943
8392 2763
2230 9298
1512 2546
5526 8156
6128 623
6119 9022
8036 4100
1323 3781
8189 6243
5215 242
252 4899
5319 8990
1323 3850
4817 1533
8156 7010
9298 9874
7829 984
3205 2652
5022 2236
6351 7964
126 3573
7010 4330
252 6545
4330 6968
5574 9943
5845 2692
2492 6968
8036 3685
126 7071
2613 2652
6643 2492
1669 9724
6243 5388
6351 5026
2613 4019
5845 1421
1710 9874
6089 6755
3374 7071
350 7399
7844 2723
9159 9022
350 2905
5754 4736
6160 9159
3850 8016
1512 3474
2029 6160
2229 5078
114 3474
49 8546
2600 49
3142 1201
3811 6643
8007 2229
7844 4678
957 8007
7829 5463
8993 2600
2739 5754
73 4678
5574 1343
1421 7506
1710 3200
8993 5593
9380 6128
4019 1887
7696 8016
7719 5593
1343 8355
9214 3374
5463 1331
2910 7719
2835 5026
5967 5388
6826 2835
4687 7506
3231 73
3525 2739
3478 957
3142 1375
3200 9607
3811 3694
4887 4687
1971 3478
8392 5672
1501 2910
8355 6884
5448 6545
7790 3231
9380 4955
6289 242
2296 1375
8866 7696
9740 2296
1501 6544
6826 6789
6544 5994
9807 6884
3525 6358
9807 2018
6605 9214
5319 7218
4628 6605
7218 8040
9540 6789
2565 1971
36 9607
3685 6248
2494 9540
8091 36
5155 1887
1331 6324
6248 6158
5793 8040
8580 4955
6289 2817
6755 352
4628 4753
7790 2823
3180 5155
4753 5367
6636 2823
1153 4542
2871 2494
5022 6661
6661 2984
7542 2984
9949 6158
9949 2892
4542 1629
3180 7178
2018 4989
5793 5434
4665 8866
3694 1419
5967 9937
394 8580
4063 6324
7542 4699
8091 4541
4235 4063
2565 6464
7178 7808
221 2871
974 4665
4989 7539
823 1419
4699 2146
930 5367
4887 4507
7539 1868
4541 4915
2488 2146
7176 6358
6438 930
5994 3292
598 7176
9085 6636
9633 2817
8230 823
394 6941
8230 9292
7444 6464
4709 9937
2887 6438
6148 5434
7528 352
2892 2303
7444 9333
9633 7358
2029 2776
9333 452
9292 8297
7808 5883
5498 9085
1629 9973
5641 2303
5073 2776
4507 7889
452 8627
8683 5448
1029 2488
5853 974
5641 8097
8097 9825
4915 1221
5883 1407
1351 4709
7118 3552
9973 3285
1042 6941
7179 114
1029 1072
221 2422
2422 5310
3339 7358
8627 9108
9750 3292
2905 2347
-1
5310 7271
4235 8631
2347 2803
3843 1868
3405 9108
3107 9724
4659 1221
6148 2792
8631 6038
7286 7271
6051 3843
1042 2498
1346 5073
6478 5672
3247 5853
7074 2792
1168 4659
7255 1351
2803 8506
6215 3339
3405 5740
2751 3247
7889 2266
56 6038
56 1362
8683 2574
3816 6478
6215 4656
7286 2667
9740 9908
7253 9908
2887 5162
4656 6815
8246 1362
3816 9354
7179 1522
2667 5531
9750 6167
8506 583
8670 5740
8590 1346
8991 7528
6597 8991
6157 8670
2473 5498
5772 583
2266 9024
3965 7255
7794 2498
1183 1407
598 696
3965 3181
8051 6157
6167 6388
6989 6051
6815 5744
9354 5080
1631 7794
5162 7041
3941 2751
2994 5080
8305 6597
6570 5744
3879 1183
2415 8051
2547 2473
7269 7041
6570 8585
841 1072
2105 3941
1631 980
3285 7036
5946 9024
3879 1138
6346 2105
8297 478
478 1870
8246 2490
9522 6346
3724 6388
5531 8554
2415 8046
6862 8046
8305 9586
8794 2490
3181 2228
2920 980
2228 7031
7980 6989
7036 2572
421 8794
9522 4470
7253 5951
3724 6838
7269 7391
5952 696
1168 7500
7391 5163
6838 3719
6224 3719
969 6224
3787 7074
5163 6281
3107 6684
1138 6056
321 7500
6610 2572
6670 1522
9825 8902
7100 2920
5772 8218
2193 9586
7100 8926
5951 5469
4470 3248
321 9649
8971 1870
6441 6281
8554 5416
2547 7769
3503 6441
5720 2994
7769 2457
5166 5416
6097 7980
3248 133
1847 5166
7364 6056
1325 8926
6710 421
3503 5831
3912 5946
5831 4585
8971 1947
3716 6097
3912 8884
1947 1600
9649 1897
8985 6684
1897 4217
1833 4585
8884 1461
4017 4217
8585 6872
3399 2193
2457 3506
969 6074
1847 5710
5469 7116
1461 5986
3506 3597
8590 1314
4017 8043
202 6872
4641 5986
4846 8218
841 9379
1325 8327
7031 9031
8043 1412
5356 3597
5356 6563
133 1030
6254 6610
3857 5720
3716 8350
1030 1263
8461 6563
6647 8461
8325 9031
5952 434
1833 5002
4456 4846
3870 1314
4368 4456
7529 1263
8350 7317
8570 4641
5976 4368
9027 7529
3870 8525
4693 5710
6647 1974
8570 7169
8327 2921
3034 5002
3857 4808
1412 416
5117 6710
6693 7317
1974 2824
7016 9027
2668 9379
4667 8325
3399 4313
2965 5117
8525 3288
6254 5129
1782 6074
5129 5913
6587 6862
416 5290
6321 6693
5045 2921
2824 9248
9213 2965
7169 2545
3054 2545
3034 5799
9185 1600
5912 2668
2956 9248
5848 3054
6803 4693
5799 1170
8578 434
5913 5572
8902 3598
3288 5125
4667 2569
3829 4808
6670 322
3741 8578
1155 7364
7016 2802
5125 2404
5572 4527
9213 5917
6946 2404
926 1155
6558 1782
7431 2569
241 8985
8503 3741
6803 7592
5396 5045
4199 7592
492 5976
6318 1170
4860 7431
6922 926
2831 4313
9596 5396
5912 4320
241 5341
5848 3863
7223 2956
6206 6321
4199 1537
1537 1099
6318 4933
9976 5917
4933 6618
1604 5290
9976 8490
492 5320
5320 9075
9185 8867
1604 1422
6206 7978
5330 2831
6909 1422
3462 8490
7738 6587
3462 6798
6922 8275
493 7738
6555 7116
496 2802
3484 7978
6618 908
9075 8317
493 1252
496 4165
473 8867
1549 2574
908 5968
3598 1387
4039 3863
3787 7460
473 1141
6558 591
5330 136
3278 1252
8895 202
4320 4777
7460 1838
8851 3829
3160 4777
3484 3961
5191 6798
4110 3278
9128 322
3064 4860
136 5910
4986 1141
5968 3693
8275 2421
1844 6555
1844 916
688 1838
7 3961
2893 4165
8606 9596
5910 5486
8895 3631
8606 7545
688 2197
1099 920
1679 3064
307 2893
5191 1418
-1
4527 6830
279 916
920 9500
8924 3693
9128 2213
8317 351
7110 1549
1065 7
7411 351
7545 5755
1387 8780
1112 1065
5486 4481
1679 6333
6830 192
3118 6333
9741 591
4039 574
8526 4110
4986 4770
4770 9529
2959 7223
279 6644
9281 8851
8526 1658
3020 3160
3309 9500
8103 3309
192 4504
9841 4481
9017 7203
3744 9741
2197 7842
8924 1019
2421 5250
5755 3491
1193 574
234 3118
1658 6395
4884 8780
3497 1193
1766 3497
714 6644
9696 9529
9841 3662
2805 6909
3491 6796
9460 6796
1275 3631
2061 3662
4581 9696
307 2884
3236 7411
8103 503
2061 4105
2308 3744
6395 3090
5341 1836
5849 4581
1019 9142
2416 5250
4105 495
3020 3400
3400 2941
9460 8143
8679 9281
495 7517
7156 5849
3798 2884
2308 971
-1
8200 2805
3798 6564
4025 8679
6946 9230
7110 1316
2123 7517
7480 8143
2416 8152
2343 1836
3842 971
7586 8200
8897 2941
7940 2213
9054 4884
3090 3440
2959 2424
1766 2337
4638 3440
7069 7156
7069 2866
9054 3856
2729 8152
4793 3236
6504 7262
7842 9004
1418 7726
4423 2337
8413 2123
6564 5851
2000 1112
4638 7472
3842 4069
7841 3856
7480 204
2866 9324
4793 5479
503 3504
6541 2729
7940 3922
8503 3019
2000 3062
7586 4509
3691 9324
3691 2771
8413 6692
4504 8022
3504 2912
4069 6340
6082 7472
5479 3676
479 6541
3985 6692
6340 511
9487 204
4423 5090
1004 273
8022 329
3062 7291
9004 395
479 1900
5924 5090
2939 714
7726 8622
2424 7501
4085 7291
9497 2771
5270 9230
4929 9497
4445 9142
9687 7501
7841 1969
9687 7585
7744 329
4085 7410
6609 5270
8897 2881
4509 2408
6306 1969
8360 395
5924 453
2343 1196
330 5851
1275 3655
7451 1900
6568 3676
4431 6082
6828 1196
4025 1943
2912 8945
3019 4274
3422 453
7451 6591
7744 2116
3985 5213
9487 4150
7585 8342
7447 8945
6828 1233
6777 8622
2939 5348
5213 3766
4445 5691
5182 8342
234 5100
7633 4150
5752 6568
3623 5752
6406 8360
6591 6745
9480 5182
1033 2116
7133 5100
615 6745
7133 3386
1266 6406
7633 7809
4906 3766
3623 1758
-1
3655 3567
9845 4906
4431 4663
4663 7873
4929 7356
9858 330
6397 2881
9480 420
7809 5059
7184 6306
8927 1943
7410 6392
5880 9845
1995 5880
381 7356
381 9985
6777 1681
1681 6034
9206 615
2299 1758
2408 5663
9206 3101
1266 8491
5882 7184
346 3422
8177 7873
5185 5059
9985 1408
5882 1234
3386 9272
4280 8177
1995 7560
1033 7563
1408 9026
4594 420
7849 7563
6961 5691
7401 346
3027 1233
4594 2225
4274 4292
6392 8380
174 7560
174 1999
8030 3567
1328 4280
4559 5185
6532 3101
3210 6034
8380 6296
6296 3639
4732 1234
3495 6532
5663 498
3210 3932
6961 6988
1999 315
2299 7114
6023 2225
6023 194
5348 300
9763 3932
8030 485
3639 5612
9858 1821
5353 485
5353 8499
3495 601
3578 511
3877 4559
6609 5394
300 5328
3922 1589
3037 315
9272 7375
4381 1821
6397 6063
9110 4381
1075 7849
2987 1328
5612 5896
3877 5272
8378 7447
194 7802
4732 685
1932 7114
8737 1932
498 7839
6988 3604
4491 7401
9546 8927
9110 7295
6063 1982
9717 8378
9763 732
1316 5729
9026 2067
9717 8573
8499 3972
5940 5272
3972 3327
9200 3027
8064 7295
2987 8951
3578 9876
685 1208
9752 9876
8491 3736
3613 601
5703 8064
1208 3175
236 3613
4780 9200
5703 20
9304 8573
4292 2136
1702 1589
3327 5936
2067 272
2136 3499
7839 2499
4867 8737
8951 5725
3499 9723
9546 8893
3175 5360
5725 6985
5360 5017
5017 1440
1761 9752
1143 1075
407 5940
7375 3307
3791 1702
5506 5896
1987 407
1982 1235
6985 3153
1987 8487
9304 851
4364 3153
1559 851
4550 272
-1
6269 9723
3307 1954
3604 1709
1235 2094
4780 796
5400 5506
3736 7934
614 2094
5400 254
1440 6701
7143 3791
4550 3124
5806 1559
1 4867
6269 1355
5515 1
5075 254
4444 5729
5328 7644
1709 5809
3124 8940
3394 8940
2681 4444
6701 5047
5047 2021
4364 3672
236 2087
9803 1761
7724 2021
9321 2499
5217 9803
8009 7724
2369 9321
4491 9416
1954 8445
3672 8611
614 2218
1416 1355
2218 3687
8009 1708
8180 732
3894 20
7932 8180
2369 5992
1708 940
9879 1416
3037 7173
6569 5806
796 3568
7143 9143
1023 5075
2087 3375
9098 1023
8487 9413
2779 3687
7932 5979
3530 9413
1929 8893
2779 3048
4046 5217
8611 9113
828 3375
5809 8512
9416 7869
1348 8445
5992 6055
7869 1514
9879 1763
3394 6123
8434 3568
1763 6319
2153 6319
8512 54
7644 5303
9113 7198
5515 8079
5979 977
2983 9143
7173 6430
7235 4046
977 264
7802 4764
2681 1359
4474 6055
828 5886
5303 8749
3530 8
869 2153
4474 2537
2163 5394
7625 869
940 9999
215 9098
7625 3459
215 6583
1929 1898
6162 5886
5293 7235
4376 8079
54 8756
6161 3894
9999 93
3549 264
7198 2434
1423 5293
2434 6720
-1
526 8756
1842 8
8749 110
9103 3549
6274 93
8270 6430
7051 526
3048 5344
6274 3876
2491 1514
2537 2699
661 4376
1898 1463
3921 2491
2699 2239
43 1423
5366 6162
4000 1143
3316 43
-1
9900 9103
1842 5927
6583 4814
9574 2239
7469 6569
1463 5643
4000 4050
5366 782
3316 7170
9900 2312
7151 6720
2648 661
5927 308
2648 379
3641 5344
389 379
3876 7312
7828 4050
8175 5936
2312 1016
4814 5662
1348 9356
6066 5267
4771 4764
4560 7151
1320 3921
7312 2929
5477 3641
9574 3137
389 111
4560 7252
3574 1226
6999 3459
5662 414
3815 7051
6123 9421
650 7469
8353 1320
922 6999
782 1494
1189 2929
2957 8270
7946 5477
2983 8717
1189 9505
5595 8434
4896 4771
8314 1016
2932 8314
308 7628
7723 650
2827 3137
8175 1198
6161 9909
5998 7252
2957 7359
7946 9176
3486 4896
7910 7170
9356 642
5410 3815
979 1494
9505 3948
2932 3295
9421 3906
931 7910
2827 7201
7747 414
7934 927
7494 5998
979 2441
2249 111
6700 3906
7201 3228
1359 5137
6242 5595
5410 734
7628 1431
2441 8771
3948 6310
4176 3228
9764 7723
904 8771
369 9764
5368 2249
4176 4289
656 110
904 8497
4521 7359
1431 6435
881 369
7828 4515
8353 9832
9047 9176
1198 8120
881 6921
4521 2107
3556 7494
5643 568
4289 8789
4306 4515
8944 5368
8789 4886
931 7985
1469 6310
4655 4306
5911 8717
2107 2896
7778 9832
3486 7241
734 3274
8450 568
1469 5935
1863 6921
4363 5935
5556 8450
4363 1858
8120 1606
1606 8073
927 2118
6435 4082
8944 7784
465 9909
7778 3697
1734 6242
6715 3697
6516 2896
5800 8497
5779 5137
4655 8642
6700 7906
8448 3556
7241 2578
8642 7944
3365 5779
9194 2163
2185 7906
465 4379
4379 78
5800 6869
8037 6715
4987 6516
5556 9778
7693 3274
7136 9047
5783 1863
7138 3365
7784 4361
3975 2578
2190 7136
7985 1055
8998 7138
9542 642
8448 3116
7254 7693
2647 78
9194 502
7700 9778
3805 656
2190 6362
64 8998
6352 6362
2298 2185
2647 8075
3805 6450
6642 1858
2801 7747
2102 502
4082 3934
2102 35
3119 4361
8883 6642
3116 6381
2118 5768
4322 4886
8073 3792
165 6869
1876 5768
1734 541
3792 2117
1876 183
2830 2298
64 8154
165 9620
183 5807
2278 5783
8883 7646
1946 4322
3331 3934
1043 8037
8707 4987
7254 954
3975 2675
3514 35
6450 1774
6381 8654
5414 8075
922 768
8654 4226
2801 2734
8735 1043
9620 3727
8707 9370
7763 3514
2460 3295
5911 7706
9393 2675
768 6483
564 4226
7700 5307
2734 3336
2964 1055
1216 3336
2964 9719
9911 954
3331 6029
8154 4654
5414 7739
9048 2278
9542 635
6411 6029
9408 564
9626 6352
128 7646
9115 9911
2970 9048
1374 1774
8735 5438
9370 6608
128 8613
965 2830
8613 3129
4038 9393
2970 5823
4302 5307
7502 3129
4104 541
5124 9115
5124 8322
5807 455
7502 6895
2376 7739
-1
5521 965
9719 2019
7706 5387
5757 2019
2459 455
8322 2838
4104 3372
1946 8359
4609 2838
2376 4189
3721 8359
5823 1927
4609 752
1517 4189
752 8942
9672 1927
6608 9933
3727 9366
7749 9366
7279 9672
7749 8997
7479 635
2460 6368
7479 429
9238 2459
3119 6112
8942 4635
8117 1374
3372 197
943 5438
7768 6411
4614 3721
1206 2117
1216 7647
4654 2085
9238 7511
5757 928
9408 5046
5224 2085
6483 6616
8817 6616
476 8997
7615 7279
7615 619
9933 8146
5387 9732
6267 8146
9240 4614
9732 5106
6267 6873
4302 5347
7944 2728
4971 9240
7019 5046
-1
1985 9626
6811 197
3096 7768
6895 8435
2615 6368
211 5347
3707 6873
3707 8751
4635 8274
3096 946
5106 1417
4865 943
8192 1206
225 7763
5354 4038
3073 8117
5218 928
6556 7647
8044 8435
939 5521
7886 8044
8274 9534
9950 5224
1517 2341
9534 6888
6556 7417
7019 6524
2728 6858
8751 2388
7916 429
9756 7886
6286 1985
7916 6876
2388 2612
3401 8192
2612 5591
1649 6112
619 8446
6524 386
211 6022
5218 5811
8446 6236
7511 1272
7492 939
8343 8817
4975 1417
6286 7267
1912 7267
4971 1738
6452 386
1912 6258
1588 7492
1813 2341
946 6522
9756 9936
1742 6258
1441 4975
1694 6888
1742 519
2111 9950
4937 7417
3401 4692
725 6236
5811 3069
476 7219
9549 9936
6846 2615
7062 519
5120 5591
2154 1588
6876 4993
725 857
3624 7062
1272 5644
8343 4996
2860 5354
2860 7852
3152 5644
2380 4937
2380 9725
7852 6432
5115 6846
6022 809
2154 9490
1694 6509
348 9549
6764 3152
6522 5453
9490 3284
4106 5120
3509 857
9725 2894
4993 5355
3467 6764
8826 4996
1179 5355
3988 1441
5453 4758
2342 3284
6567 6858
5860 5115
1462 1813
3073 1131
5222 1131
2168 6811
809 8013
6432 2962
4786 2111
2180 348
8333 3624
4792 2962
3509 3750
1462 9578
1738 7021
2894 6925
6452 1882
1231 8013
2180 8366
4758 6277
8284 225
3002 4865
6925 4155
5095 3988
4439 1882
4106 1730
4155 25
25 1102
6019 5860
2342 7402
445 6277
4024 8366
5010 4692
-1
4826 1231
5865 6066
3790 5222
6019 4001
3163 1649
3002 2448
6847 4024
4126 3163
8826 9469
4443 4786
4349 445
150 9469
4826 1468
9578 7598
6982 5267
1730 3117
2645 4126
3502 7021
6847 4583
691 3117
7948 691
6342 150
7948 9639
6972 4439
8453 4001
4349 822
7402 1292
3502 8000
2168 7448
7040 1468
6509 282
2645 5154
4583 5184
9639 1018
557 282
7598 2456
5981 5010
6264 7219
8021 6342
1656 8453
8000 7456
3803 1656
2140 8021
822 3668
6972 3420
3131 3420
8676 3668
4309 1102
4412 4443
5095 2097
7001 557
7909 7001
5175 3467
1018 992
4792 4401
5747 8676
1156 1292
6264 2274
8664 1179
8920 992
5184 457
3871 8664
4271 8333
7288 3803
6567 4978
3523 1156
5154 1317
2981 3871
4401 5933
2140 3191
1317 8564
3191 1223
3523 3923
2274 6401
5990 457
-1
3584 2456
2981 9604
4159 9253
6401 2011
6482 2448
3241 5981
6929 3790
7288 3950
4412 7608
8920 7911
6926 3131
5933 3929
3241 1167
4978 5538
4997 7911
6482 9433
7448 3968
6067 4309
5289 9398
6662 3069
9003 6926
6662 1146
3750 3197
5785 3584
5747 9612
4997 318
8564 9556
3950 4893
3089 7456
1146 4671
239 3923
9449 5175
8483 7909
6067 9261
9003 8277
1798 9604
239 6146
9261 907
8277 6194
4832 2011
4671 338
-1
318 8830
3968 4646
4422 9449
9381 3089
3197 817
8038 4646
6146 5337
63 8830
9665 5337
9896 9556
4893 4144
4422 8551
8122 1798
2719 8038
63 2836
5296 2097
8244 2836
8244 3391
9612 7072
338 3447
2470 9665
7072 8166
7040 8237
4054 4144
3892 2719
1376 5296
713 8166
5769 6194
4974 8551
5990 3587
5475 3587
7686 8122
8300 3929
9381 1975
3105 3574
6729 4271
8712 4832
8961 9433
817 6954
9187 3892
5475 6794
6920 4974
1167 2267
1376 2119
2705 2470
4822 3447
9635 2705
3188 3391
4054 755
1975 5502
3626 8237
3916 907
8961 8764
9804 5769
4695 713
6954 8778
2669 9804
5538 9761
6453 8764
5364 8483
3249 6794
3626 5278
9635 859
1137 2267
3706 6729
859 38
5955 8300
38 4062
4695 4339
8284 7937
6994 3706
590 3916
1541 9761
3249 559
7166 1541
6832 4062
4822 3025
5502 297
-1
4366 7608
1212 2669
8619 6832
9187 5746
7564 8619
4339 7917
8204 2119
2517 5746
6249 5785
7731 8778
297 2509
4743 1223
7564 1098
3025 7969
6920 5706
6453 2285
6249 477
590 5067
4250 1098
1212 6931
2 4366
5944 7937
2973 7969
4124 5067
6929 8544
5278 5325
4250 84
8113 5955
8705 4124
4743 9684
6931 6874
8712 7499
2973 5776
3434 5706
2285 514
6211 6994
84 4343
8982 514
6596 8204
2517 1227
1855 559
9868 4343
8982 9451
1759 8113
9868 1062
1855 4842
7166 3219
7499 1003
5364 9088
5282 1137
7298 2509
9684 9916
5325 6784
7298 6246
4941 4842
8686 7917
1759 7670
2834 6784
727 5944
9451 2382
6874 7167
6891 6246
8705 79
9209 2834
7731 7272
6596 3074
1003 4795
1227 5373
9059 6891
7958 727
8633 8544
8278 6211
2971 7686
6824 8278
1495 7958
9088 4966
7427 8686
6824 9125
3188 4593
5282 8660
1495 9669
9125 4346
477 8015
4283 7272
8370 9209
5373 8479
7670 6761
342 3886
4783 2382
9669 3376
142 7427
3434 5950
8946 3376
3471 5776
5906 5950
7167 5446
9192 79
142 2378
941 4966
4346 4686
9059 1472
8603 1062
1472 5145
7930 5446
6436 9192
-1
1871 8370
5906 6255
1780 8660
5510 4686
941 2832
8946 3194
1268 9896
8015 3010
1012 1780
6905 5145
1220 1268
6436 3779
1220 7049
4941 8326
-1
8603 88
4795 462
8326 4904
5651 3194
-1
3010 6307
3471 9691
5510 8142
2888 462
4156 88
2310 755
1807 2971
9180 3219
2220 4593
9945 1012
115 9945
6905 5621
1722 2220
6332 7049
7495 8142
4209 7930
8633 8153
2 6944
4783 8574
4829 4156
4209 1338
3779 2597
1338 5973
5231 4829
4904 4077
6944 5236
4755 6255
3238 115
3344 2378
1318 3993
5236 2409
3238 6344
9175 8574
5384 2832
2438 3344
9175 4653
5973 9429
3253 9180
8153 9034
7453 9429
9691 3393
2597 5378
4283 7519
8812 4077
8813 2310
5384 3677
6761 4533
3044 6344
3677 9652
8812 3167
6378 8479
5878 9034
4872 4533
9375 5378
398 1722
7519 1967
4653 2088
2748 398
929 8813
4129 2888
6726 5651
1807 245
3253 9831
4844 2409
2748 4475
9951 9831
6332 267
7453 4850
7160 3044
4564 4475
2088 2050
2050 8406
185 267
9424 3167
3363 929
8973 4129
3363 1518
5677 9375
5025 8406
185 8019
1518 8758
9782 4755
5231 7655
76 3393
5708 9424
5708 7612
4317 8973
9951 3168
7943 5621
9782 3479
4850 8996
9652 5437
8110 5677
3168 5214
5766 245
7898 1967
903 2438
644 6378
9463 6307
6259 4872
1871 2406
8548 7612
5025 5361
5214 5855
903 8868
4564 8303
9463 6183
6183 7014
7791 6259
-1
6726 2557
8996 9369
7943 59
644 1479
9369 8795
4537 5766
4317 8552
8019 2086
2144 5437
8427 8548
2144 956
2086 2923
9199 8758
5808 8110
6137 8552
8303 4746
4702 59
5141 5855
9617 8868
9916 9461
5141 6440
4746 7197
4574 9617
7014 7082
4574 4942
4942 4727
7495 2389
7082 1154
1939 7898
9199 1382
5444 6440
3046 1382
287 956
2923 8065
4702 959
7160 5759
8394 8427
5808 6232
2502 4844
176 2406
9278 7197
4838 8065
8394 9914
9914 8685
8795 7928
5361 5652
3305 1939
8685 2586
1202 7928
4557 2502
3479 3482
4021 5444
2586 3468
76 1021
959 1368
1688 3482
8010 7655
1368 5148
9786 9278
6137 422
4225 4021
3352 9461
3468 5327
181 8010
7791 3072
2557 7602
1688 538
4981 1021
3305 4969
9786 7751
630 5327
4981 5001
287 1576
538 9166
5103 7751
6240 9166
181 7566
8391 6232
5802 4225
4838 5557
1511 5802
923 1154
8391 9530
2389 5256
1750 7602
2064 1576
5759 4229
3074 1079
2634 176
6514 9530
422 7104
4229 435
3352 9071
630 9448
5557 8390
5001 7081
1511 3930
1202 5989
670 5148
1750 1152
2051 2064
923 5668
9071 2914
2514 8390
6514 2931
5989 9193
6405 7104
6943 2051
1479 8644
7081 5397
4417 8644
9076 4969
435 1312
9448 7435
6405 6265
1128 5397
8272 670
6943 4762
9083 7566
5652 3439
4727 1360
1312 7054
7076 9076
5144 5256
8397 9083
744 2931
4762 1160
555 7076
9360 1360
2868 5878
5543 2514
2868 5196
8272 3826
2914 3329
6265 3540
5668 1639
9360 6712
555 818
317 6240
3046 4315
744 70
2828 1128
818 7597
-1
2287 4315
3826 2526
3540 7610
2693 5144
8132 8397
2828 9313
1160 9806
9313 4163
2693 765
8345 5103
628 6712
1152 6500
5196 4874
5854 3439
1859 2526
7309 7054
3456 7610
9509 7597
9806 8083
3072 7129
8772 4537
4556 8132
268 1639
9711 6500
3456 3784
2602 3784
4556 1130
1130 8250
8720 2287
317 9266
6461 1859
628 1805
9711 8754
3450 268
9736 8754
8720 762
5370 6461
7512 7129
4417 4042
5854 509
2602 9647
1806 1079
3930 966
966 2777
7867 9193
2641 8250
2175 2634
2777 6964
-1
3450 4318
9392 3329
8345 4288
7867 1173
7309 6279
5916 9647
7101 6964
6672 9736
7435 4231
7832 2175
1173 1157
3343 7832
7111 509
7512 8727
5916 7532
9266 3658
3418 5543
283 7532
4874 8276
8161 8727
7371 4163
887 762
887 5035
5198 765
2726 5198
1157 1471
2458 4042
1471 863
2052 7371
7101 9150
8161 4371
2641 6025
9509 2617
5614 4288
-1
2726 7392
3629 4231
3658 6328
803 3629
2617 5778
8992 3343
6025 9072
8083 1330
7111 7017
1330 5258
1805 7378
6805 9072
5370 1851
9395 1851
7392 9439
7092 7017
7092 3512
4557 160
803 3021
4522 8772
8992 6330
5003 70
2458 7521
5765 7378
8744 5778
728 5614
3418 7490
2540 4318
1337 9392
2314 728
2073 2314
6325 6279
2621 3512
7008 8744
5003 7919
2540 7734
2402 7490
1892 2073
3021 9107
1337 864
6325 5996
1892 1366
6805 5797
1095 4371
9899 2052
9150 230
6330 6317
3542 6317
1806 4128
4049 7919
5258 7666
9107 6913
230 1905
1095 5552
1521 9395
864 3939
6328 6971
7008 888
2621 674
2717 6913
4128 1078
5765 451
2717 4511
860 888
471 4511
4522 608
8281 5035
9899 7640
860 6456
7640 3389
7862 3039
9337 4049
5552 8714
2713 9337
283 2679
3389 6223
9588 1521
471 712
160 5321
8276 8080
2203 7734
9708 8714
674 4201
3959 1905
6518 5996
8591 8080
712 6463
6863 6223
7521 4492
3542 1803
7666 277
5797 2663
2793 2203
2663 8562
9708 187
863 3182
4492 2372
2062 2679
9233 9439
7872 6971
1214 8562
3770 3939
-1
5321 7121
277 7748
2372 6934
187 21
2062 3940
1214 8437
3940 8673
6518 5076
3182 4184
5870 2793
4184 4240
212 5076
8028 8591
1366 1797
1797 2103
7942 2713
4091 7872
4201 5520
8061 7942
9226 3959
9226 1425
9359 5520
7797 7748
7496 6456
-1
212 4002
2658 7797
6863 8668
393 6463
7800 1425
2103 4749
4544 4002
8399 5870
8061 2601
1726 8399
7121 9915
1078 2691
4749 6467
6672 8765
2402 5915
1726 8656
2924 8028
9359 3895
8008 21
2658 9808
4240 2795
6776 1803
8437 1881
8096 8673
2089 8281
327 8096
8668 7374
2969 6467
4249 2089
6028 608
7098 393
8765 5548
6457 9588
7496 8520
378 7374
8008 7430
4551 2795
2911 4249
9808 8361
451 7613
9526 5915
327 4482
8656 4579
975 1881
582 2969
6902 8361
2911 6252
975 8909
3156 7098
6934 5142
5009 7430
9915 3058
4091 9810
2601 9314
378 604
9581 3770
5009 1672
9233 8950
6132 9314
8115 6902
4482 3878
3878 8157
1621 604
8520 7403
4551 5295
3674 6776
6132 8958
4075 4544
9581 6250
2135 6457
7403 4397
2399 7613
8958 1682
6584 582
5295 741
7454 6028
5277 1682
8560 8115
2135 1762
4424 1621
1672 9816
7572 7454
8157 6071
741 1731
6783 2924
2399 3920
5965 6252
7175 6250
3895 7721
7800 6403
1968 7175
9018 3920
6105 4579
8805 5965
7882 9810
8909 5835
5142 9476
9018 7465
4811 9476
3156 6102
4558 2691
1134 6071
1064 4397
1064 7484
8950 8810
8805 5118
4424 9136
9136 7422
5277 561
5689 7484
1731 8935
7617 1968
2205 7721
9919 2205
2194 5118
1524 9526
1134 7951
7572 3942
2812 561
2194 1500
3049 8935
1524 4548
7951 7408
6102 7817
7422 7343
8560 5930
7817 5959
5363 7408
4675 5930
7461 4075
9025 3049
7194 5835
9919 2655
3855 3674
5464 3942
4267 5363
7514 6584
9097 4811
7194 9969
6105 3511
8810 2350
6294 3058
5689 7627
4675 486
7676 5548
5458 7343
3511 3397
5609 1500
3855 1342
7676 1149
4885 5609
6529 4885
9816 3579
3397 6393
8054 6403
4558 7043
1296 6294
4267 4902
4293 3579
2789 7617
153 7514
7043 1248
2226 6529
5055 1762
2177 2812
6737 2177
8054 9182
6284 486
6339 7882
5681 153
9372 6393
2655 9551
9455 4902
6284 6024
4688 5959
9025 8467
6783 1103
6024 9322
8932 2350
7294 8467
8833 1103
2833 6339
6653 2226
6653 5888
4688 52
8986 7465
9255 9551
9372 7874
7504 273
8331 9322
7619 8331
5847 52
2833 5376
6951 5376
8833 1040
9255 9294
3926 1040
5464 3286
8133 4548
8986 6229
4519 9182
7294 7387
6044 7619
9969 4384
4519 6746
9455 7965
6951 6437
7966 6737
7965 7217
1644 4384
6746 3742
4186 9097
900 7387
5055 8425
900 8318
1149 143
5576 4186
8698 5888
400 7874
2632 3286
3216 9294
1644 3508
2632 6181
1296 779
6044 5749
3926 8861
4854 6229
7627 5680
3508 7954
2789 9235
5749 5795
-1
5681 8332
2214 6437
7966 3273
4854 9154
2566 5847
2977 8698
8332 4321
9154 4064
7461 6791
5736 5680
7217 3013
3273 4244
1547 3216
8786 143
1653 5795
4210 6181
5908 4244
6791 4212
4212 6091
1653 3749
2566 8947
3551 8425
8947 219
8936 3551
5908 2150
2074 2977
400 9202
5422 8936
8861 7864
4321 5887
5736 1691
8318 6256
1342 7976
1691 9270
3013 1646
4064 6226
5983 3749
8932 2081
2703 2074
1248 9227
9235 1857
6226 9758
3817 2214
7976 5615
5524 7954
9758 7660
6091 13
4957 1857
4314 9270
2031 1646
8678 9202
6818 6256
7195 4210
9099 2081
8742 4293
4314 9757
4399 8678
6818 1319
3665 9099
3665 8190
-1
5422 6220
2031 2591
8742 2865
5983 9912
8595 2865
5458 3836
5229 7864
8133 2084
2591 2330
2525 1547
5229 1344
8190 1308
9757 5804
2150 4666
8048 4666
991 6220
9247 4957
2650 2525
7195 3632
9554 991
13 4020
5887 5007
8722 1344
2703 8074
4715 7660
9328 5524
1381 5804
1785 1308
4715 4979
5843 9227
8722 2948
4324 779
9912 1883
-1
4067 9554
3571 2084
2891 3836
3887 9247
4979 539
1054 1004
6983 3742
7155 5615
442 8786
4227 1785
1319 5625
3632 8082
7155 8593
4053 4020
2221 2948
8082 3590
219 748
3051 1381
3294 8595
1883 6802
3051 4390
3294 129
7025 442
5798 9328
3571 9000
4053 6202
6802 7226
129 7709
4925 2650
8074 5099
182 4399
6431 4390
5007 3704
7439 6983
3001 2891
5901 6202
4926 7439
182 7596
2330 208
5844 3001
8259 5099
8593 6623
748 4441
589 7025
6275 9000
8048 7691
5901 8655
5844 2825
3887 2560
1960 589
6431 9307
8084 5798
2825 9415
6519 9415
-1
4441 6484
6484 134
6263 5843
3710 208
470 7226
8655 1625
8260 4926
6314 6623
994 6314
7141 1960
7596 7053
7691 4187
1433 3710
4660 4187
364 4067
3209 3817
5625 4630
4630 4308
2560 6124
9920 134
1433 6897
7522 4308
8584 470
8260 203
6275 2562
-1
3209 7096
834 6263
994 5051
7107 203
8084 2985
1460 4227
2202 8259
5220 2985
2902 5220
2471 539
2562 1269
1760 6897
3590 190
5501 1760
199 1269
7489 4660
8222 834
1163 1460
4575 6124
5576 6850
7141 7349
1689 6519
1011 8584
9920 673
8222 4725
7349 113
2471 7087
2017 7087
1701 5051
1689 2980
673 3414
5083 7096
7522 5519
5501 4467
1918 4575
3414 3698
2017 4040
2568 5519
7709 1453
5966 364
2980 419
2902 6772
1938 1163
7929 419
2904 1701
2672 7107
5083 7851
2373 9307
7489 3864
1938 483
2201 199
-1
5682 2221
3864 5771
5966 910
9760 7851
3381 483
4040 7509
6604 9760
7875 1011
2373 5743
130 5743
6808 2202
2568 8840
9397 7929
7509 3521
8256 4324
7648 7053
910 2110
8256 1888
3008 2201
8913 190
1799 1918
6947 1799
1729 1888
1716 2110
3698 6015
6772 5628
397 2672
4925 5441
5048 3704
3628 7648
840 5441
6192 8913
6015 7810
9907 2904
4463 6192
5771 8356
1453 8134
3521 8294
9397 9374
5048 4084
8659 840
5628 5041
4802 4467
1716 1623
7327 5682
4084 1150
6808 8196
4463 9165
6960 6604
7819 8294
7810 1976
2186 397
9866 8840
8164 8356
4452 113
5280 1623
7875 3293
3381 5980
9145 130
5041 3995
2853 8134
228 204
5438 8112
2294 3874
2011 5754
620 7415
9309 8240
6726 651
6620 5088
5636 8032
150 6591
9679 4180
9797 26
6304 4861
712 2690
6408 8739
5013 295
3444 1648
1511 7130
5651 7192
1450 5085
884 2321
3611 7032
9450 9624
3089 5084
9026 5941
1881 7987
829 1443
8377 8622
9651 8408
9971 516
7544 9940
5484 2959
5376 754
4852 6198
3009 3432
5437 9083
1794 650
5495 9411
6040 7093
6091 9963
8677 3495
3583 2269
1167 4651
7831 3391
3183 8174
558 8245
2864 6764
3241 2391
9013 155
5737 221
6721 4814
1572 7841
9792 5052
6164 5331
8341 2160
1608 6717
279 7336
2229 3748
8688 3320
9259 9118
1948 2208
7321 2830
955 2569
5804 5284
4247 5121
4885 8941
6632 176
6997 7303
5907 9035
6795 7660
9214 8692
6377 8391
4123 1165
9111 8633
7154 185
9772 3996
405 7860
8639 1146
9229 2451
1365 7550
5848 2324
4796 9242
7617 1530
2506 5157
362 1455
6795 9484
4712 8346
2764 9911
8123 9026
2437 9089
494 263
9437 5940
8214 1367
8230 5799
5989 4559
800 1843
7093 8588
4082 4336
242 6616
79 3315
53 3002
204 3261
7232 7447
6338 7635
305 4465
62 7852
7959 882
3379 4259
4212 6374
2119 7854
3118 4273
9915 7929
5304 9103
7660 9256
7773 1094
7047 3249
8439 4751
8340 9667
104 1206
5099 7852
1786 1659
4811 555
1433 4075
2863 7506
9535 6570
8009 5730
4425 1017
8989 3622
9173 8891
501 3770
1349 7137
5860 7002
7281 314
1181 2432
6588 378
7805 3051
6641 7334
6753 1096
1846 9690
1944 7940
2566 5741
3498 6011
1829 839
8448 1767
2642 2334
5045 3384
900 9878
2364 2645
9130 4658
1435 5833
7946 3733
3142 8628
9294 9733
5397 1939
1203 6127
3431 652
509 2887
2564 4637
7640 6489
3368 9068
-1
3514 1275
7656 4088
3157 765
8 8735
2440 3365
2028 8490
6958 5526
1309 7116
7665 1490
3557 9632
3098 6227
533 7761
6646 9424
9220 1743
9458 9014
3913 6288
1509 7731
3065 5665
760 7067
2500 5572
1150 8100
4804 3633
1237 9504
9363 2659
6359 7166
1907 5567
5002 6524
6463 3145
4982 5164
4436 744
8089 2443
1625 8216
4765 3406
7206 2303
2731 168
9773 6935
1143 1897
9640 1217
3733 5837
6945 8065
1437 3055
4232 6495
2786 3706
-1
