5000 4912
4122 951
1151 3601
49 2615
481 2566
3242 4510
3447 2027
3409 2377
1355 2501
4411 3061
206 4218
2507 4434
730 4805
3712 3988
2732 446
4403 3845
3407 3585
3074 2531
2952 2704
2529 1012
92 2222
781 2249
489 699
2238 3809
4040 1551
2936 1303
2378 2454
1224 1650
527 3118
3176 4808
1020 1444
2890 1869
4525 3352
4812 70
2634 4445
4913 1417
3288 3305
847 613
849 1387
2399 2885
3545 958
3641 90
697 4067
3875 386
249 2693
3692 3089
1519 2071
238 2809
4140 673
2948 3676
3848 3
3174 2538
422 4766
3302 1284
2379 1073
4935 4414
4031 4842
4620 965
3098 425
3980 3253
4770 641
3655 4348
1962 4876
1048 3790
1010 4807
3067 1794
1329 3138
2498 3935
2520 115
1309 3777
3941 1982
1350 3038
1337 2683
292 42
1354 1592
1524 1016
2256 3013
428 1594
3635 2808
2907 4002
3956 3008
2169 2327
2157 3974
3513 1542
1898 1881
61 2786
1589 3454
3416 877
1183 4081
1990 4963
3653 4190
3197 3163
379 4803
2309 4695
4322 2792
1916 1236
2400 4265
4015 2780
147 1858
2762 4674
2843 3754
3826 1165
3185 1103
768 3590
3500 1608
1054 4237
988 4478
2069 3991
3056 1378
259 2548
4193 3538
4536 2355
4678 3568
4727 2700
2737 4930
4226 948
2816 748
4548 1653
4824 3813
2756 2999
3392 3479
3278 329
2068 3902
4440 3211
1217 2242
2777 651
4663 2893
4314 1302
3903 110
2668 3393
1448 1918
4214 778
1103 3142
2941 1343
4197 38
1065 4085
730 4184
4907 4461
667 2993
1584 414
3186 2620
3691 2463
3497 1612
4385 1233
1046 3327
3765 1183
1144 1545
991 256
4271 3551
2361 3677
3916 4700
2969 351
3652 2800
4642 20
4623 4258
2380 3046
4931 3218
4065 2526
2965 3865
655 4486
2604 2769
2320 1107
4328 3527
709 3838
3441 2612
267 4257
2228 2487
1032 4885
3343 343
2226 758
2433 2873
3834 4377
1480 1953
1886 4775
606 1289
4949 4951
1208 3954
1996 1767
4415 1728
163 3065
1497 1013
4603 3689
869 1786
10 2625
3556 73
1137 4177
2727 385
3769 4151
1530 4465
2405 2954
3376 3459
3216 784
3682 4596
254 3283
1987 2019
1912 2441
716 3309
2575 4675
3189 1809
2560 2830
1797 3275
4289 958
3491 476
2189 3332
3489 2523
1072 3214
1565 929
1925 4418
2623 4553
4267 1089
4099 2729
3720 984
4437 324
4376 312
2300 1514
1981 3990
1021 3802
2984 2524
3767 4465
2952 2457
466 1415
2247 4449
3993 860
450 1516
1518 945
1219 3267
3694 2736
1205 2807
2213 1625
790 1623
4419 2347
1275 2536
2803 146
1125 497
1601 964
1160 4297
3374 86
502 2806
690 4573
3503 3483
1177 1410
3636 334
2640 2265
4567 94
4141 2972
1145 1067
1033 4907
4184 1036
430 1752
2272 4605
4977 1203
2875 4049
103 1362
3079 4993
522 3588
4657 4294
3973 2961
3564 1257
2260 4644
4343 4613
1760 227
3392 1155
57 82
2409 362
3483 4204
3910 2897
4648 2988
3260 3023
3423 83
924 2548
1204 2252
4648 593
3894 1222
4813 4931
3449 4538
1336 4163
564 31
2750 900
3356 4250
3648 4357
452 3903
1198 287
918 2584
68 4178
3473 2209
4086 647
1923 3216
1719 2452
1538 1279
1626 3219
2889 883
417 2391
3054 353
1096 3008
2183 3380
1334 219
4010 2080
4055 2102
3647 4239
4770 694
2481 4799
3200 3206
3863 2646
2551 159
3754 418
4769 1559
107 1159
4566 932
429 4921
1243 4651
4709 2834
4777 189
2684 2428
1342 4843
3369 4651
1509 2706
4686 2511
2570 4499
46 2831
3128 2893
670 4608
3498 1993
107 4485
1938 3113
398 1924
1110 3900
4170 2403
2087 1838
165 4994
1377 250
1142 570
2702 333
4761 1676
771 1522
2610 345
4679 4447
441 2992
593 1570
3044 4964
4521 1396
4631 1156
1147 78
1689 4758
3869 1934
52 495
2357 448
1916 2333
386 1406
239 925
1462 4844
3227 3212
3010 3705
2057 1326
2799 2187
4550 3655
2393 4963
4076 941
563 1153
636 4398
4035 3486
2892 4845
4482 3037
3296 1706
187 4666
4086 198
2859 1826
1203 1580
1803 3143
1892 901
3014 2826
2411 443
916 4870
4703 3363
2749 3117
2960 2174
2147 1088
1259 3748
4909 2368
1513 2208
2327 1458
2984 3348
1136 2877
2580 3222
1595 1740
1167 4297
1612 4825
4656 4054
1198 4430
4985 2648
1083 3345
1111 785
4998 1762
671 1405
1294 2068
4839 2825
752 2616
2615 1069
3904 1646
3118 1616
1805 1317
4870 974
2537 3397
161 2263
3424 2979
2415 888
50 2840
348 3766
4169 3864
2686 363
1557 454
2949 866
118 3030
3771 3126
3729 1579
3335 1532
899 3481
1555 1819
56 3696
2205 1283
3053 4583
3332 1861
4180 4900
1723 1149
3005 4163
974 3215
1839 4343
2079 2181
3377 505
3770 134
3961 4494
18 771
679 3882
4491 3835
4633 2771
799 2801
1613 4325
797 2470
2759 27
1843 4133
745 703
71 3175
1738 4773
2666 483
4976 2228
4637 926
1768 3768
1086 2571
3379 992
2850 2473
2662 1565
2703 1285
666 2443
1393 2019
2942 4958
4131 1338
1771 1834
4974 1603
3111 3705
1122 1618
3247 2846
225 649
3192 1340
1005 3639
2445 403
722 1503
1780 1340
4461 4011
555 1079
3488 3093
3509 4173
1928 1558
2272 2232
2106 1230
21 805
4380 4179
1441 1394
2053 2442
2628 3796
881 4078
2553 706
1392 2798
4503 1369
3535 494
1785 1051
4408 4351
4496 4159
2223 1743
676 2737
3525 4603
2911 1666
1685 408
3614 4837
2280 1022
1437 4246
3063 3804
3017 3743
3473 3519
2556 750
2609 646
4142 4398
3414 4432
588 4320
3760 1158
4979 916
3419 2216
105 579
363 2736
4349 2989
2190 558
2523 4873
4060 3380
2043 3673
1276 4354
3517 1535
3877 3068
3223 3079
1698 1197
1667 1349
2585 513
1013 327
2063 3936
1311 120
1071 365
2714 3430
1445 4316
4119 952
4974 1422
251 4635
2302 3831
755 3791
3639 1212
939 4399
3842 191
4794 1466
4176 4610
1129 4815
1247 833
1875 2540
4799 768
2844 2537
3395 1745
2013 1110
1498 4013
852 1409
3840 4821
1841 3662
4881 1800
1060 3018
606 1848
4964 561
1978 2651
4382 621
4731 1651
4808 1104
1246 2954
4917 1416
4401 3788
3534 1662
437 2697
3158 1892
3756 772
2559 2366
884 841
3844 2510
11 1042
1380 1178
3224 2310
2672 4769
3969 1591
4322 3977
4888 2022
867 2621
3924 3992
1976 2438
644 3238
2613 69
1427 876
4702 490
4459 2508
3544 2751
125 245
2463 713
2637 3768
275 1735
800 3128
4611 99
440 3269
2194 1028
3228 2119
4722 108
2083 2552
575 773
211 2378
1123 2603
3262 4745
3557 4466
4295 2696
1762 2955
1964 492
4221 663
35 83
3048 3668
3918 4153
478 4741
2785 2800
1610 2888
2597 2598
1207 3623
970 1994
1598 2821
2276 4798
4362 3348
401 707
949 1130
4777 321
855 4008
2849 2336
1413 669
767 2200
1994 3385
965 2505
4266 3382
2046 4918
465 420
544 2530
2212 4495
634 4892
4132 1661
4375 1467
1814 1200
3241 2363
3066 2913
3494 154
3496 2095
3033 4224
3401 13
4150 2573
2038 451
4522 4768
3986 997
3388 2009
1835 3452
3703 2711
3143 3055
1566 3344
2473 2041
4778 498
3715 4134
1828 2776
2259 629
3427 1619
594 4202
1400 2188
2314 3790
818 1965
2502 4883
16 803
4501 4438
3966 2832
320 1224
1907 4706
3748 2944
816 2381
3136 918
1579 3468
2170 2133
706 4365
4537 3415
303 2773
4995 1434
2612 2502
3565 3414
3135 2865
2304 3239
2290 1436
4277 3088
3804 2679
753 4409
4645 3187
1903 1482
2878 4088
1478 3122
802 911
2004 568
2921 2544
4551 1090
93 433
4849 1833
139 3886
4051 2050
3575 1961
3264 1741
605 2565
2112 3033
1788 950
2361 2928
322 4545
813 3962
26 3643
4818 3157
719 4546
4841 2314
1282 1629
4273 979
2763 2036
549 2486
4285 1452
1477 216
780 620
3697 746
1771 3532
54 2033
2565 3820
1427 376
618 3659
2155 276
962 2299
2656 4733
3316 15
4832 3934
1414 3467
3511 1845
230 259
4682 1508
2900 2146
3270 3577
292 4915
407 4107
4800 2471
1264 2372
3579 3630
4945 1219
1256 376
325 2277
3934 2271
3422 4966
1138 2180
1901 478
4635 4027
744 3598
510 4077
4039 509
4242 3875
2518 2724
3125 3817
1066 3063
3225 3229
1076 4131
271 4698
4139 1926
1216 2527
4585 1850
3861 3920
1140 656
4831 461
2539 463
2799 3032
4832 542
1454 757
1952 640
4055 3813
3032 1817
4975 3627
310 1857
4580 3153
2876 4156
240 4993
4823 4715
459 384
2414 4555
1459 3103
3313 199
917 232
1556 1720
3930 3862
1229 2814
4671 131
4013 3654
3091 4688
2438 1913
2386 2597
3548 3530
4638 1089
2524 3818
1459 1719
91 2981
4347 2809
1654 2771
1801 1081
4713 4785
3035 1214
3490 1993
1600 160
4200 3463
3764 104
1735 1091
4383 3171
1563 4540
2638 3936
4767 4453
4206 4683
3523 3108
2815 4182
2779 2044
3486 2359
1014 825
4069 513
2159 89
2880 3096
4370 3615
4680 2435
1272 3970
2864 4566
751 3021
4752 3037
682 2717
209 4506
3327 1813
718 543
3347 4300
341 4971
1361 4267
4900 2674
1273 2701
500 3236
1085 3755
2254 1117
1927 2842
2201 741
337 2404
348 4696
2111 3635
2467 4078
1249 507
4960 527
2090 2638
2853 4863
2186 3951
2458 1866
66 4016
4662 3810
1902 3828
4392 3291
672 1676
1501 4303
4865 2664
1723 3567
3621 4118
1881 4070
3921 4686
2504 1113
2829 2150
1969 2705
1298 2388
4544 2714
2752 619
4149 1349
980 3911
3723 2987
3154 203
416 4856
4423 681
3106 1339
3760 2882
3556 2178
604 2572
3841 4897
2782 2745
3633 1928
1265 2043
4738 1896
1405 4439
4950 1700
963 3890
864 3953
2317 979
1193 4331
1808 1449
1874 708
2180 0
4355 4709
2482 4369
2223 3924
2698 2889
2627 642
1749 956
2091 878
3094 670
288 2244
1371 3012
4927 51
4958 687
1567 47
1921 199
3271 4695
2362 1399
940 2427
1641 86
3106 3250
2766 1030
1372 4941
2595 3200
4302 4314
4249 4846
4874 4051
1209 3249
547 2601
3245 1909
4230 1632
2129 3340
253 2417
1457 2882
586 1439
4504 3836
2402 1764
331 1868
247 1615
2549 530
2924 4788
2261 1234
3378 4428
2985 1331
2330 570
662 4372
2812 4438
3148 1946
4887 4317
2251 1076
2804 4539
354 3640
2521 955
58 149
127 1201
2772 1359
94 4175
1029 2863
97 2205
2950 3749
3234 207
1453 2290
252 203
1543 1659
2491 1080
1503 494
3698 882
2277 2477
616 3954
3721 1055
1475 1398
1181 375
4995 1220
4041 4352
4561 1983
3698 2700
1769 4941
4902 1370
808 2155
1675 931
3995 899
215 1461
192 898
1576 4818
3968 1906
241 3022
3018 3242
3226 193
2107 1699
44 2898
2847 4232
304 4311
1440 3690
1820 3632
4452 3560
1015 3286
4491 3675
2606 2776
1017 2373
3572 4378
353 4102
1611 3027
455 889
1821 4412
1781 456
4054 1215
2923 1690
1749 4738
3349 2633
1885 3491
3457 4473
4090 4199
4028 4545
2045 3628
391 285
4188 1577
370 4421
4320 4758
3338 509
1973 1455
851 1326
3569 4162
1847 1816
2747 1804
3792 3081
3134 3542
1738 2165
1439 4486
4421 1913
4785 906
1035 1572
2996 3167
1481 860
778 3976
4305 2030
3482 2243
4426 3025
661 4644
2692 2810
3446 4213
3246 211
770 1311
4857 3899
1717 4339
1775 3240
837 2234
4627 2021
609 2278
1370 390
4972 810
638 4595
3471 2925
4586 905
3592 3104
24 6
1591 1291
1402 3716
4454 2843
3133 1787
87 158
4020 113
1925 2169
4877 1238
4458 2884
1142 921
4622 2703
1597 2025
2107 489
2302 4473
298 1033
168 4739
3701 4748
1428 1900
985 4094
1639 424
1136 2002
3377 1200
2779 1622
4827 4109
1768 4580
4258 291
654 3971
420 1910
3312 3199
2591 4920
4032 1348
3955 2588
684 967
184 2253
732 168
3682 395
447 1647
3940 2067
2975 1075
2097 649
1482 578
4484 643
3121 1346
1976 1888
978 3568
2532 4991
2233 3630
551 4668
3395 1092
4989 775
4244 4336
3179 4261
3503 221
2946 2762
2965 3152
990 3563
1247 2311
4484 3136
2298 1019
2516 2024
393 2490
1069 2717
2844 2220
1756 3170
3784 3165
2246 3657
125 4762
1199 2951
387 639
149 3292
4684 3638
4309 2861
2503 4693
105 3718
3902 960
4325 3966
3892 4230
3053 212
2977 3820
458 3189
2608 4173
4576 4629
1812 1085
2475 1645
2567 2123
1193 3359
4168 554
306 876
2227 2128
347 539
252 605
3805 4529
2713 1319
1736 2373
3006 3571
2075 1985
1555 1497
890 1590
3693 2711
791 1454
4074 435
3546 2033
1846 341
2282 1670
947 3599
2934 650
3472 4955
1512 3336
4264 468
2688 759
3256 4062
343 1331
1232 939
260 3535
785 4024
2207 4593
2793 4327
3660 2868
470 1218
4589 636
3201 1702
901 4342
883 4893
1880 3696
4839 3453
4100 183
4019 714
4875 4795
3889 3638
4542 732
1029 1621
902 2060
4543 886
1141 2622
1584 135
2721 1959
3495 1995
1628 4087
3792 3453
4130 988
123 1408
3162 1267
1276 2382
1872 759
3056 74
1310 2788
157 1292
3115 2788
4574 3265
1282 1523
3598 1267
22 1318
1906 3227
545 2694
3560 648
4671 1476
2029 777
3367 1080
423 3733
287 4381
1637 3297
963 3125
4943 4636
369 2936
2472 2479
1045 3816
286 4880
1609 3284
4513 761
233 1283
3883 1325
1599 571
4583 2127
4790 3922
3235 4727
2508 2243
3799 4353
100 2580
4300 488
2574 3313
3985 3237
2437 2371
3406 4714
1613 4910
3093 4548
1353 969
4428 2808
3078 4475
665 587
4730 154
3201 796
508 4578
4128 4457
3028 3183
782 1626
2286 3950
2127 433
4098 1274
3282 244
4505 218
3597 1390
1663 1845
4332 3434
3939 3740
2084 4905
179 1563
1575 241
1605 2794
4290 1922
1641 4012
2609 803
1560 4842
4152 3536
1030 39
4652 1305
4718 2015
2275 1024
909 937
102 4096
2086 1879
4355 3850
551 4035
3339 1049
3781 2009
3035 430
1435 121
1304 3777
3207 411
3273 4659
2780 2655
1681 2600
1948 3591
3059 2522
665 75
1420 2126
3986 4607
3929 2076
644 2166
3020 4521
708 2337
4408 4850
945 1386
3463 583
2224 4640
171 3623
2695 2998
4061 4289
439 1250
1419 3266
4286 4454
829 1083
2415 2922
581 1438
2930 2218
3743 3948
4608 3926
4430 2497
2592 4108
2801 60
2430 783
1801 1790
925 2376
1372 3273
313 2352
1855 2005
2232 806
1940 4571
2475 2758
3862 3455
518 4791
3202 1399
1692 2446
2348 624
3727 2883
422 747
2023 1010
1094 1635
1344 1036
1095 3326
81 3134
3740 4755
3648 4093
1262 4345
4175 3149
1556 1028
2879 0
912 4275
1680 358
1838 3637
817 1778
2029 1722
3727 1852
680 4866
1345 3915
2894 2210
4830 1308
1228 1832
4089 3164
1104 1501
2863 2652
2752 2687
4146 3666
1782 2044
344 3825
1822 4145
3856 1196
1665 4660
1496 445
2807 789
4410 4735
618 976
3909 1252
4107 4210
1656 48
694 1920
4255 4934
4380 1814
889 3051
2643 998
2538 209
1429 1860
436 4968
3130 3145
3710 821
4711 1194
1154 2279
384 3031
2624 27
3837 3528
501 108
1254 3878
1227 2485
4333 3120
2339 30
2802 825
2915 3958
981 3283
4277 2932
3260 2546
1068 153
1971 2903
3859 4388
1746 4490
410 819
816 4048
1357 2753
3437 3588
1542 1865
3036 1871
128 1252
3970 2710
2120 1302
34 641
1309 1064
4467 4743
663 4536
3644 1073
2037 380
2398 1852
2981 1715
4922 2884
4468 3752
1098 316
1213 119
2533 1895
822 3750
462 360
3676 2716
4336 3974
744 565
4492 3413
3607 3440
3688 1926
1848 1817
1428 4306
4349 162
3299 4121
4582 3324
78 3135
2323 1270
747 455
4282 4857
2783 156
1046 1210
2857 1530
3271 559
1667 4632
3806 3707
3178 1798
1980 3776
818 612
2745 2448
4185 728
1041 922
4093 3943
954 4861
830 3489
1873 4261
4917 1948
48 1515
537 188
4205 3023
3064 2931
3911 2709
3248 839
2453 2280
2136 4742
4565 3370
2238 2912
1697 2741
4481 4382
4969 1189
2035 4853
1968 3167
2914 3150
110 1755
5 4940
4615 1430
968 2096
3589 4186
1407 3581
36 2423
727 16
3083 3094
3329 3405
1421 2819
3550 4207
990 1213
3943 2305
1666 1078
4162 1500
4587 3450
1022 3780
591 2109
680 1999
1150 229
176 2175
3262 4328
3129 4787
2014 3812
2715 4754
679 3849
2429 582
4992 3716
4497 4012
3342 72
2233 3432
3767 4589
2562 2819
4599 2676
1547 4128
1654 4493
2531 4101
3292 3416
452 3522
3510 4429
3366 3545
4214 4501
2015 1888
3328 1514
765 1701
1818 815
32 1314
3708 3819
351 1707
4526 3379
4377 3852
4233 3665
2351 1725
369 3346
132 608
915 283
2064 831
1313 622
3282 1623
2017 2720
4434 2649
2025 1525
1120 3403
4959 282
2071 3555
434 3595
1385 2886
726 1897
3314 1602
1253 4124
4901 4792
4897 4057
4690 261
3371 2980
2655 2118
1894 2625
1864 4809
874 3448
3124 2022
2172 4826
2586 3543
703 1987
3843 1306
2285 769
1356 4099
4056 3277
1840 409
4077 3624
3663 444
631 4733
3139 4776
763 4652
729 457
2134 4253
4223 2264
1348 1227
4564 2334
1242 4326
3994 467
4614 3507
3785 2460
4848 1699
643 1660
4981 970
1944 139
2878 123
3596 4281
444 23
475 1829
1000 4892
4462 4514
2176 4269
3702 3565
1410 3874
2848 4559
3644 4707
1529 4381
117 1303
4047 2462
260 2250
691 2080
472 1716
487 2999
2245 623
216 1335
106 4071
4208 4413
1118 470
4221 2179
1435 411
1109 530
1783 274
1775 2530
1115 1299
4208 3342
1780 4616
4793 633
2263 2212
226 3255
1057 3100
955 3715
2764 3619
1770 1678
1531 1889
1714 2203
2554 3690
3307 2757
4859 2420
4477 3482
2108 2614
2877 4768
388 36
561 2407
2892 4469
1506 1426
3508 480
2972 852
2837 2413
2113 4690
549 3295
2839 3356
4397 4789
2636 2631
4043 1052
3572 3737
1084 2983
2215 2883
3081 1705
122 4092
1474 1221
512 4895
1644 1956
2495 1332
3488 1696
4337 4025
854 3523
1841 136
130 296
4022 1063
333 3876
4843 1054
3557 2678
736 3045
986 4596
3896 3886
2846 4973
2440 4884
2466 4442
4784 2077
1172 4263
620 1849
1882 638
801 4497
505 4245
4643 1832
2704 813
111 4872
4183 95
210 893
1308 1202
3838 395
2472 2656
3782 3011
4255 1325
574 3602
4147 3080
4141 2268
2558 3570
1491 1519
3508 2970
1515 4691
3965 1634
1761 1931
3149 65
3270 3148
3024 762
4 993
1553 4674
4281 4435
3771 3302
935 2867
1330 3375
4665 857
2245 2490
3873 3559
1619 4278
4940 4538
4133 3477
276 3206
720 2532
11 3684
2557 3807
3617 4725
972 3151
1499 1937
1087 3410
359 431
3779 677
2424 828
995 1249
2707 2246
2804 4014
1766 4345
4194 607
4511 3101
2577 4395
994 2300
2740 2497
2674 2350
1945 4557
1710 1327
948 2545
683 281
4955 4346
138 79
2082 1387
4848 2308
4948 109
4166 2641
3645 4352
2811 770
3198 192
1168 3449
2340 507
2052 3285
355 311
2816 4144
2468 1960
3714 3256
1521 3983
4822 1747
4104 4822
3869 3180
1015 3156
784 840
1091 1806
2977 4217
3077 2596
428 4152
4929 4999
4520 734
2221 1511
1660 3097
4189 2329
757 1539
2500 1231
4384 1953
844 525
279 2797
3426 3387
382 2070
2274 1765
4544 2842
1858 3300
546 764
1148 4771
884 1607
4908 914
338 1870
2839 4704
4581 4726
2061 454
863 3624
3751 2163
4312 1732
257 4815
4983 413
3390 2897
4288 2501
380 1894
4520 1541
1489 4405
2569 4911
1902 3914
3221 1863
3383 1128
1494 4834
1365 3982
675 2252
3829 1886
616 4916
1957 2935
2322 4
2654 2649
3794 3253
897 2607
3162 613
2904 222
4836 3169
3492 1297
2241 821
1947 4265
2123 4654
3604 3496
807 4919
3993 2645
3791 2090
2197 2255
2214 2278
624 412
1470 560
2566 2117
483 1673
4946 459
4451 4360
1356 1223
2336 3717
2961 342
1831 4794
1551 4959
3391 3775
4025 681
4072 4298
3434 1269
2969 1449
2451 4557
1500 3002
4213 2006
3867 171
2905 766
435 2547
871 3373
1133 3757
4313 3734
3959 1547
4991 1078
2439 206
160 1909
2636 3946
1835 2288
3233 331
285 2900
1585 1362
275 2535
4560 4847
1239 1552
2081 2288
2682 2266
2618 1657
1485 3674
3267 3057
3899 4747
2632 2257
2181 3231
2269 968
2020 3195
3744 1967
3263 1215
232 1005
30 47
4059 3527
1714 2821
2329 3284
4810 1003
3083 749
4909 1373
2718 2316
657 3220
1323 4726
63 1488
2282 3884
3296 2777
3695 1536
3549 4990
3314 3034
1507 2470
471 3721
4444 1301
4079 141
987 2805
2652 1134
1254 3426
4308 266
4023 1471
2451 1299
2856 164
495 2056
1274 4764
3537 4736
2852 3706
4903 3337
1819 2250
2356 1878
1170 4879
3357 1058
696 2307
2658 3131
4171 1939
4003 133
4890 2256
3129 2715
942 2144
3355 118
2605 3981
3628 3502
1025 4244
2284 2460
4431 3179
3574 4823
1898 76
2741 318
1950 346
1495 4705
3382 3394
1381 1218
929 2657
2237 1883
159 1209
4786 3863
2767 2546
2077 2570
1275 1973
782 1066
2447 311
2698 3357
2283 4558
4525 2101
4259 2398
234 201
1694 1407
3846 1688
766 2354
506 4736
4171 3542
762 1697
4729 3742
4293 4499
399 674
591 4846
964 2331
3927 1374
2116 678
611 4594
1717 126
4455 1403
1602 3997
2959 2469
2331 1290
3439 2024
3933 2763
664 4155
374 2001
4406 3829
4875 529
590 3170
2301 2295
2270 2093
1729 4665
1507 4404
4712 3138
3926 4100
1636 4961
4239 277
3807 2379
2367 3127
2729 1365
4472 2833
1038 3964
1923 1748
2618 1099
2540 4970
946 3797
2576 3687
1776 1564
3762 1472
3667 586
3620 746
2235 1523
1009 3808
3180 469
2855 4060
1992 3465
1455 1109
4594 2160
1202 1096
2818 3147
296 3755
3737 4045
2298 4282
394 875
3494 2852
324 2318
2154 1772
4656 2997
3524 4529
1441 3606
1730 525
3978 2994
1581 3371
2385 1450
727 861
4342 836
4137 3306
1847 3363
1121 735
2416 1324
4519 2710
1492 2454
2165 2753
4234 2406
4347 1139
2456 4601
3087 721
4111 3955
53 4708
559 1827
1890 3772
2927 664
4492 2197
2685 3868
2718 3331
3404 1373
2870 521
2946 102
3950 270
4476 3452
1148 161
1211 4091
3480 3660
1701 4734
4161 2137
754 614
228 2520
3941 4831
3086 648
4824 4191
215 1664
2411 3208
1281 1440
1172 2885
4448 145
2375 3042
3082 4723
3975 2017
3963 2730
3937 1935
2040 2751
1908 2036
328 3217
3543 3457
1175 3932
3352 4353
4041 4286
4692 235
579 1534
4396 4556
1470 1271
4487 4838
3803 1364
4961 4301
2151 2002
4471 3603
352 4782
3995 524
2365 859
144 2055
3731 1391
1577 3469
152 1930
1011 4204
4753 325
4990 421
4140 1951
4816 977
2377 1226
3355 1130
4201 2908
1255 4845
157 1537
674 2899
4154 55
795 1044
2343 999
2338 4117
3650 626
658 2030
1460 997
3130 3435
1914 2712
4387 3016
1642 2840
4070 602
2149 4661
2902 2947
4803 2304
4620 4944
1633 760
17 3891
4885 213
4068 1769
892 3475
2363 4148
4085 1830
218 610
1395 719
515 2726
2435 2635
1836 1492
3798 2582
2608 1375
3968 3465
1092 17
984 2321
222 2138
4591 3169
3311 4234
2939 3351
1561 1665
3475 1044
2054 1206
2579 1729
4930 1229
4467 1853
4814 3443
3388 1786
1433 742
4772 1638
3123 504
2202 1693
3417 1242
4366 2826
3761 1879
1204 142
3878 811
3586 657
4115 4677
4699 345
3853 3294
43 2798
3787 817
3533 217
3172 537
1481 1271
3350 3670
167 4933
1222 2432
3847 322
3001 604
2747 240
1968 910
2115 3381
2150 408
4143 1873
4668 4037
3619 3647
1504 204
4018 737
1804 2400
4308 2392
2688 3762
4938 2455
4689 3047
436 2306
2092 3194
2426 2258
100 941
536 977
12 4781
4681 3589
806 603
3108 197
302 365
3150 3030
1164 2869
2778 4081
3160 3753
4946 2647
517 2983
716 1532
4704 299
243 3501
3778 3975
2488 1544
2599 4928
1748 742
69 4157
4307 2146
3080 3062
3364 705
3646 4474
4625 175
3004 2396
3599 1617
4091 1107
2841 3998
480 4303
3931 4901
4676 2932
2660 2312
4436 263
859 1652
1322 4330
4387 960
3243 4036
2218 4604
3153 2148
4402 4998
1191 950
2968 1709
1199 693
482 3985
2534 501
3287 223
2042 2132
2202 531
3858 1151
1533 4011
3196 3778
541 1618
4592 4891
354 2813
3021 1715
1392 4513
1588 904
4859 3519
3702 1647
1911 4132
4978 1708
1837 4480
1765 1977
2659 2132
1127 3052
3266 2940
1936 1188
2321 4017
1182 2069
4737 1382
3268 1179
2803 3928
4105 1966
3447 4237
2668 1150
868 4835
1604 895
983 3209
269 2919
1991 872
4798 3841
626 3237
2886 174
1344 3100
4604 3330
4582 1854
3172 2128
2292 3960
3672 2420
1614 760
3827 800
856 4024
2864 3406
367 3692
2628 4333
3217 457
15 1944
2382 2078
519 255
1917 1261
2308 1716
2464 2790
3805 2764
1382 3315
417 148
2784 4188
1494 1162
3784 3783
2293 743
4708 592
2759 3891
3280 3824
1502 2371
3365 2397
4896 1632
4889 2756
1124 1181
2713 1293
3161 4630
2344 2191
3279 4240
4148 3304
4359 3464
87 4509
3178 441
3540 1929
4568 3951
1840 2614
2042 124
1474 4547
1891 3435
3461 3437
2966 251
4980 2719
3800 743
2557 3661
1125 59
4291 1540
4664 1296
4185 425
4716 3467
1573 992
4007 432
1927 3247
3442 4922
1225 749
1974 169
2564 3763
2585 2617
2500 1008
244 4791
4102 2388
4854 3677
1354 4633
798 4439
4216 2449
3344 3626
2517 788
1314 2978
377 2626
3912 1453
4664 2491
1244 2337
1571 966
2291 3099
2939 1364
3269 1739
2856 4718
3872 4276
2076 585
4619 3681
3300 2940
594 4867
2509 2106
1997 4715
4992 735
2925 3611
2399 3988
647 4209
3896 4666
2094 1189
2650 2326
3524 688
291 4710
2976 2677
4740 906
3612 2007
1479 1140
4735 4802
3871 368
526 2012
3564 3479
471 3957
3996 3458
3876 3916
4533 4038
564 621
4728 4016
2865 2032
258 3184
1225 880
597 1889
4855 450
3873 4852
989 2732
4614 2596
4106 2868
3238 635
2509 830
2890 3158
3613 4113
1119 1796
2705 911
170 4535
329 60
3422 3745
257 861
4164 4368
140 4819
2188 1301
1659 3887
503 2910
2034 12
3944 3312
832 1512
502 4235
406 1345
391 1668
1367 4647
2271 3983
4383 3070
2887 3368
4506 3856
2119 607
2157 2414
4570 3335
4370 1162
4524 46
4134 2477
3164 473
2643 4348
1206 3154
2408 2691
2727 387
8 4470
4021 3571
4558 1351
2943 2375
3274 3578
786 4678
4266 1170
3235 820
4338 4653
2390 1740
4507 1447
4669 1904
117 237
99 1381
2769 2512
2685 1341
2474 3472
4737 1126
3990 2835
3885 1187
224 294
111 1166
4549 2550
4094 4746
3826 685
1436 4809
1205 1371
228 2959
4606 1833
3518 3500
1806 4335
4720 4143
2462 2920
1451 2796
1187 982
2486 4996
4432 617
4088 3507
1208 2968
3563 412
1677 4970
3039 456
2955 1783
682 3946
1877 927
4597 4072
3833 4374
1979 2914
3526 2343
1937 4470
842 1052
56 3735
710 2035
3632 4750
2658 4775
1116 4284
1108 1509
129 3194
2907 1101
2851 4316
4654 142
3111 700
1245 2384
4226 63
4254 2261
1711 3354
3319 180
4209 2675
3027 1391
4592 683
3604 3405
3679 1940
2357 18
2958 190
65 1077
419 3376
103 3220
1965 3293
4541 2312
2921 1721
37 124
2642 1027
2724 3551
3192 603
932 3362
838 1739
1406 2761
3110 1856
2199 2740
2851 304
3593 1279
1312 2494
2097 2630
1671 3525
1610 3384
4748 4393
2723 3547
3664 1694
4721 587
2829 3394
2432 4363
3980 4488
2582 2982
3231 1235
4721 426
3480 4315
3722 1121
4037 4679
4852 4877
926 3793
4854 1854
133 1578
738 3528
1424 1100
1281 1571
1284 2784
3631 1657
2345 3424
1933 569
753 2219
2324 4570
2814 4716
1605 1446
3741 4436
2746 4926
308 3928
1448 4667
685 2659
4161 4590
4595 1486
3553 4532
4989 3280
3015 4801
114 2924
3117 2333
4534 1019
938 1496
407 2273
4228 3082
3892 4259
2996 3779
1653 3495
3281 1226
3101 3587
235 4311
4952 506
4763 4174
3795 253
1169 1251
98 92
793 3333
80 2817
4985 4502
1237 397
4039 828
2381 4110
1404 1611
3725 179
3522 1445
3591 2971
2480 3724
1958 4052
4886 2325
383 712
4393 4972
2611 1643
278 1796
3855 19
3566 1527
1286 1989
1952 3709
4611 28
2963 4918
1799 4860
3146 3378
2533 3251
2293 2255
881 1499
4888 195
725 1726
2057 3931
1196 2787
4238 166
2055 1627
413 1893
3398 3827
1178 1640
265 200
971 792
3857 1727
327 4110
4723 3232
2812 4220
4212 3914
951 194
3646 4389
599 4988
4246 4112
246 4245
1042 2008
4816 3421
3155 2387
1954 4530
4512 2629
1695 2515
3684 4951
2679 1289
1884 2021
2594 233
3132 651
4075 790
347 522
1469 3155
2006 1983
532 3385
1763 1021
3858 552
598 1180
3060 4252
2191 2469
4452 3608
1849 4423
3166 1039
4448 427
438 3095
2061 1573
1138 3797
2701 3277
1600 3402
1243 4776
3645 1533
2691 2857
3502 1617
1567 2985
2567 4533
2078 178
2171 3539
3888 2083
2690 3704
4241 2730
1008 1000
4724 1444
1396 2708
2365 3318
575 1001
1071 2728
3640 1342
2341 288
542 4262
2967 3041
2095 879
1468 4089
2824 1554
4749 4332
1241 3255
4394 598
1661 969
3965 2421
632 1544
562 3142
4787 1700
3720 1540
4813 3358
2958 1947
3857 601
2221 3989
4172 635
590 4059
3391 4405
3308 1727
748 4026
3580 3197
1161 1513
2568 2758
2820 1043
2417 4083
839 2444
612 3711
356 913
4855 4426
4478 3229
2935 3824
4516 2016
4685 2802
3851 2225
2810 3776
3837 4956
2122 3697
787 3290
1856 1863
823 2010
2770 874
2192 4489
3718 533
1415 2760
3819 4263
4782 4778
37 4591
2198 2104
3274 1631
2478 4178
3701 4805
2866 2307
2062 2350
4856 907
3308 4029
4789 792
4118 3191
1836 4472
4156 1174
4084 88
2881 4743
13 2584
2348 4687
625 202
4653 3368
3713 658
3211 702
1463 3122
2082 3328
4006 4630
3474 4523
1757 4947
4793 45
393 1682
639 1792
4554 4502
2895 4994
971 4299
3464 2622
1403 2742
280 3196
4908 4894
3415 1397
4780 3923
3923 2917
1379 824
1176 2906
4761 1574
2081 3803
4327 4707
1307 3462
4154 3652
2912 4433
2372 3222
3040 2834
1645 3003
1684 2211
3476 3839
4197 468
2743 2728
2040 3116
3580 3306
3730 1678
4820 3774
2239 1576
4773 3039
4194 3582
4641 3752
1844 3520
2553 2211
1277 1106
3880 1924
2267 1300
3531 2038
1816 416
673 2493
3067 2505
114 4279
2514 2196
2750 2590
848 1389
4160 1550
957 284
3532 3781
378 853
2510 596
469 3897
3470 318
4391 4260
2624 1376
2915 167
1059 4138
3493 4617
3034 1132
1068 3613
3104 1558
4527 577
1473 303
1034 95
833 2998
85 1353
4146 1682
4168 3956
4898 1820
3345 1998
1446 3739
3785 834
3016 3631
4755 4851
3492 326
4609 242
1614 4919
1844 4191
2716 668
2074 181
1184 1035
2593 4030
4450 2742
3832 460
4713 1190
3879 949
1260 479
312 10
4740 2012
2648 3249
1433 1216
1920 1597
4624 1321
3962 3188
186 3289
3558 1990
4490 1910
3823 2671
2587 3054
2521 1702
464 1087
4890 712
4000 191
3942 794
4268 1167
4948 1188
177 1593
201 2231
980 4130
3530 4199
3275 4982
1304 2345
4427 4087
2037 4828
2607 3894
2148 2951
4883 4767
1244 2719
628 4751
543 1604
3047 936
4122 2359
2991 2555
97 2396
2235 1241
4719 2309
1951 2207
3462 3800
3898 227
1192 2836
3090 1253
4253 4042
4587 841
3330 1546
1320 1588
2303 4065
194 3139
267 4304
3659 3678
3105 944
4464 934
301 1280
572 814
2130 4829
2074 3326
1958 1636
1374 2560
2825 2629
2927 405
3444 556
4275 1493
447 2436
446 2093
1511 4014
723 1094
3230 739
1861 3316
4307 2163
2583 3294
3145 2251
4575 959
2775 903
1111 3908
2177 3821
4797 705
3175 4458
3825 1367
4218 2838
1655 3349
2603 1743
942 2894
205 3758
4660 4350
2317 1642
1536 4396
4966 4250
3651 1634
1707 2880
819 2733
4910 3787
3663 2906
2425 1117
2267 1158
122 1056
1672 4684
4641 2916
4120 2670
4280 1649
2452 718
1554 1292
4744 4962
2360 1259
3400 2087
4600 905
383 4103
3400 1404
172 151
1164 4515
2446 3163
661 3814
3685 4659
272 3309
1070 3098
1027 1108
697 3230
178 1464
2369 4157
4451 4802
538 4009
3301 1870
2823 1190
2455 560
352 1268
863 4512
2858 2496
981 2765
4500 3881
574 3901
4189 3842
3582 3860
145 1545
1168 2419
1366 3675
843 4358
2874 2862
804 1386
2010 2178
491 2453
4274 1690
2295 2725
4125 836
4916 2204
3484 350
4550 398
2305 3240
4693 2672
4180 314
2577 1606
993 2789
3938 4425
3173 4722
3947 220
2774 53
1264 1059
3552 2284
786 2091
3014 4203
528 3456
1114 4334
1964 3865
2156 4179
1050 3276
2374 3183
3735 4062
3605 3944
2568 3546
1862 1857
973 3578
4578 4228
3466 2828
714 4744
3583 3245
1754 523
14 4446
3561 1896
2726 2048
392 3516
3948 1443
1505 2484
126 2459
4483 3190
1766 3199
2928 807
1876 1434
4344 3756
4937 3114
1831 1261
1023 4319
400 1760
1212 3243
300 152
4324 1002
3399 4489
961 321
4759 1023
3761 4840
4983 2547
2689 1746
77 2056
1899 1220
503 4009
4697 1934
3485 150
3203 4634
3372 298
2237 174
1809 844
3131 1443
3263 2465
4625 359
1981 1093
695 696
1761 1984
811 2124
2421 4309
4216 3700
3390 4509
3622 2620
1648 930
1007 3445
3764 1549
2986 415
3440 488
1774 335
4705 741
2174 2556
1522 96
2413 1975
3661 23
1431 2047
166 2693
3367 2152
4076 3334
3709 1485
755 1211
2049 690
846 2795
4837 1961
3806 2773
2578 3753
223 1932
2328 3002
2464 2966
4626 2266
4083 2195
4116 2088
4783 29
4483 4753
2051 2797
1246 2441
2682 711
646 1186
3184 1358
3594 1570
1143 2964
52 4657
1606 3448
1120 1082
722 1067
2129 4364
1943 2326
4329 4371
1813 4552
2209 1272
3984 3575
3076 715
3938 540
2227 3830
2760 3248
3438 1929
2506 2675
3351 4811
1963 3007
1737 2562
4159 1877
101 4518
3431 4647
3429 310
2171 4404
3759 2286
1825 3195
1774 1061
2828 3614
85 1131
2619 477
4360 3609
4125 162
2519 2158
185 2832
1745 2079
975 3733
3541 3085
4407 2653
3574 208
1528 1628
3906 3870
2948 3833
4685 4971
2028 2294
62 3706
756 2847
3072 1262
1885 791
3553 3105
427 1011
4488 3044
4183 172
2189 4460
3317 2945
1395 2217
4198 910
731 1938
1630 2248
3223 3520
738 3498
1975 4936
1486 88
1695 3460
516 472
4105 3455
2147 1057
3084 2013
2457 479
3633 277
2058 4238
862 809
1065 2686
3341 2749
1191 3818
3612 214
140 4906
4579 1911
1966 2113
4033 2247
4610 3666
4871 2161
920 4386
1412 3694
3295 273
3601 2626
1543 221
2065 554
3343 2786
1305 3930
4569 2395
3112 3583
2105 3773
2140 1954
887 4136
429 3620
2195 592
4696 4574
4222 4004
820 2820
1593 328
3147 4371
499 2131
2204 3576
2541 1505
2279 2913
2003 1989
3726 421
2604 1825
1012 1583
1779 132
4052 1974
1569 4048
1843 2412
1596 2111
1307 1793
1655 4379
1098 4264
4701 565
2794 3562
3844 2640
2594 3786
4703 1777
385 523
2294 3859
1829 4315
3536 3913
3362 1432
2744 1674
573 3210
4248 3214
2192 3366
3910 1982
4437 2099
74 548
231 4527
2488 1277
1737 4507
3359 4914
370 831
1681 2176
4022 3977
1712 573
3610 1210
3919 3213
2299 3190
2506 1693
2755 1070
662 3015
4869 3898
2429 2909
3605 2859
2353 1569
3323 2642
2395 1062
2676 4210
1581 4626
2492 1941
336 3361
1161 1320
3156 3626
474 1912
4129 2164
650 2066
3999 3772
1248 1664
780 4600
1464 4056
3834 268
4200 4058
3339 2735
2681 2065
4001 4980
438 3611
729 4531
1609 2362
2881 453
2041 3071
2963 4240
2654 1020
1851 999
335 31
4340 781
2858 4672
3773 2159
3318 305
3202 2049
3241 2450
725 2891
4374 1330
1456 1587
1175 2723
1914 2136
496 2899
4613 776
4269 2466
4588 3555
4174 1732
2287 1630
2662 2253
1238 1408
2813 3436
1720 4413
1679 175
1153 824
589 1476
2047 1102
1278 2583
3550 3982
4999 763
1750 4186
1037 1176
4450 2539
1686 41
4482 4164
2665 1696
4661 4231
3252 2392
2436 2154
4882 4895
1855 815
1988 936
4531 358
3674 2507
2512 2182
557 938
783 908
2011 4006
4732 2641
3193 2073
3417 414
2004 3994
399 2108
1592 1350
4575 2665
3722 4109
3036 2611
1124 3699
1166 2349
580 2861
2891 1585
2224 2198
2121 972
3643 2444
1917 4858
1251 3719
3830 1322
737 1072
2370 3744
1785 895
721 2447
1620 3185
3451 550
1907 3208
1081 3964
4858 4835
3040 3334
3749 3421
1709 33
3680 1420
3374 3212
1718 442
2768 589
4903 389
3146 1419
371 4334
4227 4920
1156 1457
555 362
3967 902
1582 1388
3470 996
3298 2534
4032 672
2867 2853
898 834
2248 2573
1568 1899
238 715
4384 4706
2757 3625
1401 4400
1084 104
1432 146
3340 3741
4358 3998
1116 675
4804 1417
317 765
2782 535
4272 1734
1143 4681
4960 2896
3055 659
2131 4650
2168 2667
4073 4924
4784 4978
3361 71
3608 3073
3409 4283
2514 4126
3372 1568
4248 2397
4446 1689
4559 2479
1040 1541
1704 2143
3947 4097
1949 3732
4117 3917
1778 4629
4182 855
1471 3656
633 1683
4042 4551
131 2316
4310 3338
1751 4101
689 832
3193 1842
323 3821
2944 2850
2761 3276
891 2139
1182 148
4262 2418
2000 1680
1728 1798
1846 2971
4155 1824
2827 3198
1201 2072
1520 264
2442 2558
492 2422
3430 4921
3354 4797
2666 1726
2050 467
2993 1967
2872 2166
1003 9
1821 584
4947 3573
596 2164
837 2702
4373 4676
418 183
1903 2167
2647 3173
4043 2173
2461 3408
1998 1430
1631 873
1559 4212
4732 3254
2554 4040
2376 3685
50 4834
2088 1904
1675 868
1287 1562
173 1713
4270 1815
426 704
1725 2089
2162 3025
4692 1483
3203 1679
1868 3126
4416 3957
246 2443
637 1502
1922 4669
2484 2016
2018 4177
2412 1811
2606 4403
687 518
3592 1043
2526 1478
1278 3541
143 1147
2162 1930
409 3872
516 4936
4569 3901
3593 2586
983 1217
4095 4949
3360 2637
4080 2240
45 3384
3913 1376
4215 242
4053 4934
2957 3973
611 1939
4939 1629
2070 3121
1531 1552
3959 326
1824 3441
3360 4460
67 1004
4053 410
2054 3215
634 3024
2937 3734
764 3401
1185 3780
4547 4697
3322 692
4084 1793
2142 1280
2990 1722
4523 4299
4645 4902
1946 402
4804 4424
3600 3398
4577 1418
2094 4984
3396 2281
3285 1442
4075 862
4223 3127
205 4385
617 1959
309 3641
608 4884
1669 3860
3288 3539
130 4468
3265 91
2707 295
2576 4942
810 4321
1691 2203
3092 1327
3801 2822
143 1234
3450 3521
630 4830
2552 4914
3893 4810
4524 3730
4298 1537
866 1711
1742 2048
3738 4612
2058 619
4361 1905
1053 2346
4833 885
1724 1493
375 1683
3010 3224
508 3736
2364 779
2765 2605
3445 1750
3835 4617
4354 3895
2902 1357
3707 3258
2783 4338
878 2199
4515 4522
533 4419
4606 3246
622 1452
2967 2849
2833 3794
4682 3141
394 3323
3112 1671
3090 4987
3952 3089
919 80
158 584
666 1228
3917 3069
2032 4082
4433 4020
440 68
761 337
58 4912
317 1002
3658 22
1045 3738
4528 1808
4058 812
4165 2905
2449 2126
1152 4670
4331 1165
3261 558
519 1383
3699 3059
4008 1329
4714 4780
3757 2402
4639 2200
3979 3649
3257 3978
2170 2262
2161 66
490 2986
4825 4867
2167 3668
1240 3533
1860 3320
14 141
1127 44
1306 3031
3566 340
752 2027
3595 2270
106 372
1269 2775
4231 3711
2394 4952
3233 4158
423 1607
2789 2657
243 1673
3049 793
1093 3724
597 2226
297 2695
4243 2909
4847 3076
3997 4496
3854 1548
1887 754
571 3890
645 4170
1984 1004
2651 283
4800 346
1328 2031
933 4760
602 43
928 2694
4033 1663
2431 710
3895 4252
4283 1380
630 4373
2699 843
3375 3272
1996 2592
4424 1491
4158 4390
4256 406
367 1333
600 4511
1510 4029
484 2790
1518 1
931 3783
2352 1032
2754 1263
3871 67
3073 1594
3046 3181
2342 4106
1777 2845
924 2602
1859 671
4474 1207
2217 544
888 3960
4976 3693
2214 3004
2979 3731
1024 182
1718 711
858 1368
4137 279
1586 850
962 4937
4730 2423
3064 745
4233 812
3921 4618
2673 1842
2499 1510
935 1895
2089 3883
2830 2026
3075 3505
4251 3607
4401 4145
1802 2938
510 1231
3419 2368
1180 3358
699 1724
2496 89
4195 1882
953 136
3802 3499
940 3140
4982 3261
3770 477
4638 2000
3609 535
1429 4407
1878 2297
364 1520
3667 4621
29 3252
443 2236
695 2973
3765 3850
196 660
4763 1341
1883 2334
2635 1574
57 1230
3877 4757
4977 2978
3264 1747
4323 4585
188 3552
1942 3310
1141 4425
4323 1359
4581 3617
4176 3433
2781 2135
3728 180
1685 4394
2922 2744
2401 3286
919 982
1438 3408
879 4865
2627 1919
4871 4957
2007 3881
5 1463
453 2515
1539 4864
2689 3949
640 2738
3775 2866
1339 1461
4838 4288
3504 953
3789 4363
1369 4598
1450 3561
2734 652
3981 2746
2787 2416
4115 1039
827 3137
3484 2114
4542 1823
372 1517
1090 1298
975 3514
3298 237
1692 371
3971 2571
4068 2374
4036 1095
3182 2917
1088 908
3670 3908
1582 1644
4063 2424
921 1797
3691 3742
4236 1451
1782 3427
514 3940
2806 2112
3714 3418
320 2394
2109 3389
4475 2982
3251 401
1248 886
1988 3411
4572 460
25 2811
1378 2135
538 1691
4064 1575
689 1152
4987 4632
534 1300
4000 360
419 4019
2045 3905
2678 3451
284 1773
900 1488
1137 28
4579 4986
4340 1608
2051 4571
3618 628
150 4829
556 1031
4270 1624
2341 3515
2527 4278
1334 4256
1698 1753
1884 2874
3510 378
4302 4560
4443 4607
250 595
4431 740
3218 2974
3325 2064
1064 2410
1171 2364
3097 1810
4670 775
3347 1398
4057 1935
1335 1580
985 4965
3739 2301
4469 98
2980 4639
155 2990
4619 3521
1978 3207
1115 1876
2793 1784
1026 933
823 1323
978 4126
724 4720
1504 3801
3597 3747
2550 2766
486 1621
4279 4719
1484 3319
4113 2296
4750 202
1812 4225
3221 137
4500 4114
4367 3001
2122 2325
2734 2390
1263 2125
219 2433
3893 3810
2748 1086
1258 400
3505 229
1423 4627
4341 1135
701 2092
1546 3431
3373 269
1637 1730
717 2504
2332 4232
2831 2992
3393 4935
3315 2014
4172 3045
2358 2721
1383 2964
1741 236
4593 4368
4021 2975
4698 4479
802 1462
4925 896
4691 4344
1468 4498
3569 717
3625 2358
769 2805
4710 3299
2206 2901
4851 2403
4537 842
692 3140
1245 3369
3925 534
4749 2835
461 84
4504 2182
2098 2590
1936 1526
856 3782
2838 3077
2152 3481
4567 3579
4774 1411
4187 314
2593 669
3719 512
4997 4880
893 4142
2529 1240
1006 4276
4694 3558
1337 1223
2631 2645
4924 2103
954 774
338 2542
2690 787
432 3725
2947 4563
1822 2274
2145 4225
3969 2551
4120 2339
3336 809
3747 2564
3629 1995
4862 3205
572 4938
4150 1255
2949 698
1025 1668
4417 3867
458 2692
3929 845
3365 1184
4291 536
2923 1901
1347 2073
1058 1776
4623 2616
2149 1416
4683 4417
4034 1031
799 2
4357 3293
1173 2898
4356 3562
2817 2931
1473 2888
2346 451
3511 77
653 4147
3444 1266
1465 4257
1677 294
3191 3123
1853 316
463 4361
1467 4729
1945 2599
1529 511
1627 4564
4026 4160
3840 3029
3759 4860
4480 3062
2901 864
2168 481
2511 2187
4965 3861
3887 4913
1316 3151
3529 514
3443 4028
1931 195
907 4193
3011 196
599 840
2311 2023
1562 625
177 3637
2315 307
1174 2918
582 1791
2630 3159
3213 2519
1458 2026
540 1999
928 3831
1633 1079
4435 1672
913 3912
2887 197
995 1375
20 686
2854 3534
2994 3681
3512 4602
976 3258
4463 3049
396 1122
4449 1757
2588 35
1752 3439
835 3832
854 1347
3412 545
256 3413
119 4912
2873 1818
1897 3847
332 2313
1290 1321
740 475
2383 3822
4673 1006
2287 804
2142 4104
3017 2487
4017 1703
4399 887
464 3811
51 801
3636 4260
1195 73
702 4090
917 3160
4139 361
2328 1704
4392 1905
3854 3999
1177 2739
4462 2283
231 2351
3972 268
151 4319
54 3501
3517 946
3814 1312
3695 33
1789 3967
247 967
996 890
1586 720
1550 952
2130 2229
3182 3085
373 4605
850 3279
3420 4149
2995 282
4925 1480
2973 2720
2664 4694
4498 1421
2153 4853
4047 3864
520 4649
4456 4367
4675 3796
4280 3925
4762 4295
4554 3866
4296 213
779 2008
309 1195
3712 2845
2933 3159
4553 79
944 1662
2926 600
4153 3700
4746 1891
3554 138
4285 4640
3060 4251
1034 3889
4882 947
2369 826
3043 2105
1113 4063
289 553
4219 3052
2541 1970
610 306
4899 402
788 2067
1880 3531
566 112
2908 3686
1872 1105
1649 871
4967 4597
3686 3176
2276 1487
3065 38
3615 2634
330 1979
2476 1866
2459 1155
2344 1908
3436 3446
4400 1192
1074 4781
578 2338
4969 2292
2175 3989
2517 2860
2896 1759
2124 684
4927 892
3554 4229
2687 1595
3310 568
1328 1366
1754 4519
654 1047
1795 4756
4602 1815
2669 2957
2684 278
1805 3958
4220 1048
4655 3576
2589 4861
4211 1865
1157 339
915 2153
3909 4420
4310 2145
734 3102
2937 4201
4757 1169
1447 826
1296 24
3689 2141
3086 1007
2871 3103
2291 262
4530 3029
4817 1871
3469 2930
1622 4339
4543 4790
3992 249
903 2474
3350 1389
2225 1060
4953 2330
2581 4939
3341 4517
4476 3933
539 1839
914 943
2543 2670
2262 794
3022 3600
4561 2118
2072 2418
4508 3070
1221 4872
2976 2956
4097 2356
615 3020
19 2273
1658 2731
170 3290
2323 4792
4254 2681
323 4772
4555 4108
4165 2493
4962 912
1352 280
1075 2481
4866 1118
3205 2139
1921 2962
4082 1887
4725 127
4359 3654
870 848
449 109
1426 81
1587 4759
1708 4369
3096 4441
274 1986
961 3397
4364 885
4673 1918
1977 1620
4874 4027
736 1132
2116 1572
4503 1050
957 1315
116 2315
4771 4688
434 3573
187 1751
2254 731
1506 1358
4318 2578
4287 144
4440 1900
3717 4050
655 349
4552 4975
3945 4411
595 163
2434 1437
2242 4290
2335 3075
373 198
1703 4351
3442 2100
3107 3657
865 3084
576 2988
1800 1352
1077 3687
3515 3665
3726 4362
2572 2544
2384 1784
1423 2545
2319 601
2633 1710
1963 2563
34 2722
4247 3232
3793 307
217 3133
3012 2018
846 4287
1197 3072
295 2768
2391 1144
4397 3750
84 2426
1823 4618
4534 1114
4702 688
3109 3506
1154 701
1764 2513
1851 691
4862 2528
4741 3041
896 1635
4905 1360
1332 4445
1097 3590
2772 3499
4806 973
3320 4144
2340 827
4518 4766
4546 3166
3669 3846
1112 113
4827 3586
4313 4565
2355 2234
4801 704
2895 2140
4812 4906
2471 2461
3789 4181
6 4390
1578 1670
1941 4701
920 3922
1343 4894
1792 3880
1625 3114
1516 3250
1669 4001
1477 1265
1287 4712
4728 3953
923 4207
1526 4957
3226 4826
1465 1772
3074 4346
4119 4487
374 4724
2186 580
137 3478
1260 3935
4539 3124
1972 653
2602 959
686 3509
588 2706
3622 829
3459 4112
1919 3984
517 4573
1652 3729
1867 3688
2518 1827
2393 4734
751 1687
3092 364
1475 4092
4066 4745
4271 4505
2667 4046
3653 2876
528 546
1598 2482
4923 3165
2310 2431
627 3963
4588 2483
165 4268
3907 3713
2669 3919
381 4932
4442 2407
350 254
1360 3042
4997 2468
3418 1051
3849 3852
3888 3311
357 3991
2513 4540
1388 1119
3181 449
2430 2528
4418 4196
851 2427
2096 116
1026 838
281 3751
7 2926
4061 3454
4878 1498
72 3471
4621 2792
4893 2121
4687 4066
2151 4796
1157 2385
4414 3680
897 190
3278 1038
3704 2536
4318 2617
2722 1495
3407 4127
2911 3115
1950 1789
4783 339
1040 2495
642 3679
4335 3058
3504 1869
2319 3996
2574 3110
4833 2039
2439 1139
4493 3429
2619 2591
2104 3529
4868 956
2646 3028
774 1
349 404
3244 2354
2215 2791
3425 4869
4224 41
2434 4003
2663 4495
4751 2569
2535 750
4038 3763
541 64
1351 4667
2549 849
504 2349
4114 379
3884 1985
1394 3822
153 4508
230 248
1106 1194
2437 4135
4420 234
3618 4215
4007 3485
1233 2257
415 3920
2653 1538
1401 236
2306 3870
2269 659
4304 485
531 4069
263 290
1018 3333
445 2172
2196 1713
585 1214
2942 1145
3428 368
1014 3544
1171 3109
2320 4904
3006 3177
4779 2366
4821 2712
1763 2231
2920 3476
3087 4572
3596 4711
767 1549
1706 3513
356 2053
1956 2085
3616 1146
2 3057
3050 2268
1874 2425
115 1163
2138 4241
3537 562
2289 4203
1638 2639
3678 4814
2987 3799
424 4005
1179 1528
2063 4844
1590 2066
1795 1273
2997 1639
4806 2735
1799 3603
25 2755
147 2575
2173 3673
4202 4929
858 1384
795 4945
2342 2465
2663 1128
4650 922
3069 3848
3493 3606
1062 3186
2827 2815
656 3119
2542 723
3305 2492
1288 1460
937 182
2184 4887
245 3301
2419 698
3120 3816
4649 4064
3177 1779
3013 3512
4471 289
3219 1293
493 4655
3460 4646
3239 1236
4326 4167
3370 239
3587 155
3851 1009
3812 3461
2587 397
186 524
772 185
2275 4953
270 4643
3291 4514
1932 3346
3399 4926
583 4073
204 112
1803 4878
1859 1016
336 3168
3538 2137
4098 1379
4896 4954
3317 1624
4658 3506
511 1972
290 4443
4631 4124
3389 1082
877 2910
569 2101
1758 313
2929 3828
3907 4195
934 4700
3853 315
1257 4116
2581 3007
2409 3526
904 3071
3225 1295
678 2697
3671 1063
1535 1957
2102 2823
4950 1674
3836 1319
2956 1794
4590 389
4526 4752
4642 4050
3736 526
609 4510
4923 3516
2370 4123
2110 4457
2322 2639
4928 4409
2445 739
1915 1313
2919 3466
1363 2260
557 3823
2610 3703
4321 2871
3088 3204
226 1490
4365 1767
3594 184
707 3099
3281 181
2318 1266
563 2098
4229 891
4796 1409
4677 2860
2489 1962
4981 2208
2774 4427
3 3091
128 3855
1770 1017
2285 3468
4598 26
713 1355
4217 4190
2114 2450
4350 3845
2117 865
1992 3402
4095 4067
305 4422
2219 2177
4967 1377
4577 4284
3234 1811
1487 3662
4455 927
3322 4138
3432 3906
1560 4395
3817 3058
262 2854
2933 857
4429 3616
1527 2440
3324 2929
4242 2360
4306 4881
2598 2210
332 1442
724 2075
3303 796
726 134
4002 210
3228 733
3664 3728
2483 3584
3651 3518
4828 4121
491 1232
2428 989
2559 3961
3548 1787
2650 2855
3567 342
1123 1185
2144 2478
3259 3669
2193 1286
2259 2134
3325 176
2133 3746
4788 4956
4836 3732
1049 566
90 4562
2141 2503
3874 2680
3634 431
2239 1807
1317 4004
3649 4889
4850 623
1781 4584
4886 2918
1684 3420
4167 2281
4563 1646
3456 390
4562 2778
867 2499
4532 4235
1390 486
2561 4071
2034 3927
2869 255
2870 3304
4296 4046
773 798
1756 3303
2916 4205
789 4330
1773 4211
3514 1149
1490 381
1061 3795
4192 2938
3387 2230
3019 3918
869 1126
677 4765
4023 1316
3144 2100
2059 2353
3297 3942
1810 1159
493 9
1731 4754
1705 2943
4646 3050
299 4616
2785 319
3987 4779
4586 2836
4898 3900
1037 3009
3627 1566
3788 485
55 4247
2555 1047
1548 2476
1425 4765
3412 3141
1053 1828
487 465
1890 3839
4236 4049
2229 3477
4030 1163
991 3433
2743 2216
1102 405
875 2236
3745 2039
2621 2522
581 1837
2380 4341
2962 1759
1658 7
3979 4933
2945 1960
156 3723
986 3078
4485 3540
2754 1915
3438 2185
2456 2781
2862 2103
2289 2879
4305 4459
4317 3570
1850 1971
1650 4294
4849 4622
1521 1361
476 4074
1686 847
3066 2841
4637 1288
4127 4372
3038 4389
404 3353
2404 515
3904 3051
1131 1291
1949 2060
4402 2213
2125 2748
1599 660
1310 2410
4954 2241
3404 1424
3026 4747
1986 3905
4932 2872
319 1256
3005 2190
3428 301
2600 4447
4840 3642
4034 2680
2995 4219
4388 4111
1134 3683
3559 3585
214 2297
4301 3168
1333 4181
101 2738
1997 2791
4379 3137
4166 4376
3478 1484
3116 4274
4045 4192
330 1807
1893 248
4378 2696
2324 3490
1603 225
4996 1001
1237 40
4273 1596
2085 273
3289 272
3458 135
835 614
2824 357
4464 3843
3161 2194
2601 1315
2579 42
1731 1991
4477 1688
645 3487
392 4292
173 3547
75 733
3019 1338
3758 1733
500 4811
1160 82
4541 2110
576 2699
2731 2970
3095 966
2046 2904
129 300
1942 4891
1744 2160
1285 1324
2001 1826
3937 2561
462 4868
3746 193
271 3113
2099 3287
2303 1173
4739 882
3043 4386
64 39
3882 2848
4879 1105
3061 264
1368 1875
4044 200
1564 1294
2989 1336
2265 4151
4911 439
4584 822
2494 3425
2387 4243
442 4576
2660 2389
2661 2408
872 1802
4375 1758
3259 3009
2941 4944
3987 4005
4764 2448
2367 265
4479 96
2201 2230
1561 4817
1393 3396
3885 3254
2156 1553
2563 1135
880 2767
4103 4876
497 4549
466 4292
3119 4528
1534 3815
3403 4863
40 4841
1517 4406
521 3621
1466 4819
1018 2401
4731 4422
1969 1955
2467 4441
366 2405
3188 2059
3003 4864
4415 4249
2934 2183
3321 2950
4556 4973
261 2953
2158 1235
2120 1101
4717 1097
4915 1733
797 2084
3976 1601
3487 4568
344 448
3769 2005
4010 355
1413 1589
1100 1250
4129 1041
4293 3000
627 2179
3952 909
3209 1425
366 1074
3650 667
4628 2770
308 2244
1943 758
3257 3629
693 4984
2480 121
629 1508
1933 1583
4015 3000
4795 4410
553 2671
484 3584
4760 4658
3174 3897
474 2020
700 59
1483 4899
870 93
220 1318
1411 930
2525 3353
2991 2143
4494 3642
4612 70
4391 3152
2673 2296
4196 1656
2389 1268
1400 2677
4227 4466
1643 1456
3236 1790
1867 550
4672 4988
1239 4786
4080 4774
3307 396
3410 1864
4416 21
3026 2661
2011 520
2386 532
529 496
1980 2498
894 994
777 1270
120 2003
632 1524
2875 266
4453 3171
3204 3945
567 169
2822 1734
3132 3068
2818 224
164 2240
4986 1640
845 4689
4516 873
3932 4943
403 361
4663 2206
2347 548
2406 3364
1412 4329
2335 4198
2623 4123
2332 1397
4636 3474
208 315
212 4312
1970 3321
2644 49
3381 3868
2837 2739
1402 4096
4356 498
2960 1753
1736 3710
3671 482
4624 4337
3866 547
2708 3210
3549 382
4979 4699
2796 4079
1431 4366
4136 2525
1384 2313
2115 652
1648 1489
3774 388
1112 637
4662 4272
3102 2086
-1
