10000 9846
5197 9817
2476 3531
5676 4701
168 580
644 1682
8274 2640
5303 5728
6366 4787
8103 5636
9873 5506
9197 4695
3336 815
-1
8607 8212
9068 744
-1
5139 60
7110 4622
8589 7487
8405 470
5439 3914
3549 748
475 1786
3611 4052
250 863
1135 6832
2778 2752
5396 2129
3292 932
4659 1126
3936 825
1329 8659
4772 1526
4612 9946
4947 6760
4707 6621
3364 1604
2049 1810
3372 2457
4846 6930
2306 2908
1438 4550
9718 8377
31 3595
9790 662
9205 3963
2294 4574
6953 2108
2461 5450
7053 1408
907 40
8133 5529
3464 1535
5782 9251
3169 4412
3518 441
3595 8666
2679 2388
3597 6560
5386 5669
354 3427
8667 6756
3023 2580
4832 2801
5745 5283
763 8399
3799 1472
4972 5594
9282 8028
9646 6848
6933 7496
2937 7509
6593 275
2097 6969
1776 5227
9488 6540
2851 8596
9172 3044
7187 1262
5767 9302
551 6216
2003 6471
5208 7565
9490 6438
1650 9454
5035 8441
7635 4233
9556 8620
2317 8925
6384 9700
7603 9749
2485 8725
4674 4384
2932 3613
8145 7986
3127 5707
6239 6404
888 502
5715 1846
8791 7069
9153 2406
7735 2299
865 6944
2451 3854
2051 2225
5680 8169
6277 7128
3244 8090
7207 316
8311 9323
8448 4033
4320 8670
5451 6788
6413 4281
1151 8113
7423 2805
4811 9751
3918 6085
7934 1597
7333 133
7027 2212
5062 3683
253 7721
4234 6209
4122 2722
1141 7204
686 3523
186 5898
7051 3581
5290 4513
5839 5570
2573 7651
538 8074
767 8932
320 4377
3436 6539
4739 3874
885 8638
8469 364
1266 9546
4895 3260
3831 4424
7337 9518
4417 6075
9705 2444
3110 3946
1282 3206
77 1744
1047 2310
5282 5975
9860 2760
6866 7505
4426 4200
8703 2381
861 7046
8493 982
7455 9168
8861 372
1880 45
5562 5224
1265 8869
2415 3746
9079 1245
9298 4061
240 1121
5776 53
830 9323
3560 4052
9789 1074
3003 6437
3770 9325
1091 5351
3815 2035
5703 2954
8111 3174
4257 2832
4356 5103
1656 3348
3640 5930
8684 360
8097 5254
4626 7808
-1
4036 9273
1734 7395
327 4654
2697 4882
8116 5536
380 3713
8781 6087
1548 7988
5363 6141
8941 9613
4484 8390
6850 5795
6105 461
9071 1383
2463 9270
9918 3005
9981 5186
6292 4650
1046 6153
2131 9964
-1
1002 9481
3194 7283
484 1435
5299 3697
8910 9081
8832 3033
9778 5218
2121 6865
16 6669
535 402
2753 1027
7109 9925
9179 6839
4226 1088
8017 945
8619 3933
8988 7563
7076 5482
6422 4973
9923 5202
2855 8688
4949 4461
3421 5554
4472 8416
9458 2773
2228 795
9289 869
5692 4745
1110 9775
2690 4657
8304 57
1199 5705
8332 9430
6441 5769
5109 2921
6241 520
7021 751
2518 7173
8561 9194
3849 8902
5345 4378
721 6183
5001 6919
7039 4432
9846 3653
7386 9136
9856 7108
7288 3688
6434 9175
5709 8851
5229 6495
6896 7664
3125 3822
2303 8891
4221 1770
3916 7669
3549 909
6674 7852
6428 111
4282 7751
8629 1688
4467 62
1910 5308
9503 7497
1106 6286
2392 7491
7736 817
9462 633
8798 8923
7609 557
5076 5596
1042 2775
4877 6007
4911 7908
4756 4202
2780 9955
3232 8835
3874 1847
8954 3948
6455 8270
3144 1160
3431 6823
8564 6092
1781 2720
4784 1595
5566 8599
5212 4373
9987 618
9065 9847
3404 674
2426 6863
3797 5831
3669 6701
6876 3453
7969 3873
1611 1953
6413 8511
1544 4761
2063 2840
6698 4187
6896 7336
3894 6658
5060 1360
5672 8354
4721 5047
4435 4255
790 4993
2882 4026
6508 5395
1839 6907
8360 6663
3722 4325
4166 6714
3550 965
7706 1949
7945 4481
5085 4035
7680 2811
9475 5806
1403 2469
3086 9723
-1
6893 7002
9546 647
835 6722
2410 6360
3089 350
6732 8347
9695 2319
8830 9484
5126 3325
5345 3182
8855 5606
4210 5782
5964 8655
6212 9744
1382 4093
2685 9817
2803 7005
7249 7317
500 672
6841 3409
5390 7257
8837 3664
3674 8491
7734 4107
8272 7508
8495 7801
2353 5107
6359 865
6361 510
6693 4370
7337 8496
9660 5709
9651 5283
9782 8773
1047 1574
2526 9275
7343 3823
6388 6533
6550 9604
5462 6280
4960 9848
4421 7708
3146 7780
7710 6715
3086 7896
2171 6236
291 9491
4671 9424
4033 5406
894 7748
9641 8260
8533 6748
5368 5002
8463 6869
2942 7560
9941 5282
8318 8866
9000 619
4802 5998
2545 6791
8331 2407
7351 8922
1940 2098
9657 2001
872 4516
131 7473
9414 9859
1675 4332
5717 9722
8843 2772
5518 8802
5687 1225
3353 1173
4357 8391
2059 7775
3881 8127
3328 2162
8485 4891
741 1660
2612 3414
2437 4375
2685 3221
493 4077
119 419
6334 2877
8739 979
5115 5498
3890 9697
-1
858 6409
530 3894
1203 2285
1089 4835
4247 4704
4202 3848
2079 5367
4792 8502
5670 1495
324 6098
4333 1406
4625 8606
5328 7858
5246 6463
2380 6575
3620 9178
6768 3265
6533 5232
2105 8807
4108 7889
693 4499
8535 4693
2670 9572
724 9184
2880 1858
6674 1435
5875 4888
7028 864
8196 4964
9551 5438
6728 7387
5721 2020
398 2229
1614 267
6327 2531
1536 61
5986 1680
5482 7584
6921 6888
1708 8079
8532 3291
1984 8337
8753 5798
6015 6860
8216 8578
308 7167
1288 484
7384 5643
6350 2940
2506 4125
6579 8548
3064 740
3683 6564
1224 452
318 2257
6366 7895
2375 1893
450 8664
4241 658
5243 9032
1413 8615
1247 4535
5378 7211
1687 563
67 6155
6424 9404
6144 4301
3722 1901
6564 6001
7147 7722
6300 7355
2197 3792
5434 4855
6733 1499
5583 4428
446 7238
8423 677
7909 8238
3644 4302
6110 9005
2724 2561
268 5933
8153 367
8772 6884
1904 9840
8192 8482
3362 1209
9536 6459
9139 7129
1065 7011
9511 7301
9512 1587
4955 1584
1654 9891
9784 3810
4413 9625
8991 2607
1588 2295
3599 135
9633 4295
9411 8623
9986 5294
7316 7483
2413 6812
737 4957
6978 5413
6287 9565
358 4658
2404 8629
2427 7696
847 3783
3808 9305
3253 2568
8068 9255
4843 2051
4392 1523
5567 9997
5468 4932
5936 2969
5316 4718
2774 2856
939 4777
4629 4956
4162 6008
9379 6225
3241 121
7511 6127
6628 6779
138 2528
4547 1703
8775 3515
5230 4519
8543 7946
6560 4254
5332 6173
5527 9462
3295 7469
1174 3879
7153 4489
9033 724
8398 6382
1761 2883
1381 2
3318 313
2911 9835
9864 3893
4285 3859
9014 9668
9523 6723
4250 8274
6580 3500
3337 6561
621 6611
7891 6333
8472 9380
18 1244
698 7197
9028 1054
1498 125
1246 9506
4479 563
7783 5778
4404 9620
2225 3650
9703 7907
6303 5636
-1
9997 1752
6473 2236
8139 7265
4628 6882
3437 4846
3928 785
1404 4361
3528 7332
8499 8630
6858 3725
6262 2979
9920 1584
318 2639
4813 1180
4985 3843
9014 7971
4324 3721
88 8323
3875 4191
7340 4344
2503 8443
1170 7956
5652 48
6641 8512
4668 9233
8037 2957
9821 1470
2227 5913
8520 4615
6435 7764
352 9292
9133 1048
5120 4214
699 4574
849 3264
2190 1155
2965 9009
3664 5523
9475 7702
9976 7396
7657 2692
8980 706
3416 4437
6698 1929
9614 5730
5745 3806
1545 9693
-1
9952 1290
9385 5404
7749 841
2842 9224
1230 5571
9226 4870
9987 395
4121 6247
6364 1300
5755 8848
2179 8797
2677 1187
3365 8918
2092 2869
8979 9418
8481 3514
1153 4936
5691 2157
5510 481
4037 7551
2803 4643
5068 6381
3179 9721
6344 6202
6569 1834
6994 2606
3107 5968
3150 7979
852 7978
3460 6194
6466 2424
6582 2398
2971 175
4066 3928
6029 7784
-1
1114 661
2333 7400
1829 3670
5880 5786
6310 7263
6692 3059
2813 5548
9110 2925
4487 8952
4138 1473
798 3007
1296 4791
9273 8018
8929 3364
6733 5816
6421 1305
6890 6841
181 8922
7303 796
4964 2636
6205 4990
3866 346
6522 4299
4039 3993
1405 1862
6199 605
3524 5703
9026 5262
6318 140
1560 9544
9497 3501
2400 2105
7091 6942
6581 6759
5369 9312
7023 3684
4447 2152
6593 937
6625 6505
9683 8918
5963 4733
4340 3762
6735 9109
7052 6084
8187 3496
8738 1962
2047 4465
3907 3422
6547 7442
8517 2696
1832 4326
5432 3868
8573 6798
479 8432
8691 8559
2654 8905
338 941
4389 7118
7031 6224
4999 9625
306 5426
1504 7306
9332 232
2167 4372
5587 9076
4346 9843
3526 370
9460 2941
6594 7842
1476 9542
5509 3215
8124 632
6757 3255
7357 8292
7481 4981
4341 5708
6350 3400
5988 5614
7775 134
9759 1801
7342 3868
6203 6120
5167 1494
9831 1908
3053 118
9716 8825
6597 1283
1218 9277
7551 5169
6117 2934
3120 4751
5786 7903
9116 3606
324 2586
9208 6702
8898 3193
6422 9753
9095 2143
4907 7708
2502 2142
6659 9691
1334 5401
5425 9587
7085 4236
4897 8865
2041 9597
5650 9796
243 4450
2326 4769
676 6996
6704 2355
2154 4462
5888 2938
9321 1693
6992 4094
2707 3871
4298 258
5014 2580
8355 4045
9312 3388
9158 8062
4635 5819
6348 2769
2356 5579
4048 3637
9158 7488
8672 508
1701 2913
2707 2538
1190 6039
1825 904
9714 550
1161 7060
9869 8261
6684 5342
607 9595
3297 4178
8029 5991
2508 3499
4549 2044
8568 5134
123 6678
2044 7636
2684 4278
3732 4978
7248 8052
118 5654
8614 5928
9765 1755
9635 8766
3470 8995
4128 3887
2208 3310
1298 3044
9680 3935
4572 9106
5915 636
2756 4656
2440 5801
9953 6803
2204 9166
2240 1316
9670 1903
7578 9939
8538 5934
8964 1662
5145 2631
9044 8778
4634 4840
1542 5090
5603 8337
5783 3855
2189 3867
9317 7583
388 6157
6162 9182
1384 1630
5462 6137
1385 3616
300 8694
9872 5434
3491 3630
6379 4288
9774 4603
5435 2515
820 9937
5983 182
3801 4135
4673 2665
7993 294
5199 9804
9845 9220
8011 5674
8483 5249
5281 5463
6528 3703
321 2147
3828 896
2083 927
593 8981
7466 7328
5076 4315
5684 5052
1587 3234
8711 7674
5020 9654
8911 3872
6213 4667
1408 6517
7556 888
1807 9717
-1
1347 3397
7589 3917
3678 8035
1814 8690
5766 98
3058 7894
1882 673
1006 1223
9271 2127
1957 6642
9525 7486
1020 7899
3286 4186
4276 7077
3899 2305
8691 5308
3006 5252
4294 56
6121 168
1035 1077
7758 1378
4014 7388
2901 7056
1988 3022
4496 1081
618 4874
4243 9424
1309 220
4127 9776
8326 7258
4550 4151
3492 5153
3772 4834
4690 2932
928 6999
6815 3059
3819 6692
571 4357
2170 6240
3025 3747
3011 4525
3702 805
1640 2843
956 2050
6320 3830
6759 3991
3600 8560
8857 1509
6068 1064
8466 2155
9171 812
4010 5192
9357 9113
6382 2188
4379 2816
5132 9533
66 3519
9880 3370
6744 2247
4063 2264
7302 5606
8114 2709
3901 2412
5574 8355
6754 2293
765 7256
114 2607
3992 1177
4046 3350
7851 8767
9564 6577
9389 2056
7607 4064
7787 6820
1691 2420
2255 322
8235 9362
5924 7746
8821 4517
4890 5311
8005 6902
55 376
8052 6897
1217 3593
4654 289
6497 4253
2470 9430
4607 3791
7165 2160
3955 4793
7888 4801
8716 8519
3800 2840
1816 4312
3532 1184
2601 7892
9812 8628
5853 5965
6924 2676
6227 8358
9814 9434
2957 3638
5939 803
2557 9882
491 3775
4513 6294
2945 113
3892 2738
8049 8048
3727 2479
8661 9573
2262 1685
4089 7211
5792 2435
3801 2852
1373 6051
5145 85
5574 7472
2974 5099
-1
5221 5328
9437 9181
6909 2561
6972 3281
1821 4859
2620 9833
2895 7219
9083 1990
3610 6557
4215 5827
8583 1121
5857 4752
8321 3716
7910 7479
589 7759
1942 3153
6201 7868
2154 2021
497 9252
7927 497
9 8615
9465 9502
2422 9891
727 4076
4000 4260
4952 965
3387 792
8108 4134
2033 3865
2158 3951
144 3377
9460 2158
5979 9148
7951 2487
9347 3060
7741 211
7280 5340
2935 2331
8173 2244
5211 8398
2401 1193
3558 9766
9064 2777
5917 2129
8695 152
3451 1192
8725 9908
4561 4308
4529 8585
1230 4859
7015 7010
2232 5514
6299 2858
2529 5425
7052 8996
3923 8978
6357 9263
6253 4110
2234 7954
600 3202
5513 4269
1646 2949
8921 4285
5194 9307
2350 2107
3027 7925
5261 7495
818 5545
8984 9314
4983 5649
422 8071
1592 8686
3361 3734
4372 2180
9725 259
9493 652
6309 1136
3393 8815
9525 1673
5238 3359
4899 1915
7526 6721
3114 6226
317 2032
2819 9415
2517 5820
1817 7284
7008 4644
4208 6385
7317 6783
278 202
1034 4879
11 3250
5213 8728
1771 2876
8721 3566
9905 900
5717 4315
8827 7224
9226 7115
6018 2156
2925 8425
5169 7064
3547 7486
2912 2799
1661 1994
4266 5863
6806 1376
7985 547
7428 3712
5431 5181
907 7260
6792 1843
9532 1711
4231 6223
6751 1453
9132 9022
3245 3483
3899 3655
7623 8751
8177 4965
7163 9141
127 7546
1724 1310
3786 453
2028 743
8712 9150
2031 3194
3611 8626
1167 3205
8222 1450
2350 6655
214 2409
6696 3204
7080 6917
1567 1205
845 8439
5457 5802
1519 7599
5540 2045
4893 3653
6051 6906
1505 8319
3026 7754
7144 7864
2461 7820
9228 6037
8873 5335
4624 5665
3230 2713
5885 9472
6883 5739
3231 180
9662 4226
9688 641
9140 445
6516 9562
5850 4388
2888 1838
8271 4402
3178 8245
2641 4984
7140 655
5409 8396
7122 1423
1135 3452
6831 6964
8463 2459
7459 4592
2491 6289
2913 7754
3099 3495
3353 1796
4805 2600
8571 3941
1533 8662
7388 2304
1302 1906
2020 9179
5180 3578
9451 4584
9381 1842
206 429
8972 310
404 8267
4227 1188
1295 1349
2521 5595
6693 6783
7935 5875
143 5421
3738 4740
3415 3073
467 124
9603 6372
5788 8054
3123 9696
756 1031
7125 8094
6849 7831
8118 1460
6496 4177
5330 8380
6664 1653
176 7982
4310 9990
6881 224
7155 9895
2742 1021
2221 3154
4963 502
522 7064
5403 7769
-1
4475 5347
8827 5704
4883 5400
7195 6426
8424 5515
2070 7886
6780 465
3089 2804
7534 1273
4565 3906
9200 5787
473 186
943 3218
6147 3536
9807 371
7427 9145
6440 625
5261 7995
7711 5432
1010 8561
1853 5184
8890 496
5468 4948
8179 3910
7162 7135
9884 3433
5858 7706
2325 3939
7081 2030
2754 6272
9912 4166
8110 3282
5259 107
5747 3693
5678 3395
8654 4918
8717 9754
5012 9671
673 9449
8141 6302
6251 2604
2472 1178
1827 7364
1663 6072
528 4397
9109 3115
1995 6790
3529 784
7799 686
7149 7904
3816 7814
663 6527
9301 9467
2901 4168
8526 4720
6263 9667
5560 4164
2849 4588
454 3674
1437 5037
2994 8211
1864 9921
3725 6343
9472 1630
1213 6262
6916 7370
9902 1836
5737 1553
9410 2269
8060 7470
5733 7952
7640 3361
1836 2283
8468 5484
1342 8181
4796 5414
5642 8338
7363 2244
9971 6493
3002 1453
7525 4982
8044 8789
4418 805
6600 5238
5070 7225
7606 959
4816 1522
7648 8419
5541 89
8192 8526
1870 174
6014 7969
7444 8023
5797 7239
7873 1208
339 7179
3238 2339
5287 6355
2245 7
5323 5617
8219 2865
4901 1960
3139 844
8601 3224
9907 5994
8510 3212
1076 1248
8466 4320
901 4545
1656 810
1573 858
7092 8251
335 5968
2149 8316
33 1333
1738 8651
3407 7230
8481 8185
1229 7234
9600 7059
6016 2198
1651 5800
9972 1112
557 4205
8605 7572
8365 824
3761 5644
2936 2686
3300 9155
8878 5276
4546 3177
301 6742
2540 5683
8630 1709
3103 8033
208 2653
5827 4468
2034 2420
8223 8962
1315 5399
1151 1719
4973 9516
3316 4422
1805 9154
1416 9771
5580 2023
2361 3385
9054 427
3995 7116
1750 8059
1690 1624
6004 6320
4061 1838
3742 9759
397 2924
1555 2104
2078 9737
9606 5575
8598 6974
4109 2910
1702 5161
1160 4722
2887 2234
199 7847
6508 3009
9374 3133
7348 2369
6311 9046
509 962
3276 8125
2712 3208
3756 7654
5077 3109
8333 6132
2120 9121
4595 5140
9018 8492
6945 1266
4720 2261
-1
9688 8349
682 8150
4198 4351
86 969
1782 9509
3291 6937
9091 8820
7818 7304
2959 5892
6687 7677
9736 200
2011 5230
496 492
7774 7214
2329 6990
6352 2482
7101 8564
1028 3252
4192 2181
9962 8007
7963 4837
4920 1582
212 7502
2760 9258
7468 1422
262 9302
6090 365
3626 4338
5953 863
9039 2091
4297 1527
5724 6959
4669 219
606 9471
8089 685
4387 5645
7200 2464
9519 6597
8151 2024
7368 2972
4563 6130
6338 946
1812 7123
3999 4420
8709 5309
4953 7291
5940 2623
1852 8475
2083 5461
1687 6439
6861 1877
1899 2235
5200 1274
632 1141
3654 1822
6799 9901
2216 2827
5545 1168
8945 6980
9031 925
6148 3627
5845 1723
7556 207
2455 3294
8328 9415
8515 433
8191 5220
6816 952
5655 2346
3425 9022
3652 4826
1957 6535
6347 9330
8148 6122
3103 4331
1532 3515
7689 9549
7080 1731
3352 5366
7480 1668
1572 6428
2438 1087
2784 9192
1559 7555
5442 2886
369 2853
1710 9474
4392 3926
216 4503
5182 1018
2232 6048
6869 1146
8418 138
4771 9229
8197 5304
6339 4786
6969 2691
7527 8667
8617 1570
3111 7143
799 5852
241 676
9383 7742
9861 9066
8795 2733
4711 3943
1011 412
5235 6805
808 4010
4482 7755
64 7484
5815 5253
6846 2070
1711 1886
7082 2015
4199 7207
4800 3870
6194 4451
2479 4805
149 3663
4570 8897
5646 5847
4510 6889
3835 9961
5599 6363
9507 4593
2845 8785
1915 7916
4239 579
9381 6135
3279 5932
4573 8684
9325 6681
6755 1617
3381 1374
5293 4507
3069 6164
7450 8413
-1
6541 5481
5429 6643
7633 1864
9973 8631
4370 4536
4980 3300
5443 4307
7044 4781
3625 5659
712 9607
4902 2986
7247 579
7577 6181
728 6915
9337 3357
7442 8774
961 5794
7920 624
9622 6388
1593 1529
2450 4768
7594 2377
4460 742
7521 3354
49 209
4050 9962
4026 2737
4030 2807
9062 9163
7777 5620
8863 9758
4163 2716
8620 3982
585 8340
5784 6807
2143 3207
3156 1326
4641 4465
7495 4896
8786 5148
9944 3821
9268 6537
4755 3390
1382 6611
8972 6367
2330 5102
5851 70
5967 6773
1673 9561
1227 269
9360 7614
2750 6153
9664 5256
2452 3830
8645 4898
7880 1459
151 659
864 3765
6419 1873
596 7914
7536 1671
7503 5569
6057 4161
2511 7326
2201 9174
4211 8929
4024 8296
761 7132
3439 6987
198 1444
590 3168
3935 8086
350 8659
7885 3105
7260 6383
2007 2340
3355 9318
5476 1309
137 7154
3996 3812
7261 6057
3425 8707
7171 1872
6108 4718
2638 1606
387 5903
9303 1051
5305 641
6615 8783
4552 4836
4231 7600
5845 8802
1568 572
7710 312
5251 9425
4987 5173
7743 9956
8019 7294
3898 8189
7440 6446
4825 419
11 4560
1201 3958
3870 7601
7007 5150
2638 4820
4100 2817
1093 5913
4258 6901
9160 6955
744 2336
7358 1866
3619 4597
9189 6318
3665 7003
6467 4892
8758 3634
1753 141
8409 2081
9654 4609
2809 4430
4822 1746
-1
1494 5406
5826 6092
603 7383
5001 7929
1633 8252
8708 8624
7282 251
7821 7640
3924 2161
3366 5626
3615 5069
3690 5024
205 2445
7079 4101
1223 6634
8967 6231
1138 188
7694 9027
7621 5805
8921 7277
7857 8894
9382 5236
6935 6018
9617 459
6690 2289
1344 6229
5037 3976
3142 8505
8906 471
9467 9647
7740 2565
4306 2060
3476 162
5779 1920
3915 5993
8173 4664
8882 8414
9760 5395
8813 3605
9886 3249
8566 6689
104 4817
8066 8424
8258 2783
7030 3266
5617 6567
7883 8443
2036 9838
4249 2097
9067 5334
6551 2613
8030 6753
5536 883
8150 185
356 8860
8135 3452
7585 1439
4972 2749
8123 705
2191 9146
170 3418
2431 3413
5981 5471
3489 7427
3768 76
4729 6883
3932 9496
9351 734
5291 3848
5254 2266
6256 2010
9356 9156
6574 9127
2534 1303
277 4699
8351 9820
4428 7533
4031 9511
2830 9801
5051 290
2012 3521
9553 1981
6357 2914
3052 9616
9911 1550
5455 2562
6546 8647
6115 4290
3181 2115
2214 2885
8233 2220
8741 9609
6813 3563
1572 4467
2594 1187
9253 4512
9705 7374
4154 8286
1493 5408
4115 9686
3279 7480
252 2395
1660 834
9425 8787
361 455
349 1876
8273 4339
2357 7725
2187 2689
948 5634
1133 8339
17 4685
3889 8660
378 1386
7826 7405
4856 7778
9704 1124
4348 126
6833 3456
811 9225
7391 66
1892 9231
1084 4943
8303 3613
5958 9223
6876 3350
6342 4548
8165 59
514 3788
8214 5981
4623 3648
3548 6988
2394 9211
4436 3483
8018 6653
5603 5804
9978 572
3958 3225
5341 5604
908 4842
5697 598
513 5821
9957 6172
4373 7193
2071 1993
4120 5433
63 5172
6696 442
7325 5500
2838 8622
6462 2887
5058 6139
8521 2442
5742 1451
6242 9736
9428 7432
5302 3306
1045 2610
1293 3071
3538 3507
9234 9797
3950 6954
2549 6800
7490 6045
5284 886
7880 2504
9235 9319
8454 4804
6506 3192
4249 2909
4080 5756
917 2523
2511 8388
8379 1029
6914 1356
9674 6353
1261 2048
4265 9826
238 9900
8048 7240
2552 6713
3079 2791
1397 866
1814 4283
4981 9002
4111 8945
1641 3837
2922 601
9709 4038
8694 3839
8110 8320
4207 9080
6687 4443
5711 9348
9447 2694
703 5519
7349 5191
6839 9309
1464 9982
6258 4894
8960 6925
2249 7862
5874 7923
4638 6196
4471 5808
8125 809
9710 2238
3461 2528
9500 4776
7531 8569
6923 3315
8645 9740
2067 8261
1657 9785
282 1360
141 7346
6676 4954
6015 7430
1561 1713
5408 7311
5618 5874
7824 1822
5774 9094
7266 5210
3316 8302
3327 2318
7918 3141
8307 9865
1440 1196
7617 6266
1845 8959
6648 8250
5933 255
7228 9632
8264 2789
7699 7482
2915 7146
8780 4174
6099 8611
9203 2579
6009 8836
1351 3100
8531 1749
7165 5520
9544 9854
2153 3972
9083 6683
842 4528
9329 2739
1271 4290
923 3129
3323 3076
9805 1191
4113 8685
3688 7973
2217 9407
3589 7650
7375 9700
5221 4560
7276 6762
862 2688
382 4184
6221 2119
286 1631
7687 6516
775 4862
633 5610
9183 8517
7014 1094
1914 5311
7002 9803
7283 7492
1023 5382
1569 377
3525 2360
9163 9436
8451 6316
3578 8771
2763 3434
2881 9470
9210 3378
7500 7686
5685 4612
6448 512
7154 6269
7161 8646
2272 4994
544 1804
6501 2692
4022 6278
6730 1498
4075 5553
7151 2273
754 7726
5259 8843
157 4153
2530 357
30 5440
4913 999
374 611
2711 68
1835 3707
470 1016
1877 8174
375 928
3116 9874
8382 4235
-1
-1
5853 7127
7821 311
7823 6767
777 2560
6220 8727
5978 2619
9560 4684
9143 6534
7533 9445
3180 1396
913 5148
2440 2563
1629 9382
9545 8166
8071 854
4156 7483
6116 7308
5481 3794
8421 5197
8558 9350
3932 6232
637 7055
6050 3038
8133 9151
600 3258
5909 6265
4727 7322
8208 7089
4522 5841
6668 6093
2114 3572
8065 3472
1855 6052
7998 1268
4884 6498
5726 1420
2214 1721
2897 939
1497 5914
5143 1740
970 3517
3528 7802
3743 1071
9665 2986
7316 5120
7396 8553
6767 1519
5778 8453
9771 7465
2414 82
9512 7009
-1
4711 1101
389 5453
6280 6336
1556 4408
1973 7074
638 1615
8395 6631
9320 8686
1577 4869
5064 7947
6373 65
4875 527
8464 7817
8006 6066
2004 9812
6450 3757
3296 9963
485 8438
2297 8372
4797 7839
960 9403
9577 9769
3156 4483
3743 9345
3494 964
525 4600
5697 5734
8908 8722
4757 6913
4926 8529
6618 8462
2175 5634
9414 9505
7065 3267
2213 2116
963 5756
8796 2911
5331 1035
811 9438
4391 4708
6352 6828
5826 6195
5336 9509
8806 2327
5061 2130
7287 7420
4085 7031
9191 8209
302 8930
3040 3826
1686 1697
1234 5961
8514 8329
8095 5015
1945 9120
8406 8290
6054 8252
7185 2824
2944 8456
6011 9528
4456 935
1628 5004
8824 6707
9822 3048
2532 6276
5613 2248
8244 5484
4925 8160
9896 1095
8724 9513
8081 2394
2785 7789
3610 4510
4261 2668
7670 695
1867 8254
2509 3460
1986 9313
1055 7350
2850 8283
6214 3546
3034 7547
4008 3503
6178 3861
6565 7865
7054 4543
2443 1085
1824 368
5339 2246
9027 328
6945 9601
6255 3973
5372 1986
8807 5431
8545 3448
6358 5204
902 7423
1132 1479
6067 6822
9217 1371
-1
7245 3275
5579 108
8012 8601
2660 9719
5495 5324
7223 5128
6629 2878
2417 8202
3219 6267
2594 8847
9236 9901
2486 8051
4867 6010
7714 873
8117 6718
971 8863
6220 2918
4496 4004
2251 4086
7478 4167
13 8860
853 9248
664 5648
5196 7698
5464 9798
716 780
6131 6993
8403 6544
9458 8736
9936 6085
4042 7573
5997 900
5154 3492
3965 9689
4892 7776
1103 4174
3136 100
3451 7006
5069 8487
1550 4686
8368 1850
6998 9036
3396 8371
6188 7584
2857 2090
5394 330
7293 4613
4190 8715
5654 2209
6400 6407
4581 9823
6252 9762
8342 4220
1484 4738
9048 3694
8211 962
2612 1840
9764 8637
2068 2311
1764 1670
1215 179
6490 523
3445 6119
1284 8872
5361 2049
6576 9439
5982 635
2221 196
797 6414
410 5137
5625 5969
1391 2825
120 7424
9378 8734
4604 1399
460 9355
9906 1647
5869 8990
9311 8830
575 7664
8756 2313
1028 6862
5278 5807
3779 4175
6424 1458
1407 8724
3701 1709
3105 2236
347 6347
1654 4261
6952 8167
9896 7029
1388 4246
4326 5749
8416 8248
6721 8288
8500 3982
2148 189
9397 1336
7020 4494
3471 1577
7314 7016
9370 8262
7022 1966
8920 393
5412 5081
8082 8856
4124 1658
5115 9469
5719 7212
8765 1505
7598 1142
2704 7507
4176 7656
8740 28
1541 7117
1862 4897
6307 4354
4303 390
1351 38
5289 8106
9627 2190
8499 5163
1076 8091
7096 1806
7541 2683
987 8838
577 6494
2273 1826
5296 7514
9633 7338
9498 9446
6191 5502
8597 789
2259 7136
6133 3891
926 2559
6899 8956
9261 4416
3240 2983
7448 3112
8334 2334
9387 5694
5049 1478
4039 9161
6459 2508
6810 7616
2152 102
5285 5829
4796 7724
516 4054
1810 3575
2372 5393
1925 3222
5764 9680
7697 8706
2872 6171
1554 2966
7171 9260
4854 3840
6996 1255
7382 4348
8210 5379
8896 4659
1123 1642
696 6135
8539 8771
5094 5419
5881 3419
191 391
4557 237
5873 9221
4927 4032
6872 5818
6691 5388
2793 4086
1730 3441
5781 8496
4472 1729
7952 6217
3671 4953
1380 9297
1591 5800
3012 1618
8994 833
4636 8305
5561 8429
6778 9731
1932 2647
5042 6984
6700 2233
3087 2137
2280 7845
1787 3134
203 3967
828 5802
2585 2204
9409 7313
5176 1848
6131 4863
1112 5023
2008 6228
4857 1221
5090 7753
6699 3991
9481 1311
2393 6398
4943 842
5693 4306
3418 1890
5079 7976
3736 6286
8908 2305
7032 3256
8723 7942
6878 5796
7887 7410
628 925
3512 6567
5851 3758
5612 5168
1379 2837
9045 7841
9937 6235
3421 2055
7062 3449
4739 1307
5214 6041
3638 4337
3302 2667
8384 4477
8469 7131
8053 4890
217 4388
7998 2178
8069 492
7241 1932
3911 3226
2723 6491
680 5404
1165 3596
6727 3482
2582 9600
4569 8876
-1
20 4949
3479 8993
729 3458
3630 7743
1489 1525
6731 7164
1735 6828
4824 2926
8372 1061
5868 2376
9554 7727
6411 6252
2898 4927
3322 5301
5264 3216
2540 6622
1409 8251
254 5324
9288 4218
3592 2721
7024 4695
7877 8505
2536 375
6222 1922
6309 8288
1857 6444
7324 4747
2543 1601
8730 5094
5691 9402
8083 2982
8309 4770
5551 9123
4063 2489
6867 2854
1507 3493
3255 343
5110 6109
3002 7895
5127 8940
2558 1813
-1
5071 3074
7004 8400
3960 9761
2586 1357
2119 9863
9028 3735
4787 6432
3240 9729
1944 6013
8474 5028
2668 7554
6558 559
3663 6071
9129 1933
4358 9743
7934 2475
1231 5209
1014 9050
7805 4036
9966 7915
4187 6965
4602 2393
9520 2256
6589 7892
6145 8831
4092 9908
1254 1442
9657 1281
8862 7903
1117 3428
6377 6243
5360 890
8440 3455
3744 1871
6355 889
5433 5281
9188 2313
2426 2164
2166 6542
1407 7094
2626 6879
4553 1144
2781 9751
4410 3027
6213 674
1514 8784
7647 9078
9412 6184
39 3685
8769 9418
-1
3888 5690
1718 312
9384 8610
6479 5416
7846 3428
9992 9605
6251 9003
3537 4613
300 8743
5449 7621
4328 5270
2870 6362
4928 8540
1767 5639
4386 3601
9770 989
3238 6784
2017 10
510 4412
3902 7571
6111 157
1837 3276
4466 4882
8116 6354
3 6937
2353 8745
4137 7850
7307 4000
6249 3196
4769 22
9029 6341
6113 8002
7402 6846
1781 9442
5391 4857
6695 9130
985 3459
5912 5741
2846 1343
1632 6708
905 5583
1991 5137
8395 4891
1310 5118
1478 3037
788 2398
2419 9098
2481 7720
6501 2810
2347 766
5740 6065
4409 9138
6702 6595
619 6408
1486 7047
3438 507
3450 7912
3659 4172
6935 5092
1231 7879
815 3254
8106 1970
3243 4520
3265 1590
9463 2956
5170 8458
8428 9504
6928 9806
5135 5071
6111 4829
9858 9764
2076 4945
352 7000
1306 3269
5678 6918
226 7561
7164 8904
1574 9874
5897 3444
4087 5863
4208 9940
4002 3912
8256 1093
5721 5831
9210 2909
4655 3274
8325 3729
9806 4262
914 5524
1205 7663
184 9144
4926 3996
5552 8272
3985 646
2658 1900
8151 1925
331 6503
3833 4871
4074 2509
4423 8189
3007 7198
4224 5019
1238 656
1471 3719
5597 3094
3564 363
1217 838
5034 3520
6608 1357
6539 5467
7924 5018
2040 7523
8780 8447
4533 9877
214 1270
4956 8460
1333 701
1417 93
642 4508
998 5897
8562 5980
2062 4974
8193 7367
4220 306
1802 7035
2218 7646
7516 110
140 400
2583 6809
553 8279
2522 2026
183 1728
4554 3093
9985 8618
1462 9315
6017 8617
3281 1852
1303 9979
7653 365
3416 3236
2834 3155
7222 6962
7328 8503
5714 1688
3297 4093
9926 6232
6075 195
9421 3204
792 1176
3468 4341
898 4145
4689 4442
4713 8275
3999 7303
6025 8756
6022 7560
9277 7126
4571 7474
4124 2499
8742 1323
1976 1119
201 1401
710 4863
3241 4441
9886 7937
82 6444
58 8778
9060 5020
6774 5611
9219 1353
8883 2286
2743 6163
8811 5696
6091 5381
1247 2374
8414 6234
6836 3029
5924 8907
7436 6190
6332 5374
3922 7748
6624 3206
1802 7438
1251 4669
8536 9870
8739 1413
3309 8513
6218 9406
9473 614
2710 7418
876 4500
7217 1467
1330 5772
6908 8477
1733 1423
8470 8639
8060 1369
1807 4073
237 2695
-1
1144 3254
7367 336
5442 464
6886 1721
8168 8025
84 8246
9096 8834
2726 5353
8120 7782
752 1714
7113 5616
7651 9117
4865 9405
7444 5833
2262 3166
1622 9878
463 1287
996 3796
4549 649
6647 5550
2776 8301
5322 1938
5538 931
7804 2241
8655 2059
4165 1289
8566 8734
2962 5732
9614 5348
3282 2009
6527 8174
5289 5268
9596 8755
561 2841
2844 8411
1236 7547
667 7791
6283 9061
1062 9757
9178 4074
1024 3774
7714 286
5885 7786
2261 2322
12 5746
8834 7167
7993 7026
1260 1361
1380 1337
3343 4323
4697 7844
1678 730
423 4930
9984 4842
3153 6123
9541 764
3468 8587
1772 4685
7986 1402
1912 2800
5055 6331
8829 3230
3330 3417
5424 355
9157 360
9853 2698
6738 1993
6754 6650
9945 2315
9121 5206
223 1365
5555 3064
8763 6346
9844 52
1012 1872
6610 6469
7145 8606
8154 6394
247 4200
7630 8669
7145 8058
8082 8852
5319 796
8422 4999
4434 9799
2130 9292
2808 1207
8986 1861
2868 8374
2011 1097
7168 95
7781 2163
4266 1565
5676 9672
4845 4267
2793 7159
8969 3706
1210 9949
3614 8788
9058 4577
4833 7573
7657 5026
8412 5089
514 7990
8377 4798
1030 4904
9225 3371
5734 3380
2663 6443
4328 1495
6481 1508
9602 2880
9537 7462
8796 5862
8638 1228
3366 8598
3962 8493
2562 4284
1778 1030
6244 9576
1320 3398
3513 2500
2526 1733
921 9456
6738 3140
5466 8575
6637 776
1896 5586
6217 7354
9290 40
652 1461
899 1352
2432 1678
1278 3261
2969 3803
2271 9036
1332 4407
7931 7204
595 9212
9719 2111
9489 7093
9535 9733
9348 7632
2893 7342
6645 6651
7271 4232
1757 54
6639 4071
2916 5810
2531 4726
3836 2644
5673 3181
2675 9838
3690 299
3387 3710
7157 2725
9125 1982
246 9345
1772 5391
3504 5423
5377 2379
3614 4673
1122 5771
3986 48
373 6371
950 1367
7751 1989
5758 4571
-1
-1
5828 5173
4536 5183
-1
7612 4740
5789 601
5473 6259
1799 8378
1417 9605
2734 4415
9583 227
973 8003
7270 769
6573 4097
7357 2407
4157 8530
5966 7290
272 4909
6218 344
9848 834
6193 2995
2765 8131
7857 6433
2585 2737
6751 3814
3494 4084
4487 500
258 9420
4694 9368
5049 7276
2333 6940
8842 4602
3491 4019
8323 3880
4731 1909
2603 8632
8813 3845
9697 8199
7114 9041
4820 1337
1706 9276
7896 3039
6513 7978
1989 6922
7757 3865
6601 6408
8204 4173
1965 9132
7552 2700
6891 2686
6634 43
8953 9433
9924 1500
809 4627
9125 8415
2756 6834
3020 8249
8520 9455
4005 7683
260 719
8930 5562
9977 8207
8476 7958
5883 6390
9690 7893
433 8324
3883 8633
8956 5307
5325 5367
2381 7347
3984 3785
2930 8444
5903 3477
5588 7104
7812 5787
6261 245
4067 6599
6206 4219
2115 3720
5794 1959
1598 781
3574 209
3659 5040
3628 8525
7849 9134
7752 2396
4633 2734
7537 4803
7143 6769
2226 6140
9794 5645
3805 2383
1506 3498
5463 6774
4975 6293
2237 574
8235 9067
1840 5348
5039 6795
5914 6729
4952 263
1338 2891
8961 5418
5343 5824
1607 5073
1211 1778
4578 2936
9055 7841
1953 5033
1966 6107
9006 4059
5119 243
3998 2836
6598 5752
6866 271
9714 6619
6582 1982
1468 8946
7287 5158
5558 2196
7555 8140
6019 8989
7956 5473
9828 5155
9033 7588
415 4171
1763 9927
8692 1513
8312 8280
4731 9921
6053 9239
3119 4159
8584 3179
1825 5178
1978 5926
2981 2597
4938 9930
5728 9580
5252 7719
5306 4027
7696 922
6805 6112
1907 8531
8822 992
1177 4188
2806 6958
333 8146
1317 9627
-1
6676 1313
1043 3457
9650 1873
4362 9752
8762 5622
8387 5480
6316 1099
2241 1990
6830 364
1599 8042
9092 4831
9715 9283
2629 1010
2052 5859
2541 1622
6775 6628
8195 8579
1911 6154
3420 4989
5516 1180
-1
5581 3785
9834 5171
8893 2047
7909 9342
4480 3514
1358 6536
6160 5317
9213 9885
5038 6758
6568 5078
1166 8429
7170 9673
-1
8988 5397
4969 6618
3749 2606
7369 1664
2164 8726
993 8868
4243 6336
156 8298
3769 9388
3233 1015
3141 4159
1462 4439
2281 3061
3158 490
7375 9344
7294 1032
1133 9412
1897 3627
9452 4931
8393 9617
2918 4950
3159 7082
7996 1335
5065 5795
70 2253
1659 4662
6954 2937
4158 9686
7805 2761
7380 9488
8639 8369
2548 973
4629 897
8784 2943
6802 6031
2762 5053
683 905
5738 5497
8405 284
6743 717
2919 5219
180 6959
1575 5917
9951 7076
5755 7183
8801 7772
5091 591
6630 4616
3383 6079
5925 714
2294 6995
152 9199
5183 6810
8165 7620
8966 4996
4283 9034
1104 9837
7959 8806
7872 7159
3047 6711
9240 6843
2659 4404
1652 521
3160 6641
8831 5517
5273 6976
832 7932
5174 6755
5298 6349
1100 2362
2987 8776
5980 980
1164 9379
6125 4908
4958 968
2718 9681
4119 8600
2821 122
508 7305
8313 6137
5791 6816
1402 9492
5373 6032
4494 499
7836 3950
3186 221
9712 1921
5690 5660
1349 9297
5149 8022
4578 3383
5900 3757
1252 9053
4327 4506
4029 9998
8777 8033
6451 6825
2939 3634
6369 672
7654 3742
2096 1
8007 2175
2611 7941
4478 3018
9452 1683
8022 9607
1918 4185
2132 5547
7900 3569
3826 9361
8814 6150
1022 8093
8006 6097
1291 5825
3122 41
980 2095
1774 2382
7481 2927
2037 4491
4009 7614
5059 3853
1490 9893
5451 9585
4843 3283
1154 1791
2727 7137
6752 2748
5635 3849
1239 7462
6227 7102
6720 9675
-1
5316 9850
1376 4845
8768 1209
6716 6578
9287 1013
7229 6894
1212 8328
2709 8560
8574 4195
2673 8381
3108 4900
6215 4108
5725 5483
5497 4653
688 9004
4078 7955
4178 8931
4196 3863
2512 2474
4446 4386
2483 4816
8427 2410
3401 3210
182 7703
1442 8757
2354 4706
1744 8767
916 9586
1763 6261
2992 8434
9881 763
6056 9137
9338 1581
2877 4597
6456 5868
8693 3895
7716 7723
2109 3029
8901 2693
7768 6509
1124 8868
7541 2881
6926 554
2995 1518
461 1991
8998 8987
1831 9999
4576 3541
9143 2515
540 25
-1
4620 7684
4541 8512
9217 887
7828 4396
9665 1325
-1
6779 4995
1600 7095
5181 1704
7836 6708
4640 1766
1456 5998
6649 8480
3360 7921
5804 8430
4230 6462
9476 2386
4160 5095
4562 9269
8728 2026
7628 8875
9268 7812
4458 7391
4384 2836
3259 6455
2077 8455
2210 2524
8570 4970
4656 3155
2320 9244
7169 5335
465 9406
8720 8611
8345 7231
6446 9293
6330 5966
7595 8628
8759 9876
8871 3621
1831 7806
7236 1334
5044 2173
9052 8547
3268 6062
546 9404
1077 6631
3818 4016
3788 4980
4582 6272
2462 7796
8333 5187
1276 4915
2123 4287
4935 5113
3213 9726
6658 7585
7965 2284
7738 4177
7285 1716
4858 920
597 2895
9174 9496
7530 3131
4757 9591
2635 1118
2555 4180
2588 4766
3063 4916
1299 2290
3367 2521
9576 7009
8428 7018
3570 9048
4505 7299
3904 848
8281 3251
9435 625
7641 3740
1504 4506
4639 5166
3700 1367
5452 5174
8976 3827
4986 9923
7817 3741
6569 6563
9813 6059
6080 3715
6028 9104
7399 6410
6222 7847
665 2502
7403 5017
892 1520
8937 6760
2653 5592
9258 1252
8916 3021
5813 9777
5372 2616
5989 97
5675 8407
2372 2717
1236 3406
5566 8084
1424 5727
647 407
4130 8137
4568 9281
3386 4667
3971 3594
1972 1760
7029 599
1168 9088
4129 627
6090 1964
2167 1009
9538 4198
8600 3672
562 9054
9742 5354
3587 3108
5027 3314
7639 526
9356 1259
8014 1183
1749 3609
1159 8991
6915 4704
6570 9118
3327 6467
970 4385
4031 229
5695 1514
9399 1564
4608 1321
8974 6243
5861 4933
147 8239
9936 2087
7055 5087
1488 4059
6648 6957
3315 5681
6640 429
968 6453
7437 7667
9064 2482
2421 1756
1317 4490
2182 3215
2250 9816
4245 6727
9466 9164
861 2276
2933 7940
8015 4343
8407 8913
9015 273
8785 3078
1734 2387
8132 6142
3954 7022
890 2447
9581 8149
3629 9981
7566 9938
6917 2896
6154 9359
7392 3552
5699 6544
8262 5034
1250 7794
6788 1603
7915 8885
541 6049
7923 2197
3396 9117
2349 9101
2014 5947
9290 1939
8743 1316
8435 5302
236 4968
2277 1618
8216 5152
1581 9670
8874 5030
9487 5613
6159 5121
1963 1736
1949 6633
3945 4120
8156 3855
9569 8895
1090 6730
151 3443
7995 6040
5910 9429
2490 8232
6739 9066
8500 631
537 8326
4394 913
8076 5846
9340 738
8380 1918
1139 6857
2529 7322
8919 6938
4628 3299
2125 2743
7735 6741
1005 3161
4872 4295
8703 487
3189 1782
5576 9960
4143 1849
4456 7016
4309 9842
9227 4526
7944 4679
9855 158
5356 8053
7684 1490
6500 1080
9976 1439
2987 8939
193 933
1041 2003
7619 1676
239 2910
5313 7405
7832 2469
5656 8666
5761 9038
2086 616
4814 2478
3952 3989
8215 6078
3036 3198
7700 7796
6750 4072
8099 4331
94 2193
5192 1602
753 4760
4142 5529
9364 2859
8925 2139
9335 4358
9816 4733
392 5247
4048 5833
683 9230
1130 5623
7453 117
8242 4693
713 7655
4221 8401
2991 9786
1551 4232
806 3131
1158 3882
2435 7127
6756 9230
2356 6418
1775 4019
8433 8841
643 9068
6659 6486
5556 3711
7374 2112
982 2102
8550 6546
3938 2228
7680 5679
1234 7544
2062 9539
132 5525
8122 1120
1475 3512
1554 9416
8992 2053
519 3239
9853 8961
7587 9463
4663 824
5437 6502
8637 5567
5712 8341
1232 3970
6923 8677
9288 8634
-1
2429 6177
2516 1727
3937 9820
9256 6319
7637 1474
5266 9841
7582 8528
786 9079
4751 4886
3959 590
6777 3092
2208 7237
9186 5456
3062 985
1938 1537
6714 915
6081 7549
4861 7255
5315 9514
7446 2729
235 1454
2532 5865
2672 4625
366 8690
6406 8306
2985 5758
779 8702
8957 8833
1195 9151
3372 9870
8172 8942
7795 8970
6315 7945
1792 5056
8812 4794
7216 7855
9535 6266
4878 9336
4 5615
2786 309
4521 7170
2101 9016
954 3903
2693 7764
9580 785
802 9685
5409 7119
9171 7360
6049 3035
7259 509
2250 6035
7548 2439
1998 6950
2492 5759
5140 7441
6416 5383
2587 2187
9236 9701
6947 6965
1277 7421
7515 5219
9529 9386
9107 246
4314 9935
827 1212
1480 3143
9644 2754
704 7507
2174 2947
5117 5974
3201 2248
6186 5274
8461 215
8799 5151
7033 2816
8389 1732
1434 5347
4768 8586
6709 8120
5436 3249
7715 17
9361 5320
6858 1067
4744 6853
9371 164
-1
5189 4055
7355 8359
723 3975
2506 2478
6607 4237
9279 6983
7981 229
8599 3603
345 8004
3561 1023
8024 4043
3586 797
8121 4774
5971 8627
267 6356
288 4929
1547 1460
8047 1937
3331 6672
9202 2628
7862 4485
8536 3678
367 4017
1264 1137
1874 3647
7493 3472
3025 5735
1769 2108
3371 5824
1385 6326
9677 9642
6277 6977
449 7036
2835 9108
4680 8083
7690 5386
2351 2069
4532 8866
2428 6895
4915 663
2592 2402
9006 3733
1222 3891
6026 2074
4710 6829
3685 7910
5879 996
4390 7676
4979 166
2892 581
680 874
165 1510
6493 3738
3651 5670
2299 7414
8676 8597
4646 8899
3781 8182
1304 6385
4872 7309
6652 284
3525 1156
723 4896
3050 6436
5306 8361
7265 7661
6114 5822
9707 9890
530 5133
3405 7030
1031 6543
4528 9499
27 8221
8912 9612
8763 1107
79 4920
489 1917
3871 6981
6065 3794
1590 9516
5979 3814
7227 4775
8175 225
1513 2339
5505 4940
3771 9391
9630 3540
42 1756
6230 7178
9643 4478
1465 7802
-1
1596 8880
4197 6423
5811 583
8224 6784
4138 8851
4179 5199
3382 4993
5479 7298
1758 7890
4495 3506
4562 212
784 3844
7376 376
1626 8385
1726 3875
4032 3759
5535 5847
755 8879
6133 6427
7780 9394
1315 7232
2257 1388
8854 5226
2403 4359
9593 405
6500 4082
7133 2160
8467 9555
3164 7933
3532 4606
1969 7215
3016 916
3798 8066
7782 9925
637 7104
5841 6670
5812 1449
3303 3487
4813 5864
3382 6855
5078 1757
8567 2099
4606 8295
216 2238
7319 425
7339 2794
2494 2058
6770 4387
6226 9562
6211 8255
9126 5084
6288 3986
244 4070
7320 5867
1928 9613
3459 1878
1353 6614
7953 7205
7406 4697
4398 9482
783 1567
3662 7036
9357 7053
8114 733
5128 1691
2285 2224
7428 6726
28 9326
3612 8674
3305 2401
5522 8435
2399 2967
345 4639
4553 8819
6009 6270
4827 379
2551 2862
4258 6184
460 6734
5491 7113
2758 9871
1370 8073
2900 3243
2566 9105
2389 1686
7529 9746
8857 1272
2590 7407
995 9638
9313 541
8128 413
8036 7408
7604 9724
7161 6541
8642 5236
5353 4349
5727 4767
2788 9441
488 3646
5972 981
2388 881
6080 5485
1720 4413
4541 6429
7539 4643
2272 4965
3570 5955
1474 125
9547 3100
3672 8078
8926 5886
7289 6284
69 3987
8590 6230
4542 9058
6963 1961
3832 1198
2113 1343
556 8397
6645 4785
7712 3658
6349 6814
7176 6880
54 6174
8702 6013
8490 2043
9401 7094
9 5179
6158 7570
948 6573
5653 357
5953 8581
7644 5101
3286 1625
566 4591
3344 522
213 368
5193 9952
5876 2545
8084 2173
2961 7919
5683 9661
239 4410
1362 6556
3065 3631
339 8366
7979 7296
3138 5528
1138 7866
1094 7600
8144 2080
1623 7628
4325 9138
4020 9249
7962 8745
8039 3706
1603 483
9775 2829
9781 2779
8683 9113
2802 1433
1800 7454
9788 5212
3455 4977
295 1248
4411 379
4983 4756
9446 1760
5650 4831
6407 9438
2847 6235
2028 154
8909 9567
1449 4687
8963 7759
1431 4713
4594 8039
8436 4115
8042 4631
8178 3859
7491 3161
2018 9804
9252 26
9801 4009
8989 3592
2492 3046
7911 1178
5161 8642
9366 9192
1432 8715
5013 2620
2416 9103
6264 3424
6832 4210
3201 5474
8256 7519
8375 7475
9341 190
2573 4100
5597 2287
5649 5470
5085 5909
7490 2595
4591 7940
265 9542
3288 121
3102 7158
1096 8401
505 4217
4504 4780
4237 1162
6931 6478
2458 3469
1350 5680
6983 9757
1499 9598
949 1419
4522 2751
3962 4007
2731 3217
6170 5017
-1
1185 4180
4939 750
953 517
3930 2624
9466 7044
709 7800
5123 7417
2296 4350
5441 1501
1036 2136
177 7596
3004 3618
8370 9685
578 7056
2522 6887
4633 9239
1300 6396
7814 1186
7679 7611
7750 9862
4429 9526
3065 7572
5932 5644
2306 2615
163 9099
1292 720
4903 5207
7392 3534
7321 6256
814 9568
401 2655
1694 3798
317 5512
2867 8933
4551 1571
7413 2977
2490 5610
4998 4057
3581 7535
5333 761
5399 8157
106 8011
977 3748
8464 8418
6913 4129
3310 3861
6988 7542
9889 7409
2226 5799
1235 2765
9012 4259
986 1879
8791 1787
9943 8329
5777 6746
3526 4425
363 9346
7024 9364
6025 8841
1059 8437
7899 6312
7289 6591
9618 2332
2465 1789
4005 8755
116 1931
7666 3247
4715 3719
9906 3752
774 3186
3864 8335
6248 2468
6161 4978
8942 5799
2292 445
5918 9741
3304 1713
9563 9243
4969 7688
3307 7629
133 1534
3556 448
9131 6374
7220 7966
71 8752
4864 9933
2363 4227
3000 5763
1487 446
427 1272
1000 145
974 1105
4512 1083
4498 2307
8514 6572
2417 7314
8933 7046
6554 5511
6773 6031
1285 7785
958 1954
2714 836
3429 3760
266 2303
6295 8034
8524 6982
8913 4903
2429 7610
6587 9340
8894 3621
643 8943
1421 7538
566 6566
6711 4146
4451 1761
5141 2450
9396 7190
476 821
6305 2500
3200 1648
9645 8817
4906 3389
2046 5117
8497 4526
424 3222
5249 4280
5025 329
1692 8867
3252 2766
-1
9621 6654
9049 2884
1269 2321
6192 2432
8644 5096
7921 2598
4314 2031
1328 1098
9578 5773
1833 5507
-1
5894 595
700 4840
8233 8565
8460 6138
7218 8938
9365 4895
469 5689
5143 9417
3779 4899
3474 608
1613 8787
4837 9100
1904 1253
4996 6129
5070 8467
4092 3909
645 5746
4448 6678
8254 5766
5702 5918
6842 7597
7962 3604
2240 7567
1664 6187
2166 6811
9869 2670
7085 3352
301 2788
6260 2519
2551 9873
1699 503
2893 2101
955 4688
2773 7257
6827 9621
7202 347
6430 7464
3817 876
30 9822
8981 6680
5671 984
3388 5957
5370 7023
9894 1312
7577 734
8062 6466
7158 2741
2460 7230
7592 8498
2338 158
7243 6694
2304 4043
6113 2870
6519 5021
6010 9712
5009 435
1972 1788
129 3552
9293 5899
3136 6325
7583 5075
5985 934
1278 6066
9733 9331
524 7690
5930 1890
1841 8596
6796 5045
167 6514
1702 5561
-1
328 2989
5751 3055
5344 9945
1281 5275
6391 3936
5775 9334
2436 8844
9860 6482
486 7054
4939 1914
4204 5832
3260 895
4340 5453
7641 4
8701 2979
2079 5952
3598 5923
1105 1147
8450 2076
860 1171
7051 8591
7730 6950
8537 7645
7183 6690
373 9980
5891 2652
8915 8067
5233 3504
5860 3815
4299 2439
2546 5544
3632 3844
3711 2065
782 3668
8166 5402
5940 7557
6497 1929
2949 3015
6306 5838
6475 9948
9090 9726
310 6465
1265 5374
392 1001
5631 804
3479 539
6821 9592
8255 1697
4116 9271
547 7589
9911 6033
4330 6765
2292 2560
2853 3376
2569 5369
6420 5458
5496 9393
972 3750
6718 9419
9985 6817
2657 944
9008 4401
8509 5291
9432 9900
9890 7989
3727 8697
6630 6868
4216 7709
4109 1958
9477 8680
6506 2782
3467 1919
1427 1910
2263 9527
2898 9341
3565 1249
5198 3488
407 1538
6410 976
1977 9748
6034 7111
5923 639
2138 8134
5596 515
1480 1933
1671 2729
2742 840
2953 6653
8975 7261
4034 8038
-1
3408 8578
5074 4851
4581 1418
9082 8426
9815 5380
8895 6771
257 8875
902 2699
3009 8402
937 9322
3341 1389
6875 4040
2091 7451
7545 5605
1928 1014
7733 8893
6389 4241
383 3067
5478 4946
3769 3912
1469 201
3696 6823
1779 2239
4808 1359
2636 8009
7272 8131
9606 1256
8308 3602
9059 3530
7135 3591
5929 9322
794 7365
6492 6304
831 827
648 3144
8704 6813
875 9115
668 2997
4539 7452
4746 874
795 4322
1302 5856
765 8557
8809 6268
2660 2597
9413 6088
4420 2249
5104 5277
5209 9916
594 6547
8293 5257
7512 3084
1905 8345
3633 6273
9264 8554
1767 8279
4715 4443
2015 8964
2280 2106
4803 2899
6975 5852
466 3385
1530 4316
-1
6454 9047
426 353
531 9698
8847 5351
3071 6617
7069 2485
8284 3778
2327 586
1735 2256
3606 9377
9221 9827
1866 457
4662 3980
6242 8742
8951 8616
955 8394
5948 5722
4041 6019
5410 4289
1979 2211
8388 1644
5633 9046
9630 6174
4962 4212
7580 408
2763 7197
6104 9280
6719 7360
8205 8089
8733 5605
196 3709
6536 1700
7561 6856
4636 7594
8810 654
646 7310
7253 2790
6399 3561
7638 1635
8571 4866
2029 8231
4457 6395
1287 6703
2371 7247
5189 5217
5327 8035
8749 3703
9019 697
9336 6180
2271 6837
9383 2024
1175 3691
5781 7685
859 8457
4369 488
8239 7815
8366 466
7647 8339
4411 5499
4041 8013
7208 938
5458 3906
7071 9146
9294 4593
2087 8849
3193 7718
8710 2844
7041 5710
8381 8334
1996 8899
9040 9198
9486 29
4934 7920
296 8537
7445 1199
1939 2831
5559 4313
6168 7522
2780 9762
9180 3290
3152 548
988 4773
3055 9787
3946 6259
8687 2845
4764 8649
1410 634
9478 3981
978 7868
3097 3192
8510 2861
8882 6797
1731 6652
1257 7543
4142 5739
3332 4797
8141 6103
228 4551
846 8729
829 46
279 7286
3535 3191
9681 7425
884 1152
2374 2972
7432 9610
9392 9432
5872 2996
3013 4045
1997 7531
6000 7058
5608 4888
3301 2629
4508 3175
1375 8223
5775 9338
8489 5544
7115 4049
4449 1794
6745 5619
552 3510
3287 1046
5594 9196
2823 6826
3809 745
1795 8939
7239 1350
8447 1885
9459 2278
4376 5999
2338 5844
6953 5015
8210 7206
5957 4580
2030 3714
5307 3365
7191 2602
9629 1164
1552 439
9454 2310
9524 7025
6023 6941
3915 7948
6061 4887
9986 2064
6326 2799
5492 7676
1538 9699
9579 7105
223 3164
327 4118
3908 2753
5142 4501
2838 8315
771 9524
4569 6335
8224 1951
8794 2767
3346 9537
2498 6127
2662 9154
3118 7487
2161 1558
8320 947
5696 6091
5970 2476
2186 8073
2237 9649
7611 1419
8056 5648
3687 2988
5385 5809
4381 3963
3278 8569
7765 8340
4951 7671
8203 6197
1975 8383
8378 9626
4030 2290
630 5114
1585 250
5215 5250
7660 9076
588 226
7071 8028
4976 6734
8507 6058
1684 5280
9879 9790
6735 5489
4678 6293
3306 3857
7267 5007
6761 9663
4724 8364
6274 1283
6514 2136
513 6875
2243 7199
6758 5646
698 148
4832 7517
3191 6962
543 194
6870 2705
9830 1073
2510 2942
5141 2324
5784 2665
3289 9215
8733 6128
708 4652
2922 2627
2254 1777
1790 7707
5146 568
3419 4737
3544 1750
9837 6523
3006 7854
7021 6978
5822 1865
7852 7810
2082 6033
6688 7067
5113 7187
4088 6991
1844 5043
3568 3278
2022 8518
8683 8698
3523 7482
178 7620
644 2513
1818 5813
5908 3922
732 4763
6314 9748
4385 9867
6602 5578
4028 4798
1297 3081
4280 4455
611 9181
41 7066
529 7273
2283 7756
9679 9308
6819 4206
3754 5951
752 559
5632 8347
8705 6666
8744 6898
8732 4474
9468 2611
4300 4395
3318 2624
2133 7345
4055 4251
1863 4002
7106 2358
7827 9092
531 2955
587 1312
2657 1430
7408 3139
4746 3343
1057 3676
5251 165
2344 2690
9091 853
7566 1737
6613 416
4434 8317
10 906
2046 1192
5215 2243
8240 8206
6082 9232
5459 2802
654 517
9000 609
3886 2276
4106 3767
2920 7083
1002 2822
8100 5234
5637 2664
6315 9479
5542 9965
7192 3565
-1
105 7941
6723 8549
2137 2073
1240 675
2831 6311
1771 8622
3715 2323
7382 2902
1086 6142
190 293
8840 4205
6949 1364
5530 8656
2418 5234
9300 1832
5378 8183
8943 9233
8305 1515
7732 4294
6531 2194
2107 4264
4559 4336
1707 9971
1888 7980
2267 823
2634 6095
8845 708
1308 6615
19 753
5270 5095
2279 6885
7034 4062
7825 658
6712 5752
4691 1029
1430 2819
276 415
184 9029
3772 9069
1820 5621
1547 1830
6638 532
2033 8413
8109 8668
679 5751
9728 9156
7379 9279
9494 3412
9193 2536
9435 8283
4286 4248
5260 426
2549 293
5478 2377
8327 7461
4006 5365
2637 8250
3023 6182
3656 9222
3746 9368
6106 506
2578 9255
4435 2797
7731 7625
4475 2328
1739 5108
2471 8214
6121 1087
6682 908
9796 2766
7400 4102
43 1811
2085 50
3631 171
8546 9772
995 1162
6168 564
7196 8044
2869 1340
7091 3202
3600 1372
9779 2
8230 2448
525 9216
3334 1256
9306 7718
2433 9188
7313 7575
384 9876
8816 1975
9727 9042
7994 6269
3953 5164
8317 6932
6899 6296
8085 3764
6063 7673
4062 7732
5023 4457
8136 145
7449 6868
4775 8994
912 1194
4029 6489
6469 1799
6351 1522
9142 8430
6609 4583
5002 6912
6571 6986
2927 1665
3229 7141
7184 6258
4126 4598
1311 5379
2361 2980
3447 5011
6920 2678
4141 2718
692 3284
6062 4481
7898 8448
4075 6012
1377 9590
9782 2570
9723 889
2900 3367
7884 8985
8070 8344
1491 3858
9517 4272
2318 2495
9857 1619
8897 6778
9849 6729
5112 4893
9631 6029
103 1378
6207 6746
7904 5210
691 6584
4839 4274
9352 420
7779 726
5074 9632
9800 2663
4533 4204
7590 9304
3956 3864
4189 9568
7663 1916
1985 1314
335 1635
291 1540
7671 7906
3263 2162
5638 8936
9495 423
8681 2343
5160 440
3478 5585
7689 9469
6393 3177
8968 2242
8200 7084
6209 7124
7876 503
3620 2977
5106 2194
6724 7321
5911 6485
9411 941
8880 6817
404 6289
303 8527
7816 6176
791 731
7439 2667
3049 5899
8359 8154
6322 4069
4366 8889
1784 5643
5563 2312
4706 3689
8713 4680
9591 5805
2603 4850
9894 9351
3106 7112
5097 693
4078 8136
23 9282
6736 7552
7970 8714
9732 8839
4535 2614
2930 7063
9122 4975
4073 7837
7826 1060
1808 3402
9634 1175
4621 261
3846 5585
7687 4098
7950 6548
8361 3695
6017 4788
7201 8779
5490 1214
5759 720
2384 6834
9002 3641
8832 2524
7412 5611
5447 5224
4440 5081
474 7519
7494 9201
5279 7944
5976 2917
5866 1099
7596 3538
5977 3957
6934 5019
1952 6677
-1
6825 4800
800 8478
1129 9457
7716 5310
1445 4419
5177 4305
2843 8522
1805 4289
3944 1669
4020 6596
4994 4141
4391 6657
8836 6847
7175 283
5018 9931
7111 4605
2577 7281
1 1075
384 6144
4342 8738
4196 4531
5420 3554
9809 8614
1557 926
7372 9989
605 87
6239 7121
1936 9243
5623 3448
1639 6607
4143 421
2084 5856
1345 2390
3360 227
2850 5762
707 3732
860 9676
1594 826
5641 6960
7675 6656
5507 9738
5627 9012
2888 1694
3280 5312
1481 8519
9038 6042
2218 7949
5984 6787
1985 8825
8074 5330
5039 5718
6529 7102
1998 3701
9422 7798
3043 2833
2451 7576
206 7305
4579 1525
8963 7072
3796 9013
358 4681
1700 9831
-1
4962 4470
7395 3458
6790 1081
6939 1647
4874 1346
1190 7992
1070 1922
9147 268
83 5413
7005 3940
8792 7581
5906 5153
1971 5554
7810 3041
2396 7790
8063 4712
9950 8729
5990 8002
3209 7097
3884 4596
2541 6845
3227 7398
7745 4500
9963 8885
2503 7223
5675 6404
3217 8180
1531 6089
7465 9934
7954 3505
2851 280
6274 6992
6254 7838
9127 712
7624 2200
3414 5515
7344 3104
1912 4900
9637 150
1131 5783
1387 5959
5971 9301
1935 1520
1645 1434
9437 7882
4444 6731
4801 199
5041 9893
2141 9753
3827 9852
2460 5171
6278 4682
-1
8 1607
7549 3498
7142 3413
1926 3220
5075 4162
1221 8679
5301 7226
2315 3051
5031 4461
9811 4293
-1
3432 2386
8072 2405
8723 9717
128 4455
5086 4632
6997 2542
7126 5685
9530 1994
8298 136
3786 9129
7249 4585
2448 1775
4990 9939
7618 9097
6626 4540
4293 8641
2783 9316
5486 5285
7889 1086
1847 2582
9903 9756
1714 6836
8444 2035
8054 1149
9111 7581
443 474
669 567
967 4167
9506 4682
-1
7282 2227
3187 1672
5004 8338
1745 7150
8045 369
4917 592
7674 2302
1637 7673
4844 7685
9564 6421
688 5262
2948 2923
9205 5444
801 142
475 9582
4717 7018
6472 4184
6845 5127
7429 4203
4139 325
7902 927
9017 8610
2481 6003
3391 1827
3797 2423
7819 2325
8950 6201
879 5134
8647 7227
5162 2533
1855 1387
9262 3924
8772 4705
4433 5394
4564 4823
3258 3617
2365 3546
5662 178
9123 7347
2058 8217
2229 8634
7162 5641
7251 5558
8092 3373
9417 9728
88 1860
6699 1009
5312 315
2198 4103
2254 5480
159 5246
2005 1292
5172 8751
432 4914
7982 1924
7649 1598
9747 6378
3430 5159
6927 3020
9310 2761
3091 9878
5946 5053
9423 8793
758 3853
6327 9376
4779 7461
5807 3869
7280 5359
5889 9349
9570 7281
1979 6418
5673 1565
450 4655
421 4479
-1
4057 9367
1065 8013
2342 548
2029 2931
8344 2457
7087 4702
2662 849
8026 7008
5464 7203
6986 2025
7546 8993
7542 9025
1869 7298
1038 9110
7420 2700
3368 2599
9934 340
8603 3326
6588 3471
5109 3251
38 2390
5185 3270
6603 5747
6344 3516
9589 685
9081 3415
2467 3803
5158 9773
93 6502
5360 4453
8449 8563
9254 8777
9948 2555
382 390
22 1189
3197 4132
4603 6831
1451 3887
7484 2571
4179 1108
6592 3892
1655 8369
44 5937
987 8391
1512 6203
9664 192
5715 5929
4242 7330
1492 8731
6400 8504
3588 4463
9111 2387
3808 5858
9256 4147
8122 2554
7866 1889
5842 6977
3760 3083
3777 7166
7349 9846
2576 1222
8568 1197
7377 9857
383 7173
8623 3497
6457 5671
4898 434
9795 6061
1728 4215
840 661
287 9989
7028 9145
5331 2298
5314 3308
1110 1927
2376 8069
1208 546
6412 534
485 7198
7786 8692
7658 9126
8915 3661
2906 6169
8138 5223
3285 7151
7693 1751
8760 7476
5870 565
5842 9867
8732 7733
3920 1530
3072 5073
1610 4040
3151 6073
575 7344
2052 5506
4440 6376
7595 7668
8129 1955
8862 1314
9557 2997
923 553
3721 6322
4614 7933
4645 8671
1881 5959
6365 4647
9324 3961
4079 4743
5591 7180
4126 1307
2543 7352
1732 9584
6786 8217
6928 6576
653 3443
1257 2127
3763 802
2804 2354
8764 2172
8452 6386
4127 487
4811 2449
4034 220
-1
3784 3622
951 5944
5222 1950
993 6185
5449 9344
3684 9051
8019 7700
6636 702
7824 4163
9370 3444
3822 5304
4657 9620
4405 3567
483 6024
3599 1157
9769 850
1595 9556
3115 4276
9766 9084
9695 85
7626 2705
8420 5973
3038 9660
8384 6054
-1
1956 8502
297 436
8525 3140
8625 4717
2565 2245
6851 7421
1884 2038
562 9026
6340 4725
1294 3660
8488 9563
3783 9176
7006 8167
7000 389
9284 4736
4176 6675
3869 4429
176 6584
2036 1698
8065 6854
9776 194
8409 4058
3876 3485
5582 2412
3048 8221
7553 3166
2675 689
8161 3585
883 1140
5533 4814
9149 3231
6594 4809
649 6275
8029 4696
8823 1679
623 6290
8389 2542
8332 8649
1102 5589
4719 1166
5825 9377
1795 6498
1529 2000
1095 4520
1634 1218
6919 6386
490 1329
2539 9579
5350 1016
5682 9105
7822 1996
631 991
5530 8079
8376 7401
1701 6588
5779 6447
7200 9485
395 9687
4567 2983
1828 7075
4620 5844
2771 1689
4077 7681
7964 2727
8646 8067
1294 4012
869 5047
6157 7078
-1
5271 4238
1220 5050
6145 4473
7976 1797
1226 2688
8350 4830
6838 1940
9742 855
4113 72
2728 5139
4394 7262
7576 8426
1553 1132
5457 5490
2364 7858
7140 2919
5788 1708
9327 9541
3080 8983
3666 9242
5668 434
6027 6946
5984 6468
3011 5349
1308 705
5771 620
2057 7665
757 7691
4885 5600
7242 3729
9074 4407
6477 1241
8491 9372
6412 8524
6990 9559
6426 835
5089 2973
5718 7568
8268 468
5400 9339
3985 3856
4586 5910
7679 9740
544 8541
9797 6803
4878 4421
7535 494
7269 8746
5083 3314
6249 8719
2206 1780
144 2745
4084 2715
2691 1005
3607 5118
7740 9128
1313 2053
1055 9485
7148 4702
6952 9582
1154 9518
6323 8057
5622 326
9622 757
7189 3680
7369 1690
3656 9086
4139 7965
2984 5105
7186 7936
5205 8257
6474 3575
8658 651
8146 3782
5106 7017
5946 2215
3466 7779
2929 6458
5479 1958
2231 8278
9975 7404
6415 3042
1870 8115
3319 8090
6548 9875
2144 7459
6824 6679
6375 6616
1391 7709
6826 359
7984 4646
4275 6346
2978 4058
7416 150
8670 7675
9015 2991
6027 9656
8511 2897
8490 1726
9508 3049
8135 1280
8085 2159
6798 7949
464 9920
630 1963
2962 9042
7788 3228
9473 6550
2493 5265
3167 5164
9811 3854
3273 1127
2630 6559
3519 4246
170 3790
1304 3931
3840 4947
5157 8445
262 5764
7832 107
8608 4954
7953 1049
4454 4879
6156 9353
9637 5686
2442 8585
2782 8819
6187 3795
6889 8318
2484 4818
9182 5419
9201 1052
4053 7179
5362 8547
7793 1983
9080 4427
5878 6591
7524 9114
4083 2828
2147 21
8299 5834
9538 108
8087 3068
5532 7981
7177 280
9808 3060
1696 489
9623 7865
2872 5203
3919 610
-1
839 7537
-1
6102 4509
9008 813
5504 8269
3480 5619
7 7850
4807 6021
8770 469
4153 6762
6461 6583
5188 173
3770 6526
5593 788
8268 7297
2924 4608
1803 1509
1078 3687
3670 3940
7378 657
9369 1518
4883 119
3572 2180
4317 6095
7243 6620
2265 1594
9168 472
8441 3795
7695 193
606 241
7701 3304
6675 9595
3190 1011
4278 5956
3151 5100
7886 4640
5985 7244
4353 1293
5067 1725
8533 4745
4272 5793
334 5051
8844 8145
7691 23
2235 5445
2866 5149
878 9480
3030 6610
5591 2654
1776 2699
6053 6512
8300 5079
7571 2433
4559 844
8188 2320
1237 2421
8605 5893
8263 2889
7087 5818
9636 5947
463 4182
1068 6835
5699 9777
2025 6848
990 8050
156 3173
8538 2185
1893 4924
8699 8315
3394 4477
3328 994
7816 9228
9324 5237
7434 1115
8284 745
7619 422
930 1159
1779 3465
8904 1243
1980 7117
5674 1667
167 8370
6840 8613
4744 81
5021 6662
9763 2132
481 8119
6911 4747
1921 3622
7562 5318
9960 5763
8126 739
5151 9208
337 3637
1575 9653
1589 9295
6583 2081
298 7791
9259 8542
2807 5003
6303 6663
1909 6776
9826 9135
3417 5748
1947 7233
8228 2375
9493 5765
5711 8123
7747 6004
1977 4146
5687 5647
5881 2640
4649 7424
7851 9910
6100 4806
9793 6342
1722 8754
9032 5750
3708 2260
8112 8193
8094 603
710 4856
617 1003
8232 5327
4554 3914
5504 8565
4209 8848
2825 5907
6073 3997
1798 5588
8792 2673
4992 2075
660 7073
1816 7766
3666 5712
9176 9832
495 4130
1517 6163
8706 142
84 224
5572 3430
5072 4530
1392 4942
8101 7970
3593 2876
3221 739
1441 851
1008 3823
8472 6156
812 2796
9720 80
3626 7341
5631 5228
175 5220
4114 2848
2666 7291
1331 4683
7914 420
3170 8636
3121 4938
3767 4119
3649 6722
8661 2755
9912 396
6818 1224
4087 6034
1486 8808
5848 3303
348 1069
4749 5202
6822 403
5241 3287
7627 4913
5992 72
8225 1363
8479 2966
2537 6763
1705 1401
1134 5241
1412 1361
7649 6590
994 7879
3490 2480
6094 4422
1780 5036
3057 3756
9693 6562
1155 4090
3129 3331
560 9001
3269 7397
9975 9503
2182 7457
670 4050
655 7975
5521 7991
4273 8061
6035 9103
4509 9280
1198 9491
1394 8107
8142 8935
569 4928
2635 9169
951 9073
9427 1561
9189 3624
6076 1235
6853 9265
3346 6126
8735 1742
6963 604
1897 1677
9190 8126
5890 7208
3668 3667
5880 6614
5879 8973
7255 9669
5962 1751
9897 7463
6384 5315
3106 8572
9072 8593
887 2534
8717 3363
1404 4371
3283 4700
3527 432
7881 6328
5586 2710
5488 6877
1062 3184
7626 6341
6295 903
1088 642
8352 9533
4229 253
5370 8856
6353 6627
2191 4894
2034 2933
3370 4671
1715 6737
6874 738
471 9223
3440 2425
8664 714
9612 4689
737 128
1481 2584
7630 6495
6188 9296
868 8978
6101 6717
6833 4579
877 2140
7563 9497
8220 2504
4322 6200
2459 8241
6271 5539
8712 91
2385 7694
8342 1048
2656 9522
1485 2449
4389 2874
638 6871
5600 3879
4056 7672
636 9658
4365 3673
9444 2648
7274 2736
6644 6475
1885 4128
9540 1720
6595 4663
9349 7929
5063 2289
1604 3095
1759 5364
3437 9245
7912 5580
7513 5448
9684 6736
6337 2990
4665 8736
4584 8303
4742 5749
8231 6210
8280 1680
5293 8457
8698 6361
5989 7842
4694 1817
7855 9321
2999 7818
2013 9845
9577 5846
7075 7216
4758 732
6647 6504
9333 4015
-1
4666 1902
1274 9770
8024 2650
8099 4514
6473 2499
8100 9758
8096 3607
7214 1356
5890 3648
1250 2148
2186 6149
2093 2593
9531 8010
5602 9196
3408 687
3198 7720
2141 6911
3088 1049
7045 1722
9124 0
8021 2331
7807 8437
6026 9260
5945 137
5031 7049
9534 6989
4269 2380
8321 179
6296 2434
3862 4860
4480 6176
7048 1948
4154 1649
6391 3053
8374 2419
8934 4148
7181 9991
8580 90
7473 6101
9410 4298
3354 2260
6414 3330
7086 5168
7037 870
5446 2155
659 7448
7160 4544
1845 6744
8917 6884
3842 4256
3424 4452
3636 4782
7037 3195
6264 2239
7194 4736
1549 1477
2553 581
7875 1976
4228 2815
6335 9590
2000 3123
9037 3313
195 6904
936 6781
6283 6058
2022 1882
8227 8761
5488 5976
2574 1324
7107 6532
4789 1856
8299 4470
6682 5119
1568 5832
5380 5541
5960 5883
1139 233
5757 5052
9539 6909
2863 3109
8750 3992
6143 1082
7152 8840
4245 2775
-1
7586 8905
3748 1766
9992 3539
7177 8051
8364 7295
5549 14
8958 9602
4301 709
587 4933
4172 7844
999 5397
5935 4149
7278 3349
7722 7840
7603 2726
3818 3761
9851 5160
6989 8782
1056 4759
4758 8803
4709 5284
1717 9749
4519 9995
1182 6898
9711 2056
3076 5527
3312 8455
3708 8080
1743 5012
7045 7926
6043 3925
5713 4206
818 4684
4730 1290
2100 1707
6267 4214
2159 495
6966 5454
5207 6
8588 344
5609 6811
2787 4044
3601 1934
7871 7100
6089 3587
74 155
2472 8032
8286 7974
2976 4309
1108 5276
9234 5494
8931 53
5147 1083
9375 5258
9942 2486
4222 8406
2770 8045
4105 9802
8209 3689
6600 1539
8181 8513
1628 3218
2589 4792
5829 1269
6715 3235
2265 8246
1696 5294
4732 6007
4637 3766
2184 8669
307 4730
1130 2040
6753 6206
1161 2719
9291 7498
3442 9306
4089 6766
906 7131
4991 3298
3609 1344
2110 438
5601 3873
7907 6050
6427 2291
6198 6800
2917 435
9628 2302
4091 5363
3698 2827
3135 4885
4912 7057
3782 6794
1301 2643
7191 73
187 9798
7237 8009
6219 5062
5835 3113
8324 5934
9687 4360
5067 9224
9075 3810
6096 7336
6772 5657
954 1887
3749 4350
3362 7843
2812 4447
444 2464
6221 2666
3825 6984
537 4013
6545 2618
7263 1341
7943 4881
7320 6170
8604 1527
1210 7861
451 8696
8641 5780
9084 1106
7202 7033
6139 7384
8971 3199
4810 2964
6703 857
5927 3348
7872 1599
1063 4463
5411 394
1809 3994
5748 5698
4291 1507
5604 2800
6002 7385
19 8307
7942 6241
1066 7860
7693 3077
8205 7365
7613 6635
772 3839
9928 8330
5765 5010
7436 6642
3562 5225
822 3464
771 9378
2546 8386
3856 7760
1543 7429
3394 5814
6069 1644
8952 3162
1619 2411
7253 5206
8727 6118
9298 2784
9914 8363
5624 6452
7527 1544
9439 2423
2935 6107
5736 5493
4148 6030
6507 8870
615 5243
4944 4080
8276 6020
8187 449
7878 8574
6103 7182
2916 9557
8682 2941
6851 2600
1606 1102
6006 3717
6802 4156
3916 1617
5489 1689
4347 515
4445 6568
8479 1263
9932 4150
7830 9112
5568 872
2402 2920
5546 4929
9930 230
9320 5487
3030 3754
4382 257
5423 3004
5928 879
5264 6158
7300 871
5339 9507
733 6543
1240 3793
7020 2708
3248 9735
1298 1819
7717 6895
1987 9839
1280 6470
9640 9167
9112 3553
4181 5387
9267 2605
2719 743
678 7520
6006 7394
1228 2808
2282 5652
9087 4524
1415 9024
3377 4765
4577 338
9250 3571
3101 8883
3160 2104
9608 5744
8761 1063
2873 4439
3052 7338
3016 7521
3390 7062
6460 6324
2219 5877
8248 3718
8663 5396
6279 8143
6534 7578
3897 2335
7387 2452
1868 9190
5437 2951
791 5228
5450 3342
3275 6405
6064 2069
6275 8987
4864 7845
9166 9598
1566 6420
7723 9892
7790 3359
773 6930
6445 5672
6960 9833
9522 2564
9482 5003
857 1878
8896 296
4164 7867
1984 669
6861 396
4778 4714
5176 1050
4459 8188
8982 7711
362 1348
8225 2233
2834 8376
2471 3047
2702 2820
545 6045
50 6302
8350 3647
1403 6096
2661 8501
9443 1729
1446 4367
9487 9615
5915 6223
2671 7773
7939 5532
8696 3462
4302 6613
1473 7592
9390 7333
704 7854
9267 4789
4011 3636
8162 3977
7456 4583
9854 978
4631 9794
9787 9307
2488 6635
8016 3398
5402 9019
2168 3949
4001 256
9286 4855
4112 9588
8229 3395
2357 4555
2316 7110
3128 1129
4244 7134
3736 8970
7331 482
9558 3475
1679 219
3434 9194
5534 6005
5938 7452
8367 4735
6872 1033
2963 6301
3432 5993
4754 6191
8301 2477
4083 9204
4615 6173
249 4950
7887 6492
9836 1955
8297 6563
8202 8957
75 4223
3543 4889
9164 2682
5417 7001
1579 6621
573 6083
6812 4699
749 8556
3968 1658
4675 2042
3132 7477
3649 9227
6995 6599
3142 6236
3436 5064
2687 4079
3730 3045
139 9786
285 314
8892 4672
1997 9569
6482 2631
8397 9977
6224 6538
8465 8731
8077 2790
8242 7644
7731 7523
7697 7272
7692 7139
1097 7139
6330 5563
5340 6521
9131 5695
3773 1698
5542 4399
4642 3356
7843 6044
4590 8408
5854 9400
9441 9254
7273 3901
386 4542
7103 4922
3024 7570
660 5009
9587 4193
424 9810
5942 5376
4650 9788
9791 6208
8190 8451
5253 13
6060 3118
-1
8758 9727
1754 8760
480 4433
4570 2453
4260 5136
1930 1764
2723 1125
3167 1960
8877 7837
8102 1067
1213 6417
4056 7411
7957 3866
8043 3948
4649 477
8507 911
730 2658
263 2588
4670 2579
2151 3147
640 8392
7458 3720
2678 1621
2202 4610
7672 1406
3157 2168
-1
6229 2002
9085 4714
-1
7241 4600
4359 4105
3096 610
783 8782
3148 9468
9616 2797
1319 9371
1455 6873
1429 9447
5142 7946
1609 2086
677 7548
4044 4076
0 5629
351 3744
2577 3296
8613 3069
9783 1576
1974 6916
9892 2023
6024 8540
6644 6741
5410 2223
1946 9521
8919 7830
311 5467
7329 6364
5528 5938
-1
8015 621
3450 3400
4268 8164
8744 725
380 5967
2848 406
7610 9159
8427 455
6880 2871
4038 4416
6982 3463
1821 7797
8423 8656
3851 7178
1008 7359
256 7901
2820 9334
4821 6966
9413 8635
5922 3694
5564 4190
7608 3409
9237 7148
1444 3229
1736 9734
3307 1563
4133 8718
4112 4256
5084 8653
215 47
9214 5590
3050 9358
653 4430
3163 45
9327 6716
1926 756
8587 8901
5740 4284
8980 5869
6395 2365
3039 5032
1945 751
4197 8259
9610 6323
8747 629
3148 1908
2535 162
2496 4664
9082 3461
9295 4265
5063 3
4308 7703
7335 5768
8415 4871
4211 2118
2687 4865
9264 1950
9247 2748
7930 409
3686 5355
3120 6425
3228 285
6195 4511
1183 3386
8471 4580
549 7534
4253 3850
934 598
6022 4819
4922 4277
7070 969
7871 2089
5647 2706
3560 2569
6398 6306
5099 177
1341 7839
9760 232
9108 2192
2915 9555
3913 4741
7773 7591
2255 153
6709 4222
9063 2219
576 6686
833 6448
7186 8773
9262 6902
6166 5465
7925 7646
1627 9785
6606 6933
3896 1526
9875 5112
3134 5083
2744 7558
7176 5295
1188 2064
8582 6136
2730 9628
3482 8874
5298 18
8730 6640
8889 333
959 8665
3247 8403
3731 1693
8219 8088
2391 7463
6838 2996
8351 3290
4641 6328
2879 3212
9995 2725
8953 5920
7544 9567
9035 5630
707 2764
6870 3447
7329 2795
5624 5460
4921 403
2824 6837
4596 3277
5916 7373
6431 486
886 728
8230 3692
44 2430
910 9133
8675 6951
5016 7787
8932 624
4681 6044
5550 4264
3589 7422
7120 9051
3435 1903
9988 8267
9160 7335
9286 3929
1803 8483
945 5375
1128 1545
1242 4727
7532 2468
523 7883
8653 8118
5459 1835
4396 4186
3945 4690
6348 9392
768 4844
1125 1107
2041 2201
5785 9285
3857 9536
4850 5701
5361 5216
7750 4544
8595 1871
8534 9007
9089 7987
222 7532
482 4670
3973 9207
173 6571
2134 3170
6190 9679
1200 92
2815 1717
9287 3574
9187 6752
307 2908
826 7274
2839 5803
3817 592
9656 5343
3693 4940
9996 7325
6023 2525
4482 8177
6713 6197
602 5495
3262 715
3200 573
9603 8800
5904 1956
1034 7133
9346 6312
5494 1585
4795 7188
3755 9907
2145 2094
4085 8719
7627 96
6668 6324
7070 245
4414 6633
7931 1793
6503 7250
5239 5393
524 3964
9484 1532
7221 6244
2974 5123
1058 697
7181 417
4173 5660
836 4049
2547 428
4169 2882
3728 6785
5218 5080
9676 9559
1841 7027
-1
4923 4501
9768 3831
4912 2006
3072 501
5266 518
798 736
1730 2731
247 6545
7846 1412
3682 2525
5664 4807
2971 3775
-1
5475 3031
3834 1332
4586 4778
2792 9813
5848 2862
1737 5887
6238 4534
7039 6528
9807 2652
1931 8786
7795 5626
3056 2587
8877 612
1952 1203
9177 1876
7464 3980
8008 9852
1586 838
8465 2702
8937 4380
4635 3234
4777 5770
2263 9429
9056 8436
9393 5326
846 4982
6048 8870
7074 807
2068 3405
7049 7077
3176 878
6020 6694
9504 6946
6141 3765
5267 6979
3500 2552
7403 3724
2505 7652
9880 4963
6921 1448
7218 8468
1079 2277
1768 9650
957 5607
9819 9044
5513 9062
9040 5663
264 8102
7309 4347
4240 7958
7681 3176
3096 2077
5642 1843
848 1018
5954 77
4881 1906
3700 2868
8781 7413
4518 4042
2923 6860
8884 7605
7476 1521
5244 9792
8285 6980
9983 7397
6892 8077
3752 4948
3961 3934
2008 4217
7617 4818
9917 6997
323 326
101 8076
2859 664
8887 9993
4822 2610
8775 1676
3209 4117
4116 4382
348 4911
9959 5508
2425 896
5184 2875
3517 5286
6518 5891
4053 3082
1663 7959
4336 1632
2274 5102
8594 2697
8179 3019
2348 3378
7828 51
3128 9830
6313 7948
8503 9682
7007 4905
5188 722
1999 1398
1421 4776
9450 3966
9314 6821
1723 1216
2021 5486
3766 342
8302 819
6632 4819
1165 9802
5941 4812
3682 1610
9964 6167
5849 5997
520 6094
6233 6294
9134 2865
9088 3473
7758 8741
2677 1467
6556 2075
6549 2195
8508 5964
4934 8194
294 6951
4140 7869
2144 2016
-1
4335 7752
9696 2544
440 6210
6417 9672
6598 9702
6125 4976
81 1846
8474 414
7422 3486
6782 2279
7327 3513
5392 2943
8185 1891
1815 4991
4610 8967
3573 2863
1427 3466
3423 7334
9073 3080
9895 5465
6565 1738
5216 2645
6240 8322
9844 8809
8056 7713
7356 9266
7878 1216
7137 1368
6537 6549
6552 6955
7569 2494
5111 8774
1571 909
4155 5760
882 6523
821 6487
5167 4415
4096 7835
8020 7152
7935 7210
5618 187
1015 7449
7928 3709
7597 3629
2589 5430
-1
8087 8203
1895 5949
6397 2473
893 3478
3594 3487
9501 3242
5277 3988
8387 9592
9017 5920
2340 8823
7439 5987
4558 8010
5537 6704
5136 8260
5667 6362
7079 2795
7562 5268
1039 7149
5901 9102
1650 5477
8928 2905
7996 8001
15 6238
49 7376
9124 3644
8950 8348
4658 2615
8576 3862
2520 9142
1043 2080
1652 3368
6434 1516
504 893
3000 2483
2150 9304
9829 8143
4676 4207
7426 8129
2074 472
6793 1475
202 6763
148 9281
6515 5428
5823 6782
1558 78
3237 1143
5038 1895
947 3645
6109 4149
1879 2650
161 3590
7951 7658
2891 4444
7762 7494
4621 1052
388 4024
5493 9629
7963 8997
9547 2982
6748 3829
4001 1916
9395 7992
4400 4275
2463 3172
1017 7997
981 3707
7146 2322
3763 6650
6559 2776
2792 5114
554 3516
2570 322
2572 5368
2487 2368
7618 5774
1214 1195
3567 3964
9149 2275
2335 1275
1392 6777
5325 4072
6212 3426
7662 5326
2787 4919
7098 9888
1245 6793
5520 6509
2622 4369
3824 7905
3643 4007
9730 9944
9988 2676
7980 650
4638 2466
9090 6592
7639 6403
975 4614
-1
1806 4997
6171 518
4868 7678
2645 3341
1246 877
5584 8884
9214 409
9317 55
5352 8431
1111 6128
3233 3441
5939 6182
2694 6172
6234 7456
3093 5510
3092 2373
5893 5048
713 9311
1414 9608
1352 2956
5107 1033
5373 6132
2931 3533
9851 767
1426 292
9100 4815
7073 5097
305 1580
9001 7913
2558 8518
614 3833
899 1605
8063 5757
1536 3544
4692 5609
6494 2146
3673 4987
8041 2814
9809 536
3877 9140
1381 6438
447 3184
8191 6972
2970 4367
8190 8382
5733 1379
204 8442
3841 97
7244 5860
124 3608
6401 7224
5461 3114
6211 7302
5753 1748
6789 9078
3904 1136
4750 516
2230 1410
7259 7290
6313 6575
9241 1765
5162 6260
9470 3374
4094 8454
8440 6041
6052 5129
9774 5487
3288 4106
6925 6155
8348 34
3034 1927
7129 7306
2809 6764
9071 3965
8584 1150
953 3116
8828 160
6894 4182
9274 2349
5007 4203
8814 5035
1176 9750
9319 3245
9162 7957
2992 6198
1335 59
7922 8552
4870 3130
3929 9283
3753 3097
204 2103
6028 6720
4729 1398
7065 3550
4291 7323
5245 2849
1759 2516
6857 5502
9872 1600
3789 5055
1288 5569
3960 2952
7385 6719
8558 4876
3825 8168
3934 6874
1913 7991
7175 3847
1073 6432
6042 1496
2641 5029
459 1857
9641 6161
1090 8886
9574 2680
174 725
5133 2326
8740 5731
4619 9922
9266 288
1229 9898
4521 4674
7150 9996
3412 4014
2938 6276
5598 4271
3811 7973
8934 4618
7999 3959
1470 2861
2871 5273
1100 8693
880 8544
231 4589
5398 5381
6947 4716
4910 8046
5592 7616
7455 6691
3590 1724
9639 1947
4908 4355
428 5260
5547 1661
8411 1148
6126 856
6319 3486
1930 7235
7120 7366
3521 7271
332 807
9566 735
1244 9464
-1
9725 8005
759 1634
640 2811
5178 2231
8509 9498
3085 8266
9023 3293
5921 731
5179 5182
8306 682
5414 3584
135 8289
130 2744
439 9526
4374 3745
5798 920
9426 1249
5086 8876
8820 3867
4095 2165
3981 5292
5297 4793
8799 228
3905 3792
820 3035
498 7063
9010 8425
9818 6685
5512 4022
1819 9021
5101 6378
418 2683
3292 2413
7827 211
6705 2222
3540 136
1823 2772
9667 1346
5475 4919
8459 4810
2902 448
2965 86
1476 3947
3403 4337
3993 1091
4916 5886
270 7569
4626 3420
2621 4935
8916 1980
289 8816
112 6105
21 535
6305 4587
6250 5871
4556 8804
8470 9200
3633 2122
9157 5919
1053 9343
197 6297
3863 3545
7859 3942
5679 8673
3737 2517
9689 8417
6604 760
6245 6304
9636 2078
6308 8171
205 9803
2622 408
715 823
9122 6038
2397 7003
2817 4660
4767 9808
2715 7364
6639 6287
1372 5867
1493 1040
9431 5242
-1
109 3677
5048 6510
8375 1432
1770 582
-1
8878 5332
7853 6964
7467 2093
8282 2553
5996 3927
1682 9745
7622 1169
6411 5790
5963 418
-1
8356 3197
6932 6688
6670 4930
793 1211
6254 5737
7804 7783
5720 1286
9023 7168
9299 68
8954 801
3509 7217
9384 8768
8124 6499
-1
7545 6620
2454 2981
6279 2308
694 9887
9453 6797
7475 3564
528 3056
8269 8439
7997 4379
3508 4622
3809 7231
8292 8591
4759 3277
1888 8557
7744 2382
1556 255
6665 6225
5420 2875
4140 936
8325 3816
7132 7705
3213 4431
1185 9678
5864 8644
1366 2362
8420 9638
9515 5352
5191 4424
4155 8402
4503 4419
2013 1069
6943 9358
8144 4806
4334 9075
7489 6167
2581 1659
9698 3712
6840 7983
9755 6689
9500 782
2092 7109
4259 458
6297 3484
9666 748
1769 1428
1633 6368
6397 7326
7084 6387
1752 5573
5806 8184
2392 4642
891 4761
3717 2903
7926 2750
7558 4363
7201 2027
5803 2947
2740 9575
9025 120
1431 3872
-1
2740 8304
6671 7425
6683 9305
9191 3015
4568 8390
3054 8864
4660 6750
9858 4234
8270 2050
4587 3329
3299 816
9552 5356
3642 4195
6345 8027
8459 8139
6367 4804
9684 5986
2968 2422
3511 717
536 249
3094 42
9599 5232
6199 3623
8163 5098
9691 4932
966 2592
6108 2557
1458 6587
8449 3322
5770 1348
729 9106
9597 843
6406 9352
2681 4321
4617 3101
9615 4317
3033 4532
6087 4788
2703 1101
8290 9626
2268 8582
8478 7433
2523 8804
7359 4414
5865 6005
3989 8941
4651 6976
7737 551
337 5838
6207 7999
1044 7371
6370 3548
276 9968
8277 7927
3511 4449
5334 1666
9333 5320
5767 3905
8059 9551
8186 8107
6281 5469
6770 1024
6134 155
27 6804
2106 2174
2627 7728
5686 4013
7254 3949
7727 2767
2890 1157
8201 1543
8580 4239
5837 3205
8043 3975
3885 3293
7631 9968
4003 594
6745 9085
1539 7665
5970 2619
5269 5417
9611 2345
91 3998
2818 2770
6873 6445
2593 3496
169 4464
1289 4371
3429 1837
9554 1638
9499 5036
172 9970
7771 4121
5876 4698
5093 6476
8371 9887
9024 7624
5537 9735
2746 894
8297 6314
7769 6282
9219 5601
8589 8175
1794 8676
1327 6037
7296 5716
1220 7267
4737 5828
5272 3566
7833 2496
172 8680
-1
7415 3173
7739 9647
9057 3820
6402 3347
-1
7083 727
1665 9694
5892 803
2067 990
2287 9961
6521 6625
9043 5814
8037 5790
5637 3223
3470 6939
4762 3557
5087 4225
3246 4288
5873 9104
588 3257
9957 1719
6308 5267
3012 4618
2701 1471
7806 1662
2110 8528
3677 505
6419 6958
3505 2149
5754 9943
3888 7050
3126 5443
8946 7471
6794 8818
4248 602
2179 4406
3787 4876
2169 7632
4171 2281
1193 7916
5907 718
1172 6667
6827 2644
561 5445
5250 7520
4732 5342
4397 7195
5265 9442
2207 6164
1981 2089
2963 3026
9148 5077
200 1113
8278 2926
719 1174
4047 6447
7729 5190
9558 3768
4668 6586
7522 9699
8285 9836
9150 1655
7318 5912
7848 8212
3219 3737
8352 1484
8762 3508
7905 7660
8801 8036
89 8805
2661 5589
7068 1844
9914 8140
9426 735
96 4098
3077 3488
297 9941
7719 4277
9457 3324
1948 5514
9428 2009
2367 4274
1824 9275
3384 374
1785 5427
6654 9270
9862 7292
5809 4986
3584 8311
1856 989
4209 1146
8911 8091
8265 1001
1887 2065
2183 9772
3781 1629
8368 1465
5743 8147
1109 787
741 283
7160 8367
2096 2741
4393 9184
4902 2946
4016 6321
9510 7453
1579 3171
9792 1079
1854 2858
9421 3112
417 2054
1013 1801
1179 6929
2109 9648
6905 7353
7515 3214
8431 8612
3806 2330
7514 774
4383 9332
5471 6484
2507 8795
5791 7930
3984 3454
5952 9490
5668 4598
7381 309
1181 5233
2538 9278
1259 6373
4985 7086
1336 9508
6016 1548
4997 4692
9209 3877
1812 6193
8227 4018
9561 8194
5460 6519
5057 8309
6717 5280
3180 1436
1301 4590
3149 1884
1365 7199
4782 2928
5659 2213
3440 6247
746 3771
3152 1322
6159 8041
1007 2095
2207 622
5195 3820
9767 4679
3406 4941
5958 5701
6700 4861
6000 4257
7258 1025
3334 6507
6196 829
6134 1602
2907 7938
7701 7593
1386 8265
2126 8276
3995 4537
9070 3014
4815 1653
8881 1364
9982 7884
8689 438
1935 2138
700 1943
8944 3017
9050 7819
8903 3628
3881 6479
8111 8709
7781 2203
8034 5887
2806 8159
9888 9800
4368 2646
298 5124
8155 109
261 9715
4144 9486
7293 9350
9119 2759
8853 6852
2017 8178
6200 1555
9529 5884
1881 37
5503 8757
8158 9573
4103 8200
2550 2598
259 2274
9999 7447
2438 675
5054 9375
5165 1774
8635 5620
7311 6067
2998 1207
4611 430
4537 5638
9849 6143
1848 2094
149 2609
2554 591
6403 4343
8556 4974
3380 3774
6138 4495
5337 7898
5850 2826
8373 1747
3893 830
6968 4595
8408 2617
8394 6891
-1
9675 153
4858 9513
6505 134
7050 9478
2170 6538
7353 4319
6728 4065
9744 12
1754 9868
6298 7348
9781 6903
8031 437
2251 3671
9244 5517
5196 4364
5122 5902
8552 9707
9362 2939
9601 7753
9708 6941
540 7686
2696 8643
3635 9659
670 99
2889 1578
3583 1267
7209 6781
5543 558
7124 8184
6850 998
5472 2899
4486 8157
5661 8766
1116 9924
5870 4834
101 2027
4405 4374
5630 5045
4728 5950
9010 6792
854 3008
3974 9659
4332 9877
9102 6664
2415 5066
8117 5501
3841 9310
9983 2010
7972 6617
9405 692
2364 2098
9451 1741
5700 279
6859 3529
2319 6842
3679 8891
4921 1898
7433 2246
6056 5376
9658 1089
342 7777
1580 4630
5621 79
852 1243
9866 8949
8850 9543
9211 95
189 8906
6637 2651
6439 1215
8861 6299
5006 2298
7633 1347
7593 6626
6513 4552
7196 5040
1995 6604
1739 9366
4247 8788
9373 1773
5836 6742
4488 2501
9843 5359
5235 4630
2308 4710
504 2649
3533 1492
8826 6077
1608 7772
2786 6339
6219 1596
3813 7770
1142 1064
7749 1608
8257 2193
4279 9118
7361 3718
412 6862
4233 4502
696 4081
1745 2779
8871 3723
3971 5337
9128 3075
355 4755
6616 8546
4774 8434
2242 6605
1339 8245
2436 5898
1358 6074
2955 7504
2048 6697
4838 3655
2406 8910
5046 8160
1747 4753
9198 2336
574 8336
235 8058
3970 7414
3495 6646
6435 5278
4403 4588
2860 9703
3755 4743
4021 5029
9115 6233
5607 2112
1727 6904
1319 7315
9130 3070
7510 5185
3955 8109
-1
1788 7356
1267 5526
9238 6165
9450 7557
6396 1589
3373 5026
8148 5834
6129 9107
441 9834
8149 3582
4145 4698
2964 1777
2796 4924
828 7406
3787 8241
5336 9141
9316 9548
9235 7643
5736 5455
3090 2314
6677 5398
7784 2140
8543 3397
8186 9474
444 7401
8422 4515
3320 8130
1321 1537
354 4725
1338 5628
780 9440
52 127
122 3463
-1
975 1061
8923 8281
452 9783
892 7553
8965 4524
2072 629
7655 935
2367 7090
2906 6623
9821 3952
2409 9974
1394 2446
5362 5811
1636 2082
8722 6603
5430 8678
3762 6551
1447 1987
5213 5523
4594 2596
7808 7238
8800 4307
4799 9706
3369 5895
1762 1260
8853 8562
6580 9096
4150 4402
5539 8960
4023 4132
6425 3091
1839 2275
8737 4523
126 6707
1944 3127
5573 8488
1578 7479
3824 132
5279 4450
3445 2608
2720 3257
2032 8119
2695 5295
341 1616
3947 1583
8595 1355
4607 929
2113 217
1282 912
2618 2814
6574 8021
7525 7638
8621 7860
5344 2337
8038 1355
7966 9089
5944 2477
8097 7493
689 7438
5008 3791
6673 8716
9902 7206
5925 1549
4648 2268
4839 3356
862 1746
9402 3332
4555 1054
6450 8999
3524 9646
58 9309
7163 9732
7123 2785
1828 244
657 7874
1261 9682
1685 6515
264 5716
32 2200
1058 817
7141 3503
8685 1894
8977 3938
7001 7604
5244 9823
9477 2153
8720 9120
9337 4961
2595 6329
3615 6333
7275 33
9161 4096
5401 4060
3203 7435
5349 5633
6961 8421
924 5092
2940 9528
6881 5552
6920 4511
6476 9635
552 3439
1285 8898
9241 1264
2363 7410
411 3403
940 7760
4432 4794
6046 161
7797 9913
4271 7518
5080 6999
7606 895
4799 6967
6799 4344
8008 4147
9152 313
9805 4517
4795 381
3579 4563
5840 9374
5982 2334
4281 666
3024 8244
5190 2575
4884 1068
9909 6740
3344 5237
9710 117
2178 8357
8677 6149
3467 6480
-1
2133 2952
6477 9950
2832 7477
4505 6743
1695 2102
7798 3190
5405 8310
6679 6204
5762 3345
1667 3083
302 5444
2184 7038
9645 8057
46 3889
6804 1954
7950 3612
4712 8456
7229 6478
6739 5702
957 8155
6449 6787
4023 1488
9713 1466
8075 2269
526 9365
4931 6632
7346 7813
9464 1305
5000 9593
4847 5776
9917 3220
1206 3616
8130 930
8147 5991
9246 5416
4862 665
3939 2609
4437 9483
5371 6282
3804 8047
5612 7366
4318 8358
5555 8737
4558 3323
3099 3124
7096 7506
2550 8213
7226 3643
4417 6796
8705 9530
8000 5524
5498 5354
7095 8386
248 3317
3558 867
8259 8453
8049 1425
406 6622
5436 6471
6511 9343
9153 2907
4199 3654
1541 6189
1262 1424
6032 7220
5629 4617
4380 7540
5492 2828
4191 5730
2295 4355
2210 919
2443 6554
4488 7835
2007 1858
8640 5677
8485 6764
1354 9671
56 3603
1072 1232
4242 1535
2458 6114
5098 762
6987 8176
9678 1318
7256 2399
8713 1517
3920 7451
7960 1184
6542 9137
5144 3068
1570 1477
5131 1464
1021 4240
3223 7371
6248 4627
4446 4538
511 2370
5491 8829
3681 4097
810 7692
7250 6732
4485 9077
6162 2975
5888 910
3125 1626
9754 4015
207 3320
6465 5839
2383 5878
2212 1651
4354 2114
6897 9101
7932 4561
2005 7803
1968 3937
9065 3777
9708 7968
5131 8104
8586 556
6499 4719
4585 8654
843 1974
702 1999
8535 5375
1867 8113
9763 921
8410 6270
4945 447
9549 9871
2841 3497
2575 3061
1851 2533
9690 9257
5950 1591
9328 2567
5501 3539
4971 1324
8551 3246
3555 3489
414 8651
-1
1070 6150
7897 3376
498 1497
1366 397
3686 8938
5975 4784
3696 3527
7874 8671
1116 837
2601 8759
2103 3147
3860 8204
9904 146
7768 410
7345 456
6706 3110
847 6345
8887 4292
4961 7264
911 9739
1384 1359
7205 2798
8237 9098
3569 1865
7913 473
5571 1516
1542 7885
1140 5424
7635 3926
2223 3333
1428 4752
36 8319
4923 3604
6078 5706
4645 7608
2514 8161
-1
9020 9965
4037 8222
9863 7058
7550 703
5840 604
4971 3195
6082 7088
972 4830
1798 5111
7530 5720
1983 5962
7863 5257
4652 4984
7870 2453
1306 9978
6440 6076
564 3758
4917 9056
1253 5407
6927 9947
4889 2959
8206 8821
2860 4431
1902 7961
5889 718
1295 7713
6910 4566
5992 956
3625 7540
543 6001
7304 1631
736 2311
4364 9553
8577 9998
778 2403
9013 5900
4408 4230
1677 3117
9979 272
9360 7652
269 4675
2324 2441
4060 6994
9285 6660
4008 1797
799 3642
2278 9074
3137 5602
7089 9218
6365 2185
8529 2480
7867 8652
5961 2018
8357 1463
6912 4880
635 103
4958 6039
6409 3921
4531 2948
4623 9175
7834 9257
8643 9249
4738 9037
5505 3157
213 3502
8704 2176
3358 266
786 3733
7107 4224
8249 9187
800 8492
7417 370
9215 2655
1037 4880
7125 9935
2057 6338
5211 5677
2646 2165
7737 9385
7019 6971
1330 3225
5456 6740
3990 7368
3927 9666
1201 1147
9739 1443
9918 3580
2837 1951
9202 3058
8258 8294
99 8765
9060 9756
8914 5429
666 3374
1051 1172
8573 1706
8990 8061
5005 6922
4666 1641
372 7517
1683 9692
3597 2733
7450 5935
8506 7466
6900 6903
7877 166
1712 2220
5927 3226
6368 7788
2698 3311
5300 881
4724 5248
2258 7688
9640 7815
695 2037
3203 2584
3399 6012
25 1988
3651 1842
5572 8341
5124 7225
7219 1103
218 7066
6179 5576
399 3349
2203 7264
7587 1425
6112 7067
1615 4653
5662 7130
3340 1371
387 6529
2905 210
3078 7503
2757 3585
9431 1291
287 3309
3776 8277
4493 8482
230 9135
7402 5248
9909 4212
9494 6175
1569 5022
3270 3158
8070 4123
2301 7586
2171 5130
2424 949
596 4427
3692 1880
2527 2378
2713 3608
4977 2591
1564 944
8710 7856
7622 9929
8040 6123
9206 9422
3699 4516
3908 9548
4305 8527
3829 6844
6377 394
8237 3274
2769 6060
8327 4025
9170 8865
9720 8735
7099 7340
2072 1823
4826 4134
1640 4616
2209 9889
1946 4734
4235 4071
7042 1670
9919 9866
3660 4848
8699 9859
2576 2039
8313 1339
7043 1501
8012 3188
5926 6084
8581 1489
3897 4661
3235 385
7977 584
8220 9709
3583 1263
7822 4998
1791 9581
5387 8979
7025 8273
5005 4634
3598 6376
3557 5329
7730 7699
4914 60
3880 9003
8965 8108
2821 1084
6317 2434
5154 7236
1461 6291
3518 6940
787 7470
5469 8714
7881 9011
1901 9248
9269 1943
4286 8101
772 1286
1158 468
4498 7100
9994 5200
4575 2722
568 2567
8362 9967
8253 3375
5911 9391
1524 7625
5692 1032
4497 349
9395 6843
3576 4400
9492 332
5100 7284
1163 362
8859 1559
3375 5808
880 1597
7327 3983
2368 9713
6638 4296
5640 8867
2045 9401
8631 292
8594 6472
8294 4567
1060 2599
6555 2416
667 2762
7807 391
3739 7906
3442 6491
8607 5658
1078 7245
-1
4223 7834
1528 2885
7565 4817
6146 6747
8948 8458
9730 6310
8312 3001
334 7643
3579 6030
7474 9721
1753 7853
26 6431
1899 1705
5531 1790
8555 6566
9879 8553
5994 3070
3657 8718
9403 7157
9927 8619
8534 634
1704 8198
3393 9009
1851 5553
494 5129
3469 2735
7901 4017
6859 1275
3832 4624
9745 171
4539 4514
499 5193
3846 1104
8798 4228
9199 2739
6949 1684
1534 8243
1436 7984
4809 1826
8497 3740
2470 9864
8603 5016
4748 9701
8879 9931
8489 1818
6181 9207
6059 5707
3691 4849
9165 5365
6666 3082
9940 9041
9624 2632
8625 9070
346 9354
7454 3726
1113 7061
7741 2084
2682 9991
7800 1699
8349 3551
-1
7543 1200
6088 5288
2055 7734
336 4572
7567 7755
8336 5027
139 1297
8826 8810
5388 5661
3481 3951
9743 1562
7485 5741
1563 9167
2408 567
4557 8296
9185 3778
2950 8461
7801 6307
7128 7431
5476 3563
3619 3858
7746 2884
4790 9018
8170 2134
5088 4250
897 6429
7358 8563
8678 5346
9532 5565
9318 7789
8542 7295
5418 6437
242 9855
7745 2928
6854 839
6526 5789
8247 4750
1638 1000
-1
6555 7412
539 164
5990 5403
4545 837
467 8855
3037 9747
3132 851
378 8003
5130 3384
-1
8050 691
2791 656
9195 3799
5204 5286
7467 3845
991 3501
7019 5256
3280 5044
361 5275
1808 7809
2566 8969
87 113
9276 768
3032 6518
7634 316
4849 1134
7937 527
7742 9959
6726 7747
6775 8331
3582 2864
5357 1197
1524 7574
9578 5382
377 9861
1400 5258
5943 3812
3098 5681
331 3534
104 4527
5287 3165
2613 3728
1456 1891
4418 1373
7324 7705
6186 1163
7017 1491
5565 5144
6830 2181
4829 8608
2846 2701
8859 8679
918 4852
648 7319
3957 8365
8797 5785
1964 2544
2711 4047
4296 7478
8385 7343
7613 3930
6441 749
4644 7061
2510 1320
2602 9841
6097 3966
8432 6290
6886 8958
8626 7440
2513 7362
5201 1026
5599 8869
456 4632
8088 8888
8648 4564
4368 4492
9409 1612
5614 8271
8998 6401
2282 9420
8473 8790
6205 9765
5628 9969
1007 3154
5187 5186
5704 5540
7612 2195
6865 1783
6351 9034
5754 967
2329 9731
5427 4678
-1
8842 6177
4161 210
8872 9240
8576 1792
9455 8162
2680 5255
7040 1811
8360 2366
1189 3363
356 7188
9229 3298
6577 684
8567 1227
6046 3805
9218 7380
7377 5651
7252 2874
7864 1258
2395 1898
6375 5147
1911 1936
5135 5116
5152 9711
7193 5531
3189 7591
3477 8695
9169 1426
2738 9114
8675 7661
7010 9274
3449 6771
74 4401
8486 7650
6257 5350
7528 7829
7985 9550
7331 8046
8593 8356
2757 8545
1472 6705
2312 5582
436 5792
3909 6389
7955 83
628 1511
5229 6250
5780 6122
491 8747
6237 3111
5830 9448
3014 273
6169 5884
4486 2563
6651 7634
3211 694
2447 6558
2301 1889
1019 4473
4721 9566
8892 873
9604 7729
7678 319
7174 9480
2314 9832
1390 6590
2491 740
413 5987
5263 7035
3896 3900
5837 958
3994 577
6892 1920
1395 4107
9898 92
5640 3571
5556 1044
4491 2217
7172 9611
866 5651
5882 7917
7182 9159
7974 185
2637 6646
8004 950
5217 6380
4790 7394
2156 4466
1620 7155
5861 7670
3661 2060
8769 1992
1896 5902
181 9388
8516 1681
2348 7103
4507 8040
1397 3541
7609 3411
1092 5843
6430 4091
2288 7508
431 9584
9761 5949
7975 6671
1085 3185
4648 2188
-1
4152 2672
-1
2215 5538
6968 2258
3681 6165
5973 2958
6180 6681
129 7235
4201 5323
8592 462
6586 3185
3102 532
7900 8515
1219 1934
9077 1270
4812 7983
5908 5969
7341 9514
6099 8982
7559 867
1120 3182
3339 9643
9072 5156
9619 7771
4742 8687
7041 7081
5290 9444
8068 2189
6014 8218
319 3745
6484 57
963 341
6934 6468
6464 4445
191 6684
974 218
1325 8749
2568 4869
5166 7068
4565 8754
6975 6077
5384 6371
1743 4046
1416 4152
-1
3577 2131
5050 7078
2961 4464
4330 6780
4770 3919
8824 5590
5761 4160
4018 2878
1961 5516
9147 2854
8183 5132
5022 6724
5658 3325
1399 9773
6454 919
6152 8346
1345 4453
7833 8213
662 1255
6387 2441
8121 1992
240 1433
4748 6712
3807 4604
6124 6008
1853 2896
3983 7917
6284 7013
550 4821
4349 8016
3943 7297
2501 2317
9501 6532
9947 2812
8197 1755
5043 4548
5714 4006
9517 9206
5859 9043
6071 5411
8128 7057
453 4125
7564 2835
8616 9718
4992 2400
3568 2642
442 5854
4824 277
7599 9047
7415 3933
1182 3658
3107 7038
1181 5627
681 747
3389 5682
671 2385
5061 1883
7605 1233
6520 4011
3543 8940
940 2497
39 7441
2530 4462
5996 73
9407 4136
6905 6649
7026 4051
6489 7770
3713 5738
6183 5593
4324 9913
1503 4375
627 5937
3819 2777
3207 6967
7471 3085
2771 2122
6117 8983
3338 437
399 2716
9915 5705
1326 5059
3509 2975
4476 8975
6737 711
1762 623
6856 5313
5208 918
3902 5296
5895 3268
4101 5024
3987 9791
9574 4338
3232 9722
4749 8001
5965 2813
7726 7695
1056 7502
4133 4825
1036 3272
3456 7623
8951 4229
2085 4262
8928 1237
813 4709
7876 9476
8159 580
4067 6245
6390 4734
6485 2456
2768 5288
5195 111
5170 9922
7631 8293
4937 8095
5857 47
3490 8064
961 4460
8935 7172
1483 6552
9840 351
6011 7792
8169 1411
684 776
7964 4319
7536 1789
2732 3433
7922 3143
3911 4601
6974 9059
8020 1254
2389 5138
2016 7509
9519 1096
9692 6511
2864 5426
4523 8103
9662 7840
3883 1907
8662 3081
6609 8948
6115 2818
4766 6358
5163 9586
7156 6070
6562 7246
8234 9456
7794 8682
2446 7725
6749 4376
722 4263
4194 6667
501 3149
1377 1239
1968 4362
2759 2571
2904 2259
4873 6215
2371 6772
7728 8790
1978 7894
2437 5435
5096 9737
6589 5321
4936 2427
8282 8944
1109 9326
8000 8316
2431 9649
1623 3542
1468 9972
3793 9030
7615 5245
3710 8471
4823 7511
371 915
6151 1463
6906 7092
597 4273
4525 7911
7990 3329
8849 1374
868 6433
7185 3079
8152 8992
1646 1071
6063 3997
2684 3639
5999 6669
9677 3422
3921 7582
3559 3121
3753 7656
746 1959
1019 4458
2732 5546
5557 4703
3884 159
8373 8098
3789 6701
-1
8137 7792
4088 750
8548 6807
1137 4185
8602 8127
1041 5639
2341 1785
9531 7312
2347 9387
3510 1748
303 3917
9835 3242
7767 9386
9674 8153
6706 3751
6557 3407
3652 1669
4099 3284
398 8746
222 545
6673 855
4833 1075
3910 3923
4937 4705
3925 8404
4270 2307
1917 2745
626 1716
1557 4360
94 7765
9702 8976
3402 9396
903 4345
131 9904
6504 5564
7702 2222
7568 4399
3239 64
3734 8817
8516 681
2810 3876
1452 8770
615 6585
9238 9847
7279 7615
2703 506
1510 6540
8163 1703
7043 9969
4848 7270
3714 1502
2547 569
2373 2591
8541 9652
4907 7310
1092 9897
9434 9527
3790 5743
6662 5125
7861 6104
-1
4390 3662
6926 593
3807 7488
8208 3900
3311 9031
3401 6824
5894 6081
2360 9087
2904 9955
2418 115
576 3972
3256 3764
2520 9916
4095 9883
3271 3319
5033 7112
9819 9035
2823 3150
8968 8977
8195 7968
5931 4377
8539 7516
6392 4069
6325 1533
1340 7825
3379 6943
3979 4252
6160 7278
6216 5231
147 2752
5812 4311
4765 3842
7683 6102
6064 5422
7642 9479
4847 1440
2071 6002
8846 5214
7004 2359
5030 7144
6343 3133
6370 8890
8748 5068
7404 7312
4383 8104
2397 1765
9903 7209
4868 2856
8575 3013
7409 2993
6354 4676
1973 4469
4866 9583
5057 1645
4104 690
804 6331
7601 1323
3379 5201
3890 3635
3669 8681
61 1967
7431 290
4254 9303
163 3852
3969 7489
721 9634
7888 5615
112 5725
2507 6496
7192 9510
24 8776
8322 6237
9661 6480
2674 2462
5595 1657
1025 7882
5310 8873
9683 5977
1276 9651
7430 4118
997 3312
8532 3404
4423 6608
8660 1913
5274 6849
3977 3057
3263 4808
2801 870
8858 9543
5066 7813
6246 7372
1149 6486
8949 1725
8291 8093
9203 4268
808 3075
8240 9180
4452 1941
8314 8912
7251 7194
9951 6847
3351 9247
6979 3347
37 5919
3545 9565
7099 8026
583 1167
3476 3704
6483 3211
2038 9668
4321 1668
4313 4425
9550 2252
6474 1586
5581 4851
5995 9471
9095 8164
1540 4169
3392 8393
6530 5366
5518 8142
1833 4518
5371 9016
917 8845
3046 2867
-1
2572 7738
8818 5146
1710 7588
-1
5155 1784
5122 7668
5346 1040
1418 234
9449 3267
7138 4946
9355 2671
3119 6483
9842 8886
790 9929
6488 260
585 6047
2628 3602
3591 8480
1566 2714
462 8997
6452 8055
764 4099
9055 2328
3969 5297
7105 9746
6285 5773
192 3135
7590 9193
2346 7166
110 6938
6942 4547
4333 3183
7848 4786
9729 6442
2444 2633
9261 9144
8498 9905
4263 3018
8627 6901
6281 6530
983 943
6520 5684
7849 2921
1443 770
8588 5548
9954 6929
8592 4051
2574 1616
9367 1740
7411 8971
1648 401
4873 4395
2359 5383
6317 4251
7943 6340
4601 9868
511 2842
3475 5104
2758 3165
4573 4064
3675 5263
570 3087
7011 1883
9465 4004
9136 4168
2514 3741
9589 6761
8412 2474
5742 7763
4403 964
7116 8839
1327 2512
98 5271
4651 4151
2989 6890
3542 16
2778 3145
6453 3942
6460 416
8609 1363
4619 6255
3427 8973
7497 7989
1393 8494
8410 3695
5472 4131
2590 5906
6914 7538
7361 1601
3640 6795
8025 6535
5025 3723
4012 6268
1800 9250
5165 7518
7153 7156
2270 1970
1479 2998
7285 8909
1582 5817
2139 1643
1834 9824
8105 8417
24 9398
3480 7774
1072 203
3547 3680
9005 4599
7918 9884
2617 6908
7977 4441
3335 4219
7323 3122
7636 6725
6572 2428
7252 3836
305 7526
2605 9706
1004 4225
6998 6525
4082 4875
9967 1258
4925 5817
6643 251
6423 8986
699 9824
2625 7032
4995 1145
6208 7994
9354 7739
3465 9216
4909 3446
2043 4318
8999 6524
8295 2066
3843 1393
1383 4114
2946 6936
8559 5689
5744 4393
6118 7677
3163 4867
5901 7645
1552 9339
1375 5760
5598 4955
6612 3730
2343 5503
3273 2342
4499 2370
4910 9099
5960 4672
9039 3113
4304 3317
2958 5338
2630 7936
2054 1389
5823 2903
2724 3159
4111 3392
105 2656
7458 555
9818 8475
3391 2954
966 9942
8506 6086
3210 1796
-1
2994 5389
4783 2866
9984 1593
1241 2384
2659 533
3244 6068
6257 405
856 5575
2430 977
3976 9399
8291 1809
5731 4279
3802 2316
5549 8176
3098 2886
6801 1368
1271 1169
4335 4489
1642 4529
5511 6074
5896 4352
6710 3837
3005 3010
9052 430
651 1965
5533 2626
9933 6985
6481 5303
8914 274
1503 885
4493 1674
5983 2736
5821 3062
9173 1242
8218 5011
3032 2495
385 9173
4783 252
8300 9246
6601 7398
5194 1452
5392 7897
9752 5835
2968 7919
3967 4170
8750 9946
3183 2126
8132 3104
2408 2066
1905 9222
8650 7505
5522 3355
9380 67
5706 4381
6093 1074
5226 3454
5384 3022
1923 63
5454 7072
8657 6110
5669 8903
7222 6525
9289 8442
1621 8907
4707 5796
6993 4785
6192 5441
9331 9020
2633 2124
4677 233
6835 9926
4703 5091
4515 7767
529 997
3821 7873
7389 2344
6985 431
8838 188
9165 5082
7060 5319
3271 9445
7118 1576
2664 3632
1119 4918
769 7383
7642 1179
6878 3146
1027 3956
9958 9086
1523 3178
7472 4687
7637 9389
4378 5729
2125 9308
687 3776
8032 4575
-1
6757 7602
1370 1609
4566 6887
3562 381
1022 6602
2489 9177
8959 4483
9152 1445
7418 6047
7119 1649
8308 9881
5046 2614
2284 2581
7513 2985
6405 534
5 9204
1942 1874
6624 5577
2252 3735
701 281
6879 4530
976 5710
3321 816
1128 7574
5974 9928
1637 5916
2061 7761
4828 2405
3530 4170
5921 3697
8078 6136
2351 1098
1331 9828
8721 832
4504 3250
8433 7434
8947 1202
4192 6948
8399 898
254 1786
2519 4968
8609 1674
8688 4122
2090 1400
775 6619
6791 7088
5159 7510
3553 7134
3145 197
9363 5428
4459 3502
3724 5006
1422 6140
1592 7300
8544 5793
7122 2632
1322 7811
7468 2642
8590 3860
992 5010
5955 8602
9810 4609
9865 986
1050 1482
6785 1515
3042 1273
5719 1941
6265 4701
2163 2535
3017 3988
4003 2266
1414 1411
4476 1039
6021 6442
7013 8583
3266 6956
7512 2475
7629 5815
8551 5801
9116 6036
169 7330
5065 7136
2679 2118
2484 2205
2124 3248
1448 3882
9416 1849
5988 7766
5032 2647
5121 5355
7501 5041
4175 2805
6003 8648
8955 7445
9272 6769
952 5551
779 2473
8864 2253
3285 7778
2123 3095
5559 6072
4065 6512
4543 330
6038 565
231 1820
5972 5820
3324 8822
1793 248
3907 946
4771 7266
3941 6522
9910 2341
7859 8180
9263 8521
7971 6871
3679 8852
3485 6381
6204 8658
3253 4244
3066 6374
7213 2708
3481 343
3493 5333
8086 2142
5509 1328
5056 9953
1815 8138
7504 5082
321 5093
6656 4409
1127 9609
5205 1042
3650 9170
238 3886
6801 7712
7811 4835
9502 6786
6055 5657
8030 3913
9789 1233
7047 1437
1625 5448
6655 5156
2674 1583
5632 2539
5882 9007
8075 1512
154 1886
6931 9342
7598 1483
3784 8158
3522 4708
282 8495
5543 4735
6069 7390
2099 3171
4090 4292
8995 9594
5810 8031
5666 8572
4442 7210
1396 7648
123 7012
3289 7040
9272 7147
8400 4329
4723 7838
9363 2728
8229 6818
8055 9390
1202 3555
5322 4538
2493 2537
62 5855
8650 4183
7528 2953
9663 9489
4677 8330
6119 4576
5422 3834
9213 477
8 6973
3040 7042
5616 9799
6768 6867
3262 794
9560 6461
4236 1639
5905 4339
3117 8555
3751 831
9061 4131
9829 5438
5750 6695
3172 1204
8064 2978
9588 8450
2556 3426
1395 7174
9795 9734
2291 4323
4193 891
8530 7938
4104 1420
1892 71
7485 938
4123 8900
7744 9839
4942 8726
3968 2196
6086 493
9376 5177
20 9949
822 6175
6036 3641
9885 1438
2002 8794
7180 443
875 359
5358 3978
4852 3705
988 329
1150 2019
9030 5247
7443 9572
6043 9585
7575 6202
5357 922
8665 1502
102 7203
6809 6981
5855 6885
9919 9220
8577 3224
5415 7939
400 778
1145 4979
6402 3399
6553 90
3054 5726
8640 1919
7419 36
-1
7554 6079
2873 4137
2411 3484
8850 6360
5777 8215
7373 6147
6627 2829
80 7308
100 8673
8264 8554
3411 6288
9400 9571
31 5772
781 716
5521 3531
2366 4989
819 4661
6098 2768
3302 8335
1672 4772
7097 5008
7460 5560
4760 1114
9515 7268
8837 3895
7292 3580
7240 8752
3066 304
3522 2288
711 6369
9483 617
7378 5341
5862 2945
6918 3520
2583 1006
6877 1017
6789 4068
3342 8854
8228 4255
4497 6329
4540 5931
3507 6749
3073 234
7856 9253
4436 3457
5103 3021
7785 4201
5447 6415
-1
7339 3800
758 2264
6864 9185
4726 5735
7761 6661
2839 8793
6766 9767
7820 620
9011 221
3438 2749
5665 1455
8711 7262
5688 6463
6228 9359
5663 6710
6301 8247
9408 4492
7891 4988
6271 3169
8484 7579
9315 1675
1362 7169
8207 2498
9291 4361
1485 2177
6148 3028
3216 8789
1506 5849
1741 1612
4728 2111
76 5843
1469 5108
5508 2730
1900 9618
2914 6561
3878 6948
5028 5655
5578 3537
742 1454
458 3126
6456 4828
32 8473
9369 3838
6285 4944
69 613
6334 4853
7286 4836
1186 7682
5483 4102
4599 3041
1627 2128
314 299
7602 5314
7987 5058
6291 5577
9778 4181
622 116
2892 7108
1758 1080
6292 7763
8902 9540
1830 4136
7114 8201
9495 7221
3074 9938
8633 7500
668 5664
4592 2145
5956 2649
9408 3878
4238 9954
533 7101
1053 3618
4448 1059
4351 9850
3698 5936
5405 914
6578 8936
2224 9440
2833 3008
9956 2950
9669 7389
5299 1511
8700 9932
8833 7666
5525 3333
5568 3750
7499 4218
7138 4582
6151 4886
3978 7831
5389 2651
2202 3499
4723 2960
35 5904
4966 7351
3063 2751
320 1045
2199 2883
6570 2150
8346 8612
2300 6680
1924 4352
9294 7715
6900 9594
1962 1268
9397 9596
208 3847
2414 4527
2934 8484
2296 4363
904 3090
6399 599
1450 4611
2894 2794
393 3559
773 4960
9296 3339
3137 7928
51 4966
9639 5951
882 4722
6394 8072
8668 3031
8523 8419
-1
6956 9461
3001 7268
8803 4345
4967 7564
323 7012
3196 8604
5269 1854
6612 1037
6 1715
608 6971
6451 478
4438 9883
2616 2006
4484 4035
2061 2735
9966 479
7277 1768
9523 4144
1196 8947
236 1614
1923 8550
1251 2556
4780 639
5390 5175
2172 2100
476 9534
5105 6273
7756 3918
8343 678
9335 6819
3227 555
6510 2822
3885 9155
6130 814
8926 5222
5329 8172
402 6888
5452 507
1613 6070
2669 3084
6661 8697
6747 8805
5816 760
9299 6457
4270 5446
932 929
2321 5
1003 9057
6124 1173
3556 6253
9994 15
979 2352
3473 4753
9045 3423
845 5871
146 4406
5557 5126
7736 2488
2559 3903
4267 9242
3261 1863
4310 7189
3335 4027
9648 1894
5534 5088
7213 9300
6882 3410
6820 1869
7659 3045
8689 5060
2852 7014
3802 3639
-1
2623 5584
2706 225
3474 759
3357 2369
1551 5116
3028 7232
6665 5318
942 6524
3699 2455
7254 5724
4471 9427
5587 841
4904 8924
3340 4941
1624 4165
3645 8652
265 6436
7059 9784
6392 7924
6083 4304
6470 1487
5819 4468
8182 2063
9973 1057
2391 4647
2990 9119
6991 8446
3705 8027
2379 2912
5150 5729
6263 5722
2120 7407
5125 3138
8170 7390
3554 8234
2999 2467
2042 1122
9443 5231
924 7492
4841 9552
3294 2988
9053 1620
7793 3019
5830 270
3665 2643
6957 5242
2183 8287
4366 2621
8708 5203
183 3462
242 4188
3773 9520
4189 8663
6231 5474
1521 1459
5415 1681
1004 1111
5138 6332
8196 7034
9755 9330
542 5905
3617 3088
5666 2746
3043 2404
5872 8966
1605 4311
9328 2993
2199 9172
5693 3051
2764 1171
8962 6629
8924 8112
3208 1405
2505 8023
4282 6907
8105 4158
1718 9704
3175 5698
2323 9232
6383 5305
2826 4398
671 3573
8289 6490
1342 3852
6458 9398
-1
4700 7669
3010 8494
6372 7662
8263 4194
271 6416
8504 4327
4025 3704
4605 9970
2169 3624
1850 8815
983 7947
-1
9372 8287
2967 5385
5240 5877
2634 4696
2211 8920
6725 9097
1126 1390
8199 4157
1409 2293
8462 1692
9653 7762
3944 1066
690 4764
3188 6106
7875 4546
766 1588
274 971
2689 4070
2247 8570
7190 2445
5239 755
8266 1860
8253 114
3780 8115
7457 5439
4252 1783
308 3953
7269 6936
1967 777
4691 3036
9139 762
5421 5377
613 6924
3321 1117
9882 9741
7539 1131
2297 4854
2001 7301
9183 5896
1118 2012
570 1813
2604 1804
6961 754
7960 5942
2466 9599
4716 542
7469 7870
4762 1742
9694 3657
7757 4213
726 2789
5499 8379
2270 5240
8753 4665
5700 8846
3811 4589
4028 2355
1573 9815
9265 9453
7093 1148
340 4988
2465 4779
3187 4021
2177 3174
7667 9209
1191 4887
278 2121
5978 3675
519 6864
3979 3237
6166 8353
6893 3067
8955 1225
578 2454
4312 7228
9655 6356
5954 6606
7698 2855
5608 3003
7334 9093
9624 4183
9652 1560
9231 2857
2681 3990
7098 8579
7242 2973
6636 2781
5769 5407
5732 4683
2976 8974
1429 4353
6553 7607
4791 4841
7579 1695
3851 8764
1611 3272
2518 586
2206 295
582 9461
8477 4474
4334 7299
4469 6179
8198 3716
6686 3214
2456 9738
901 4773
6944 612
-1
8092 4860
8672 5519
4438 1354
7499 3305
5708 4287
4216 8098
2951 9197
3623 2596
3358 3646
5688 8156
4066 7653
7275 6844
4957 9993
1296 8632
1969 65
5110 3336
1636 8783
7776 3898
7460 2378
2267 1868
4951 1153
8811 75
1152 2980
6806 3974
2216 3586
9619 9958
3199 8828
1496 4356
1446 5072
6488 3337
29 6863
7248 6380
5412 6579
7307 5157
14 4346
1206 6623
512 8674
9373 8985
3168 1937
6660 5625
7799 1562
4300 3162
1194 2358
6116 2192
3410 8134
7967 9642
4853 9394
4054 353
850 3676
9347 8621
7437 2176
1238 1712
-1
