10000 6612
3246 1156
3017 590
-1
4149 942
4297 9336
1448 1916
590 1188
4297 6043
8148 6479
5053 812
7985 5824
4297 8638
4065 2442
2334 3658
9737 7618
4297 9044
4635 4297
8693 4297
8647 7080
557 2047
3973 1153
1722 2671
2880 6007
8746 82
8701 7075
4297 6686
4297 819
4297 5056
7394 4011
9414 4304
5557 8470
1641 3122
6629 5218
8924 1879
8711 2309
941 7520
8574 5399
6648 8452
7068 8292
3038 5852
5341 4359
2094 7384
5605 6192
6713 4297
111 2577
9686 327
3903 4297
4297 5825
9824 2226
4663 4297
3294 3327
607 2849
6877 4708
7216 3361
4297 6931
5051 4297
8431 880
6746 3217
4990 4297
1241 9610
671 3473
5951 426
1512 1861
4297 1726
5318 4546
8264 4248
6752 2723
33 5663
4297 6197
1123 4595
5013 2009
2514 7515
7906 7553
7731 8035
1460 4439
5276 9251
4297 5816
2938 8406
4023 4297
995 962
226 5054
5360 8076
3436 1696
8536 6648
3104 7815
9951 9776
1641 1245
7902 6940
9994 560
154 6538
191 683
2794 534
6018 4297
7025 4297
6827 1704
86 278
9083 4509
3987 6976
481 7251
5151 3380
4297 2269
3781 2594
8871 8821
688 467
4561 2215
5170 6072
9982 8072
7382 6889
7835 4718
9506 4297
6116 4297
6622 7602
4297 5747
4297 9739
4297 3552
1467 7802
9195 9935
8473 4297
907 7007
1339 9522
4390 8438
2774 7125
1559 1010
2653 4651
4874 2677
2793 4297
2804 9408
5974 5811
5123 2465
147 4297
6356 4297
8166 4297
3834 8850
7095 5079
8760 4297
2064 7354
2993 773
7317 1675
875 4472
1698 5576
4297 6102
9643 1553
2648 227
8381 4745
6715 2562
4297 823
7993 3561
4873 8759
9585 4687
3755 4297
3551 4356
9323 2892
4142 9198
4297 7659
6280 4297
6389 3046
8887 8840
3510 1978
9884 7264
503 9320
8401 6693
7323 7365
6674 1372
9009 4310
4703 2547
9489 6776
3579 268
4219 5390
7401 6955
5593 7282
433 7243
-1
5168 4418
4509 868
3220 3547
1222 9876
4192 3886
3044 1245
3144 2094
1762 4297
5181 9363
8177 8239
7743 3934
6160 9054
4297 7610
6764 1784
6367 4297
7244 972
4297 2332
9604 3624
7151 8820
533 1166
6917 9694
-1
9587 4297
1609 8853
2188 6498
6024 4297
9874 9522
8095 5703
4293 4297
477 2051
1239 2576
5719 8417
9948 9828
2987 4297
3221 5240
2918 1421
198 2095
4297 6824
3772 5322
8083 8812
8810 3952
4297 3056
4297 9839
9479 8624
8442 4839
6895 3609
5007 6192
336 8940
3459 4297
2977 6111
8587 1573
8562 6304
1676 9464
6724 7110
7980 3406
5642 7964
2478 7489
8847 7322
4297 9393
8356 3444
3204 9439
4005 5144
790 7403
2185 9524
4297 2526
3202 8883
8571 9890
5293 5255
9817 313
30 9421
2974 3159
8684 6230
6140 9763
8398 232
4807 4297
3028 4297
4819 7986
3910 2581
4297 7798
4297 5181
7340 2150
5460 5169
7229 682
5514 4280
980 6047
4546 7896
7934 4297
9900 7059
5437 3710
3501 4297
4297 3282
2412 4795
4297 2646
5908 4908
4954 756
-1
6931 7722
5130 2767
3702 1902
3262 3715
5624 465
4297 2139
9476 4297
4611 4526
8210 1894
4297 4900
8550 1837
5545 454
8139 6332
1585 9537
8010 8824
1120 5855
8903 8377
4821 4297
5501 4297
1708 4297
7283 6185
608 4297
287 1856
3421 2647
463 9798
1468 4297
4805 6155
4215 4238
3916 2709
5272 3186
8825 1107
7864 7311
1657 4297
656 1572
150 4297
4297 5176
8313 3485
3829 3096
7845 3683
8410 3174
9201 5436
8401 4297
5459 9877
3990 7916
4297 6375
9821 8647
2943 4530
4297 6199
8342 1063
711 7049
3080 2319
4143 5060
402 8710
8347 1716
5039 9623
7181 4297
9482 1700
33 8715
9118 5563
7085 4548
736 6582
708 6800
5731 8211
1503 6689
6488 1276
8346 7146
3946 5245
6686 1080
4297 8677
6487 8560
5287 9917
4297 7168
4297 3190
3556 4297
4297 6178
9652 7996
608 8965
4722 8199
3850 4297
9357 2536
4797 3551
8520 5003
4297 4397
-1
-1
7080 1433
5843 8531
8614 1660
446 2729
7235 5066
4417 4297
-1
6712 5456
6035 9814
9999 7612
1139 4297
3215 2699
9142 8999
6763 7834
5389 80
5852 1458
4647 8793
7484 7427
4548 5132
9137 7517
4643 9988
3161 1342
4297 3991
2391 9362
4297 790
3058 9639
8283 1955
3146 3068
6396 9615
3331 9949
4929 8875
3275 4297
4148 2581
8271 6813
4297 8429
2876 4297
2038 5738
9148 2851
5129 374
4667 188
9587 3615
8767 6318
4372 4297
8186 6801
2792 5132
7316 2751
9182 9338
85 4297
1873 7900
4297 2892
506 1730
4297 2254
1589 8780
2559 2392
4297 4250
1230 2260
9837 2793
5303 3884
1810 8881
6626 1132
8174 4253
7361 6381
3966 5992
235 3407
4725 4297
4973 64
5863 6130
3633 752
666 6737
4297 1370
1773 5900
8560 7773
9917 4297
5781 5085
9231 4297
2566 1595
9346 8186
9752 1379
9913 8061
7032 8556
6954 3599
9571 9184
8208 1838
3420 4297
6807 2537
1206 6068
5253 1717
3095 3787
3109 28
8251 4039
2052 1856
4734 3803
1212 4297
8694 6583
4297 1086
1527 6955
2954 8789
6482 833
3862 9402
9679 5377
8660 8351
1062 7527
7214 5815
598 3569
3383 4023
2957 9622
1808 275
2382 44
4297 5126
8036 4378
8681 4297
4297 5746
4442 4615
2528 25
7781 3525
6455 4297
127 4297
2781 6004
3603 4374
8632 4937
4250 5307
8022 3537
9389 8757
3216 2987
4412 3796
5422 8906
4781 3020
4297 6577
113 2668
-1
9057 8371
2860 7289
9467 1862
4297 5288
2418 6916
4297 9717
4297 6228
5730 1316
4229 4297
9273 8255
6572 2684
1786 6399
9715 9784
1852 4573
8489 6423
7146 9468
991 580
6500 4886
7603 4297
3823 8440
3744 4297
1734 317
6510 9719
8913 8365
3774 1778
3768 4297
6071 3058
9346 4297
4422 1756
1520 3267
1669 4297
4297 2853
9870 5433
8570 9431
674 4078
4697 1670
-1
153 2838
7817 3405
1009 9356
5225 9205
4892 9592
381 6049
4999 9540
8321 2953
4297 3727
2772 3913
934 8785
-1
6380 4297
9318 4330
5910 9580
5970 4999
5247 8538
1738 4297
757 8617
6085 4569
4297 1556
2248 1607
9350 8765
8247 9428
3499 9496
8311 4764
2079 4297
8133 7797
7253 4297
3745 550
5817 4674
9021 9748
6332 616
133 3712
6638 4297
7310 2235
2457 7905
4526 440
2714 9272
399 1889
4297 3632
5690 5802
7622 9208
9039 7631
2408 4774
8628 4079
2209 1194
9117 7215
1791 2640
5162 5960
9783 1567
6340 7724
2096 6179
7315 1206
3151 3491
4297 8127
4297 5111
6361 3796
863 3977
9112 4297
8257 6121
9170 1650
3820 2396
9494 804
2680 4297
55 2680
72 4752
1139 804
2871 7001
5977 5490
4919 4297
8988 4414
6043 9902
3214 8983
3511 918
8127 3758
4297 8442
9506 5674
6552 7404
-1
9621 4453
5309 2392
6858 8643
7853 5676
1788 4397
5460 2748
3707 4297
5145 3228
7782 496
7241 9222
9932 9350
4297 4416
8528 8285
1486 462
2096 4297
4013 894
9428 1355
6385 691
7968 4521
8870 8196
7990 8283
8847 183
9695 5800
9797 7241
8395 7027
2532 436
698 7547
2297 6322
3028 3432
9317 2696
4297 3997
6387 56
433 9153
4038 139
4297 7589
8731 7341
8832 8581
7118 4297
6711 692
965 4297
4297 9204
1732 5861
2481 2553
-1
9313 4710
7199 732
8404 4297
3632 9179
6755 4297
7650 2973
4297 3642
6370 7862
5546 6396
3931 6743
6368 7755
4297 8172
3823 3617
6074 5601
1263 3308
6110 4919
1559 4297
4297 9620
4604 8138
7076 8348
4297 8405
499 5293
4297 8974
3307 1155
1369 4297
4297 2319
5416 9505
1024 9811
167 4513
4747 4297
6541 9072
2170 7603
8301 1615
4309 7128
3988 5012
5591 9939
7299 4297
1851 6699
8851 4137
7658 983
2012 4297
6384 2138
9220 2326
3265 6448
3904 1447
179 4752
8416 1837
5475 4297
6542 8181
4297 7222
1953 4297
6770 6065
-1
1505 7246
9311 1273
2400 2409
9611 2236
3121 3383
5280 3568
7849 4297
801 108
1398 6902
8130 6998
3836 3584
3642 772
5932 1982
4297 2904
3830 384
4039 4297
587 2533
6790 4297
1830 3516
397 1882
7904 8135
4243 6701
5972 4297
9597 288
7513 4659
9092 4275
6734 2209
933 9042
4757 2182
4297 2051
1900 4797
4297 718
4297 3360
6703 2247
8937 5916
2280 5306
5960 6404
9439 3360
4917 4297
7952 6316
1928 9691
2709 7803
200 4024
4297 8481
989 4297
6024 1984
2656 4815
6015 6004
2138 4297
6074 4297
2205 4929
2852 1700
8170 2664
2481 8670
2925 4691
8500 1265
7963 563
2177 8395
4917 737
4297 7378
4743 8392
4297 8476
8897 4101
4113 8364
6466 9546
6794 3930
4508 9204
8454 9312
1594 5087
2301 4260
9776 318
1731 4297
7165 1446
3958 9552
4297 6458
4714 4297
7798 492
4297 2684
5309 4567
9084 5488
9167 3335
3842 6921
5535 2508
9651 4297
1829 7502
543 2122
7025 9072
1822 2328
8164 7418
9821 3864
4977 23
1019 7996
8461 6551
1615 4731
5226 8856
4586 4297
3318 8807
4297 4682
1012 2597
4206 4297
2394 9636
1385 4297
4297 1356
1964 5484
68 4297
5099 7785
9837 5386
427 8417
7828 8100
947 1883
4297 1143
670 3966
4069 2436
5576 4297
1148 4897
3815 6653
1211 4788
4297 2063
9819 3443
1066 8790
6257 4297
5838 4297
9512 6154
9953 1979
9207 4635
179 2450
4297 1329
9850 7391
3454 4297
824 7985
1077 7713
6579 4297
8733 4297
1975 995
5747 4052
624 4194
9982 4297
2409 4297
801 1556
6299 2036
9184 9754
7867 4297
4223 5877
4297 3290
8943 6334
4297 9227
6701 4297
426 1779
1558 9386
417 2569
4463 2420
3209 3552
1426 6455
1608 2332
4297 9879
6845 2358
4297 7594
8954 2165
3269 7858
9737 335
8871 6927
6655 8838
4028 4297
7848 4198
5062 4397
3678 627
8818 8954
7994 6713
4565 3708
4297 832
6586 4297
3448 3780
6506 3578
6543 9791
9611 4432
5724 8435
4297 8891
1431 4297
9803 1740
1294 6242
7768 1143
584 9363
7648 4297
4309 832
3296 2407
8193 1295
8912 4297
6189 6891
9139 3365
331 8344
296 2894
5811 7641
9509 7116
3148 4028
9087 6181
3870 4297
3325 5037
4413 5943
7418 5949
5716 5190
9285 8393
556 4045
8892 5866
4297 9403
4297 3110
1473 9904
8142 3987
2961 734
4297 440
6819 8110
9126 1813
6708 9114
1657 4198
4851 7325
1786 6263
8861 4008
1293 4297
2548 2085
5448 3091
7125 596
9809 3631
3550 2370
8983 8026
8655 1263
5062 92
1051 4297
9543 6198
4335 3537
2688 5775
9648 2108
3432 4297
4496 9208
1673 4297
1449 8357
5890 4297
3564 9086
1420 4297
1152 8473
6338 5549
2461 7206
5312 8740
9600 4297
4297 4812
6520 6420
4297 7952
9021 4297
1268 8542
7277 1331
443 6129
4386 4297
3229 3837
3886 3526
1714 6741
7217 8288
5091 9488
4 440
6910 6317
4297 5682
4297 3146
4297 5005
7400 8652
1391 730
4529 274
712 4071
9759 6438
5475 3001
6425 8577
9602 9969
7528 2462
9968 6621
2465 8991
9047 836
4297 1172
4297 1010
4387 5097
7917 3530
3186 8485
4518 9750
3071 8182
4712 417
6455 9777
126 5432
5095 7274
7511 4784
9028 2767
3948 9037
3152 7589
1430 3327
6865 8887
6848 9486
1024 3403
7843 7433
6689 6166
9401 6397
1880 1357
3788 4416
7926 5914
1003 103
2430 6299
8347 4297
4297 8220
5772 1146
8414 2984
5521 8347
1491 8702
7835 9754
6866 3593
-1
4297 835
8982 2978
5722 7067
2450 8340
6201 9150
4297 33
782 2542
5124 5457
9624 9785
4359 4297
9328 1987
4194 8982
9468 2971
5812 6197
963 7991
6056 6838
4802 3226
5746 4538
3031 4344
4622 4297
8110 3282
9617 4473
4297 9418
6755 9763
721 436
758 3998
733 4455
6919 7407
8840 1890
8394 6606
4297 4011
8066 3999
4789 3616
6410 2522
3607 2743
7715 3755
4297 8759
3002 1068
1121 1922
6999 245
8711 4297
6641 4610
290 4297
6611 1822
4297 2412
5676 5964
848 6534
4297 552
3767 2931
331 7393
-1
6075 9126
9602 4297
1247 9694
8992 2511
5863 4297
3178 2927
9399 5687
3553 9546
8184 4297
6009 3101
7539 1295
4297 8742
7900 1828
4325 7757
8641 3848
8951 7856
4297 8801
3266 7262
6307 8368
4297 5982
7084 4398
7930 4297
6308 9783
9717 5703
4297 683
4297 1977
7177 7809
2398 2711
6244 3314
4939 9004
8227 7024
2838 3880
8583 8575
7633 7246
9416 973
958 8433
7105 5417
2105 4758
1943 669
6184 4247
1853 2171
1066 1879
4861 8910
1107 7954
7191 9960
-1
4297 9535
653 6426
5276 5369
9373 3427
9058 8712
6938 7211
2288 7741
5415 9729
1247 4297
5168 4297
2949 3576
4297 8972
4297 3255
3800 9294
7374 4881
4491 8693
-1
7487 9569
4636 5047
4297 4034
2363 4439
3348 2390
2850 7058
4297 331
3601 9078
9086 9063
6434 4297
1891 3750
4750 4581
4297 4764
343 1432
7275 5266
2895 4297
5012 8411
1900 4242
4851 4297
4743 7613
8827 9661
2995 4533
6935 7696
2422 4297
5478 4297
6846 8903
7923 787
4602 3766
8567 9052
8226 7341
8559 7714
5865 9106
3122 5934
195 5229
817 1909
7951 6195
4519 6531
9091 7664
4297 3218
945 7366
2755 3807
8173 185
127 9797
3284 5417
6387 3757
5900 5086
9479 8503
5916 5478
2750 5256
5151 4297
5962 8218
9524 2526
6026 2770
2604 8036
4788 1882
551 8296
4297 9356
7926 4770
82 6767
7883 492
5768 8756
7070 4297
102 4811
-1
1212 5251
8429 4274
8293 5504
7028 8498
7566 795
7209 3820
1316 4297
5121 1516
5301 8350
6018 9018
2010 712
2086 5270
8111 4045
4297 2404
4809 4496
3091 7718
8547 3680
5800 2536
7718 1293
1282 4573
3977 4297
7950 3163
9993 8628
7267 3937
5321 7057
4750 6577
344 2146
301 898
8014 4297
4297 5306
37 4297
6105 5628
4450 6837
4297 6457
7735 7937
2922 2231
6042 5208
1937 8855
4297 8617
5626 7811
4297 8883
4901 7168
7516 4297
9143 6637
5827 4297
236 3845
2606 9560
9535 8494
4760 9907
134 4297
57 7632
892 5428
3439 9443
9167 4297
310 9260
4575 2309
383 836
568 4549
3884 4297
334 7261
8924 6172
258 8878
5377 997
3170 9226
1809 5943
4297 8325
4581 5833
8344 6311
2107 3093
4707 8896
6272 4454
1293 7743
563 4297
2223 7232
8498 8309
9892 9677
8861 8977
198 4297
2518 9085
6379 1312
1938 4297
8465 9272
-1
9728 3465
6810 7855
1338 885
5122 4297
2301 4297
5929 1872
9093 9917
3724 6195
653 1381
8579 9548
9476 4156
4577 5819
2516 7116
5531 572
5142 5257
9075 3151
2173 7254
2884 4297
9473 4456
9698 6102
3454 5532
4152 4701
8735 8409
9605 4297
4357 3870
3163 2379
5975 7350
6358 1640
7869 5867
486 2557
2149 80
4916 4297
2922 1011
8851 4647
4297 4730
4297 692
3421 9240
9946 9977
116 2502
4297 3694
3686 5408
9098 359
4683 720
7308 7984
506 6679
3991 5881
3204 4297
3918 9211
4297 8424
3348 5258
6780 950
4530 5669
9938 4095
3751 9975
9823 9631
5199 7424
4297 8173
3573 3218
2125 4119
6635 5899
6608 9502
5977 5807
2051 8679
-1
1578 755
3066 2510
1028 4297
1378 3339
2586 7218
4297 3934
4297 994
4297 4239
4297 2038
6135 316
1650 4297
5370 857
4297 8528
651 4297
1249 4297
5590 9804
4297 6874
4524 4379
6849 2700
3041 6702
1028 235
4365 9007
1973 7219
6289 226
1267 6600
7596 7904
4297 5520
9540 3155
1063 4297
7923 4297
1246 9306
6530 4691
698 4297
4174 6582
4297 9955
4297 5634
4297 94
4602 4297
3141 125
3452 6420
2455 6616
3281 2780
703 1380
3799 2629
875 7711
5711 137
287 1899
1814 841
2707 4297
4048 3920
5314 5488
6608 4297
8929 5902
3321 8981
1598 4297
7393 5456
4297 5030
1156 1196
1078 4297
4297 5467
9592 1891
370 9889
8080 4297
4297 8588
4297 226
4297 9355
3161 4562
1832 8471
7374 891
1916 568
1739 4297
8972 6035
4297 2931
4608 5091
6612 9334
192 616
5605 2548
9459 4291
6175 9757
501 3550
7546 2426
5598 8199
772 2128
4297 9281
9962 1002
9351 8158
9598 5389
2271 866
7379 4192
4297 4646
4831 7771
7860 4297
5862 9098
1921 7486
-1
7095 9887
9799 4297
3407 4297
5148 4646
2656 993
2384 4682
6398 1682
4436 6632
6058 1809
9766 9308
1370 9990
4712 2834
945 1986
6308 332
4297 9257
2746 7588
9793 3448
9710 3353
6621 125
9982 5790
373 667
8414 4464
4846 5675
7062 5382
1849 2789
4297 1046
5282 6505
4297 5703
4297 844
631 9093
2304 2958
4297 630
2800 3360
3712 7958
6316 4297
4297 848
4297 9008
5472 8055
9863 6515
6857 3364
1149 8827
9543 8006
4297 1698
1618 1249
3196 4370
4297 9377
8481 193
9554 9327
2041 8750
669 2470
4297 6469
4288 1274
7591 8094
7990 3464
6642 3739
8467 128
552 4887
6089 3403
2935 1666
994 1997
5463 861
4005 3169
1302 435
3863 5849
2374 9283
8204 236
3311 3144
1792 4472
3884 8872
3354 255
2587 8842
4454 651
8641 5701
8372 4310
1383 3608
3878 4812
6397 7051
3149 4033
519 2057
4297 9816
3689 2540
4297 25
881 2843
4873 4326
1374 4297
320 4795
4297 4373
4810 1103
4662 7277
9192 218
4297 9050
221 4297
9924 8390
2850 4297
-1
9701 3780
3403 4297
2749 7214
4051 9790
4258 4297
6134 3290
3178 2009
9930 4297
6409 3465
8889 8272
7988 3273
6502 4664
2018 4297
4297 1043
9243 9967
3133 9602
6705 445
8220 9186
4243 164
4297 3758
128 7943
8812 5674
2704 4297
6323 967
3628 5926
5795 9509
8251 7769
2479 2698
2383 1380
4297 4683
6946 34
7733 4760
2523 4297
6706 4297
4269 1823
6109 672
4963 3256
2242 6427
6638 3406
4710 7820
4 4297
7974 7226
2949 1020
1580 7357
-1
7965 5775
-1
2553 8089
4297 736
9548 835
6378 1791
6648 4297
187 47
7331 5690
1191 4554
4297 3063
9876 7054
9425 5090
9102 1607
8929 4297
4297 1861
4317 5126
5176 9203
4656 1964
6592 4297
3800 5122
2054 6330
9139 892
4159 3040
4266 6874
4297 4801
372 4297
5835 4119
4297 4190
7662 4518
3678 6815
2565 4253
5797 908
8933 3951
9401 2063
1297 6335
7832 9939
1988 6488
8890 304
473 4297
5846 3880
7832 1934
4297 9460
9109 4297
8516 9261
4297 6827
8690 9237
8300 7568
-1
2297 6896
4800 2107
7818 8805
5211 4297
4488 2845
1152 1608
1925 2181
6286 1479
6759 5355
6985 4297
1932 3492
5932 5967
5282 7093
889 5419
520 4297
8424 7564
7211 8677
8616 9357
4297 5605
577 7567
8385 9633
3219 6276
9852 5737
4297 9784
7950 3167
7401 2161
8773 9656
2939 9111
3908 2571
5926 3513
4553 5699
1223 4297
6832 6023
1323 1849
8841 7941
4995 6478
2710 6434
5997 4297
421 6034
7696 3225
8896 900
4297 2121
7177 4449
6542 7873
9285 8872
396 5223
672 2751
2231 2880
5391 9087
9734 4254
5004 5483
3578 4297
976 4649
5956 6880
1847 618
7883 905
3510 4297
6052 4297
8411 132
3410 8372
572 4886
8806 581
7665 4297
6475 7649
9082 4297
582 6730
7310 3857
4297 4910
4297 5625
3042 4297
3843 8849
2576 4297
4670 7710
4297 1297
68 5618
7053 8742
4297 5472
535 6709
8946 2617
4665 4297
1393 278
3355 1398
1739 931
9808 4334
1446 9816
9816 47
8519 1118
7704 8521
483 4314
6786 3767
9231 1618
1154 4297
6573 1393
7073 9276
7031 863
6805 4846
4863 1514
1977 8067
4297 6454
4297 3207
5051 1329
4297 7356
9991 459
8454 4297
1207 4618
5483 9305
4297 2120
628 3384
5710 9894
5964 2997
6311 3353
9855 7591
2250 4064
3995 2754
8355 6693
6363 1897
4664 4297
9029 180
2446 59
7301 7629
619 6052
1805 5051
4297 6799
5550 9292
5539 2453
132 4297
1280 1991
460 1430
9197 9719
4070 1185
4297 7532
5301 217
9392 6620
9096 6166
5 814
6130 2720
3 2372
6525 6458
5997 8166
3301 241
4756 9021
5401 8338
851 4297
4297 5409
4297 9749
9096 2451
5208 5018
1079 6404
4297 5666
2088 4297
5564 3852
5835 2024
2241 8832
4297 8836
2920 8365
3707 3201
2224 4297
4317 7329
8759 3196
4297 3149
1570 8256
74 5318
482 4143
5824 6500
4297 6789
4284 2646
6156 4297
7511 5441
4297 4979
4297 7714
8835 2863
9175 9301
1207 1409
2004 5074
5230 9121
4297 9697
4297 2677
2417 8482
4297 4557
7215 4843
9863 1308
1800 6965
427 4297
7938 1792
6848 4297
-1
5435 8309
4970 3547
7366 4297
8331 2947
3977 556
8368 4023
8353 4577
6618 4297
3492 8564
4463 5634
8207 4297
3979 64
9128 4438
884 5100
372 8599
6225 4682
2519 3985
3120 4013
7089 3101
1592 7311
5520 5826
3363 4297
321 2837
4986 6234
7752 8555
8441 4297
4297 5905
4297 7439
2926 2518
6116 150
4297 2089
9303 322
5110 9571
4314 2826
5929 1714
10 5192
3184 4297
4524 3672
860 9266
1406 3461
4297 7021
8405 3582
3908 3624
9105 5112
9313 6708
5309 4297
8243 469
3143 7429
7329 4297
8762 7265
9651 1725
-1
3769 4297
4297 3551
8365 4297
4712 4297
829 7738
3556 7122
2377 4297
7612 7874
4510 7435
4297 7244
6767 8875
8878 4297
8635 2292
7362 1966
9741 3783
6177 201
1977 339
4297 3582
4297 4217
1051 3382
2224 6065
7979 1088
4081 8801
4297 4341
9416 7688
3601 4297
736 9739
9852 8311
4297 5003
5289 7032
884 5732
4386 7388
5190 4297
9405 4208
4297 3631
1575 1595
4297 4565
4061 810
8350 3563
3511 2294
6052 6023
217 1097
2840 3724
9088 3862
5629 4326
7558 7665
7594 3312
3958 1447
1236 6704
4143 4297
2249 2181
4071 3533
1669 8607
5869 1582
7258 6997
4665 4638
4297 1600
5865 4297
4372 7631
2687 5232
122 8334
2139 2491
909 7018
2221 7916
4297 3588
1105 1145
4297 9710
7555 268
5846 2064
9071 5205
6772 6458
5406 2387
4109 2510
3973 4656
8715 1930
5471 4229
5522 3209
9955 1827
1385 2869
1010 1476
6042 4297
4297 8066
2863 9127
2027 1893
4377 4297
6984 8661
9250 3265
9009 1259
1589 4297
4689 1923
6300 4989
3459 2261
7382 8911
3836 3629
8083 7216
633 4297
986 6345
6261 8550
435 4297
652 4297
4335 4839
855 2292
9113 4297
584 4492
4181 7118
753 2205
6744 6043
4037 9710
2466 936
6894 6862
9615 4297
4297 320
3291 6028
4297 670
1642 4667
1501 6189
2551 9629
4916 1581
9403 9234
6503 7306
6390 7944
6007 3117
4297 8492
4297 5012
6924 6887
6044 5245
2408 4297
7104 4297
2253 5682
8561 3793
6041 7402
7641 7659
2056 9795
9541 2729
7710 4297
9953 4297
3721 6237
6392 5965
4460 9979
486 8254
4852 5580
5139 5314
9983 7837
6686 4683
9541 5461
8650 8908
1015 1738
4622 5237
638 1063
7661 7149
8143 3478
230 1870
3263 9557
2943 7232
1938 4737
3314 276
58 2430
7068 4297
5487 4297
4594 4641
2140 6251
5071 7524
6160 9338
2418 1656
2946 1482
4297 6846
9204 9341
2957 3409
-1
2287 6096
4297 8977
4297 8204
6028 8324
4297 3348
5755 3095
5211 3943
7168 2834
1361 5373
3219 7981
6018 9420
367 4297
4297 2446
4322 5744
7601 4283
4297 7095
6352 144
1306 5399
2102 9025
4725 8937
2998 5476
8228 7708
4297 5795
6888 2150
2378 5631
8479 6260
4936 7519
4881 8974
3447 7543
2244 4297
7267 4297
602 7773
4707 4297
7081 6507
4297 3309
6746 4297
4473 3211
7804 6600
6521 9542
8913 8927
2313 7267
4297 5281
3363 6495
8409 2082
8067 2747
7605 3306
2917 8690
8575 4297
4876 8265
644 3605
9967 4850
2455 8846
7824 666
6188 6690
4195 435
9369 6149
6197 2854
7166 365
9699 4297
5151 4373
221 5687
9703 9492
8946 5457
6880 6417
2373 5387
3365 2363
2575 5423
9016 6913
-1
8896 4297
6867 2771
8732 4500
4297 3537
9785 5299
4460 7759
4567 6809
9496 4297
9468 4297
1230 4297
5220 3889
3506 8760
6221 4297
9375 9656
1807 7026
5344 4297
1380 4297
9269 7019
6471 6674
387 3437
9943 1358
196 3556
-1
175 4297
8915 1486
5741 7705
7089 55
9194 5350
8710 530
1249 1189
6716 602
6111 478
3870 2752
4297 4037
3674 4868
8257 9957
2221 4144
6345 1538
2638 1594
5375 8376
8746 6719
6083 5078
3583 3311
-1
8458 4585
8157 3300
4416 7430
4297 8555
3328 77
624 4297
5487 9083
313 2623
3868 1274
5978 9310
6032 4297
4297 2392
6795 6515
1780 8485
4297 9788
5000 8054
374 4297
4096 4297
254 8134
2311 3083
2681 7166
7458 4297
4297 7026
4297 2888
4747 5030
3151 4297
8794 7392
2910 8091
6198 1219
2011 6551
4297 4548
5382 5796
9421 4297
3464 7869
4297 1615
4373 7242
1993 1449
6563 6253
7150 5839
2230 4297
2085 3759
2787 8846
3089 4297
2854 4297
9516 4297
8630 6476
3633 4297
1779 8567
9786 4009
7919 8975
852 4267
9050 9104
4297 8178
5183 4113
1958 3226
3559 8720
7844 1859
6228 1436
1409 3417
4297 7588
3834 7884
4297 9183
8148 1366
7668 7692
6024 2827
8914 9128
533 647
7715 9803
4073 8476
6365 2717
9467 8358
5289 448
4988 1298
272 7073
4297 324
5175 2642
3214 405
4778 7733
3903 7431
8436 2271
7400 8805
4297 8089
4297 4636
4297 6657
4297 7048
8545 6644
6133 8296
9897 4297
6896 3616
4927 4297
3603 2871
9946 2895
2355 2140
4297 7707
5473 2529
4297 9939
8194 907
3501 1448
7605 6267
980 9283
4297 8521
9764 9119
5056 1078
153 3410
6854 3105
7138 9443
5424 4031
9501 8043
343 2670
4297 9399
3262 1168
8048 8440
4297 9932
2864 7468
9850 2128
8794 3480
7190 8268
5531 7192
117 905
412 6386
502 1305
8862 4297
4297 7906
9704 3538
4297 3509
2163 9872
9632 4297
9100 4297
8079 7738
9623 6661
9335 4297
741 3889
5535 5185
4297 5763
4764 1610
9588 5879
2577 820
6075 4297
8424 3615
8740 4297
1008 8222
2550 3486
298 6994
2950 1133
5725 6211
2313 8210
9919 6296
2431 3014
1489 4848
6729 2427
4756 5013
5473 6155
5435 9053
5144 4297
9793 489
97 7774
1972 9606
7276 4297
7287 6976
9819 9750
2102 4297
4297 22
7242 4297
5237 924
4852 9827
4297 7258
7297 2409
535 8993
262 2442
7827 7619
2110 652
3047 4172
5035 8814
281 941
8516 2642
4631 7752
6573 9949
946 3506
275 6213
1889 8821
5152 121
3922 9243
8791 3568
6107 3008
1120 9263
6616 4297
4297 8600
3304 1145
8138 8845
3842 5070
3756 7042
6789 5323
7283 5306
7431 2089
4297 5054
1726 1192
4466 9772
1276 8853
6202 3732
2457 4379
903 9971
9418 9809
3302 4297
4664 5144
4297 4850
4297 4470
2539 1557
9091 4297
2676 846
8799 1762
5480 9512
6823 8797
9901 3004
5916 4297
4129 4175
4297 111
2674 341
4297 7770
9930 3642
6540 2165
4291 4438
8080 5992
7450 3354
4605 8712
4569 9617
1505 97
6413 288
6464 6326
1538 7601
9368 2961
8135 573
4297 3772
4297 1148
5982 9855
4297 8182
2710 9141
6627 4356
1149 402
6242 2017
4405 3588
262 8170
2244 5459
9839 8462
9127 8748
5541 3063
3419 1434
8687 4976
4297 7029
4297 6916
7935 4566
7463 4412
2290 6546
6213 7163
1877 4297
6956 4297
7568 9089
876 570
5697 8780
3305 4606
9680 7022
6157 2655
7312 398
4297 6628
3787 2148
8331 1724
1632 4297
7402 3921
9308 2232
2565 1373
6583 8449
4949 4297
7785 4297
7724 4034
1636 1044
8231 4357
6307 6237
4917 4336
4297 8276
8465 8964
8459 4387
4297 789
8853 4297
5078 4297
7479 3731
8860 4650
4297 5341
5178 5951
1982 6794
9701 4117
2308 5072
6905 8554
5542 8371
906 9590
4297 3958
860 6701
6191 1161
8091 4297
4297 7962
3215 8999
3089 8146
5496 4725
2944 146
7245 1496
7232 4297
9999 1269
78 7968
6510 2509
4297 1505
6102 1661
1638 4254
9765 7648
4297 8826
4297 6237
3190 7314
9460 2024
4297 3948
4208 1690
9983 4297
7714 3069
6530 4297
4297 9750
4288 3561
9232 62
1020 5985
4041 5915
6170 6448
4513 4297
4297 2657
1486 4297
183 1888
698 7928
4239 752
7208 72
7988 3129
3992 3757
8247 4297
541 9310
1442 8156
129 9689
3132 4885
6895 4180
682 5720
8584 2723
7075 1609
6088 4031
6175 7251
3505 5934
2351 4195
3920 4608
3447 4297
103 1303
-1
4297 3384
8380 7070
8276 5217
7527 4297
1078 1697
4739 815
4347 6481
7965 2113
7117 4008
4763 1032
6179 1873
4204 9299
7973 4297
5102 8722
8086 1836
9207 5776
6534 2760
8233 5925
8621 9923
4759 3053
4297 9770
4925 3173
6556 3229
6358 6887
5261 5046
8576 274
530 3282
3799 4297
9993 7977
4297 4593
5391 6068
6182 8711
4066 7312
5937 2970
3233 1908
9678 4297
6012 959
7853 1800
4297 23
5231 8600
1037 4826
3391 4635
1342 8073
4588 579
4297 4299
8566 929
6141 1226
4863 6754
9084 4039
7422 94
3576 1958
8462 943
3923 2557
9101 9878
8936 5974
7923 991
3844 8722
4297 906
5487 54
4390 4297
3211 690
4297 4977
4060 2944
-1
335 367
6618 6254
6469 7875
992 1236
4297 990
5086 4974
4644 4297
1468 9921
8176 3339
9476 4114
4520 7885
9546 4297
7855 571
6831 8584
1962 6635
4297 638
5965 7357
1888 4297
4557 989
7858 9109
8472 3194
2308 1717
3197 7947
3922 6069
3721 4297
7936 4990
8621 8857
4850 1795
4297 3344
4593 7030
1004 3995
2826 9195
2533 3013
1065 9292
4062 7978
1936 6776
4391 341
1430 4297
4766 8888
9319 3681
5915 4377
4009 4297
2626 4297
6105 2657
2897 9811
4210 2775
8279 6445
6600 4297
6260 4065
7214 4297
9532 7424
3352 2611
8080 7860
3509 9953
718 298
3946 4161
936 1239
6777 5890
1111 6434
9323 5115
4297 7774
2223 7181
2124 7583
7860 9197
62 4297
6895 4297
5095 4297
579 4297
4772 4297
692 851
5679 4267
5048 1805
4297 6044
8936 6633
4297 1366
2378 5887
7851 3554
4297 1553
4095 7265
4230 4117
9375 2234
9542 9496
7277 4297
6403 755
7394 650
4297 5321
4297 3545
4051 4297
5743 6285
7900 4297
4215 6723
5779 1581
5008 7930
8062 6257
1780 4297
6109 7191
1937 9959
9944 8657
499 1351
472 9251
647 4297
1899 6002
5557 8553
1939 8938
2036 1217
2929 7224
500 901
2366 5797
5409 8178
9951 3929
751 6715
1002 4909
2080 7576
3109 4297
4297 666
914 565
3848 9580
2691 3213
2848 5746
1614 6943
4297 5819
4297 7502
4020 2583
1844 8048
8619 1546
4608 4297
3882 3190
3399 1357
4297 7869
670 1558
4855 4297
3592 6343
4297 5808
1187 5660
4588 8180
4714 2120
583 4758
175 8554
290 7843
2082 4587
4297 9866
2187 394
4111 2578
7134 8862
3107 4933
4371 4297
8304 4349
2622 4042
8089 6157
9991 1482
7486 4219
2870 1351
4297 8783
5178 9393
4019 5855
8749 8137
3169 8234
4297 4561
2715 1374
883 9110
3823 4297
5504 1008
885 2501
5752 1585
9486 7603
6347 6707
1383 4297
2420 221
1100 709
1272 5424
5854 5372
3301 9894
7391 1941
9392 2540
610 4394
261 6712
4297 1792
1305 9629
4297 6850
6124 9722
463 5764
1870 8701
3869 8906
4324 4297
5816 1637
721 2012
4297 4064
2370 8416
8838 4297
4297 8304
4297 2864
7867 751
9583 7050
6053 220
7810 7532
7231 2102
4297 8462
1643 3759
3836 4297
978 2537
8587 4821
8659 4297
2467 8041
2267 4297
1925 9314
9485 9232
9356 3998
7228 9376
1261 4297
358 180
6850 4657
4297 4504
6129 2315
3053 5165
40 4214
1877 3676
3288 4297
6588 1590
9501 519
8300 4297
1732 2592
4297 4364
8737 4297
7481 1948
2666 8927
1266 8143
1161 4297
585 8345
6547 484
1062 5357
7805 7287
193 7273
3374 6916
4561 1174
7104 6217
2640 6989
8364 4297
9824 8910
2903 6921
-1
4297 5541
4297 6702
1921 1219
1332 1638
5744 4297
117 7901
2331 4297
320 6221
7689 4586
717 25
3985 8164
4297 3046
4892 9934
4297 1097
7463 4992
5631 4297
2851 667
3238 4297
1839 2977
5422 5710
8908 7443
3750 624
6418 4571
15 1739
7048 8739
6889 4516
4793 5390
4233 5173
2318 3991
7658 2105
5885 865
3921 6363
2071 7998
8537 8543
1622 1019
8618 8614
7887 9231
4297 5261
4297 3928
5232 2031
2065 4028
-1
3377 8287
5000 7564
5181 9752
4297 3886
3538 44
8993 1998
1080 4297
4394 1833
2148 9746
5142 167
469 8398
3447 3391
3493 6927
4336 8140
4297 4220
988 832
9295 899
7982 4297
5438 4297
2394 2068
6491 6078
3874 6489
3494 7138
8204 56
8271 8196
8881 5862
3076 4297
9631 2127
289 4297
4041 3255
1217 0
4893 8131
1946 3779
8743 6665
6723 1247
1066 4297
4790 6719
176 3814
5155 4565
4010 127
3306 1525
6394 5
8292 4297
6354 1230
9381 8221
5608 2989
7085 4297
950 2479
2019 6306
4805 763
6538 6918
3867 4277
7410 4297
4775 4297
6331 225
9281 2015
748 9744
5704 381
94 2234
4051 1194
-1
923 7519
-1
8172 6634
4297 1111
3644 4297
7516 2939
2014 4388
3024 5519
5745 6314
1186 237
2561 9449
8810 324
4398 1701
8617 9774
2247 3290
8587 4297
7021 4226
4297 7708
6791 6002
2655 848
3871 454
6471 4297
4778 4297
4297 8676
3397 5634
8756 1478
7053 4297
8484 2217
7261 310
4297 7757
2408 2704
4297 465
5387 9495
942 9744
3932 5821
4417 6641
281 4555
6756 4297
2073 2187
2562 9063
7447 3900
1559 9455
1489 4297
976 3768
2674 4144
6089 6256
9794 4650
4297 9137
6700 2065
3237 7930
5247 6360
7235 7914
2388 297
5177 3722
739 7297
3950 817
8583 4936
8822 6737
5776 5039
2888 5983
2868 7020
6891 6552
8733 3928
8676 2800
1377 4297
4297 5228
6882 2899
4038 1469
5894 7767
6877 4297
4959 2604
4297 32
3746 9080
8005 2815
3284 1303
3472 4297
2714 8241
4414 7404
1788 8220
6935 3592
9051 9889
182 9682
4297 527
4649 4297
7340 7584
4513 6886
4297 3989
5378 8012
5630 4297
8624 3309
4073 1869
9984 4716
7308 4297
5183 3331
7107 7123
7166 4297
7334 1168
5563 4808
7094 7520
8321 914
7481 7798
8843 4297
2717 9143
3373 1211
5200 9311
4297 4439
9557 2404
6901 6398
4297 267
949 9367
3100 473
2230 6182
2428 8514
4628 6747
9393 7386
6114 5881
6831 2806
1973 3716
8381 4297
5053 650
5899 4297
4311 8408
4558 1905
2090 8926
1877 2375
7366 3978
766 3498
6845 1096
7187 4297
3633 2126
9163 3080
4297 3021
9054 4297
4297 4643
4297 1274
2682 9588
496 6857
4297 6179
5429 9442
9414 7535
4297 2666
8046 6001
8538 4297
9025 2428
7330 2125
4297 2314
7598 5954
9857 4297
3663 6403
4371 6943
4297 6632
3573 3763
4742 2625
8926 7727
1810 2908
8103 4010
6913 4297
4949 3619
4295 2433
6821 5691
9215 456
1287 2509
1090 7204
4420 4190
5415 3173
3926 4866
7235 4297
5497 8348
658 4297
4374 1886
7063 2976
4285 192
4297 3513
748 4297
4297 4718
8427 8334
1376 3494
3201 2601
677 2740
6810 4297
8942 1478
6615 6234
6608 147
1416 8404
4297 5280
8475 9646
4009 4676
6418 4519
4297 846
8839 5619
1996 4587
9865 571
41 8569
7376 1253
8188 409
4804 2174
9857 5255
6343 1773
5426 8131
4297 1784
2662 9116
1946 61
8102 1592
5462 6520
2120 8390
3999 1726
5989 2015
241 8929
6581 6261
5360 4112
8248 3658
176 8180
4966 8431
6279 8839
6572 7531
3578 5236
4594 3986
2436 4297
4229 2084
3871 5524
1418 8281
677 9569
3425 7820
4297 5360
957 5260
6665 1510
6469 3002
4910 573
4297 4857
9283 4297
8895 1850
2707 6287
3529 6725
4116 9100
6914 7220
4297 7803
9208 4297
4297 7805
3925 4717
766 1832
1392 2020
7602 7994
9166 5199
1621 9111
9564 2332
4214 5423
7356 8222
5643 5808
662 1266
9215 4485
7085 9456
9741 105
7439 2931
9183 4026
9923 6951
2607 3106
5570 6882
459 6909
4297 4826
4698 3462
9770 4944
2870 7941
3900 4297
4297 327
5111 1235
6399 4297
7308 4205
9507 838
5223 1927
4297 3335
1991 7422
1382 8995
6201 7876
7613 7499
9916 9679
-1
7674 7561
398 8410
4284 9874
3614 852
3516 8228
-1
9818 5593
7275 3939
6074 6819
1660 4297
9034 9595
9533 9317
1310 6868
5028 9662
3261 4297
8549 6805
8635 4297
2224 1048
5344 5580
4297 3054
1928 4297
6505 4515
4297 8860
763 1130
4297 2425
89 7931
520 2742
4297 4982
8807 5273
8109 7797
3452 3989
9108 9227
3850 8449
3324 3133
4297 7933
8304 9647
4297 6840
4866 7236
4297 6281
5839 7677
3114 4297
6926 7472
9879 5845
2478 965
5349 1546
7704 6636
2964 6870
9058 5054
5243 1324
9622 2077
6685 2192
2750 711
-1
6789 6528
5007 2806
9550 0
2059 4297
1758 2443
4297 5896
9826 5756
1724 8024
1959 6075
2682 647
2696 7867
3617 646
2388 7137
5806 2124
9335 6210
3554 2597
9791 2367
4020 4297
9960 8184
6360 6699
7526 6445
8626 2763
691 7818
6365 8767
7306 5867
504 3793
5049 5699
4297 4468
9377 2839
7112 9887
6521 9585
7789 4297
4297 4790
4610 4297
1054 4297
8429 4649
3529 4365
847 1288
8176 2635
4605 4297
7189 782
7015 5967
1174 4297
1469 2176
3571 8854
7677 931
7412 3841
2373 6584
6239 4165
923 4297
4369 7989
294 3344
1310 4297
1074 2241
9990 5113
5257 2300
510 3951
3644 9613
8243 3010
512 4297
8146 6692
2551 933
4297 1236
3769 7135
5849 5116
491 427
9999 4297
6791 483
1048 4297
4297 9101
3040 3218
6483 2269
2311 4297
6479 7236
5861 2835
7203 4297
8289 368
1510 5592
2369 2122
164 6412
4297 9763
673 1629
4297 5894
4297 5227
790 9979
1693 4297
5612 4297
6149 7617
7789 3726
9729 2372
2853 3302
9250 7048
1383 5475
501 4894
5625 9218
1235 8953
5095 6917
2400 7443
227 1502
501 4297
4297 7928
68 2989
4798 1502
7884 4148
2508 4297
6453 5002
2742 6099
3267 1610
3114 3648
3859 960
229 9446
6216 5833
4297 6854
8194 8526
4297 235
4280 7210
8233 9739
5820 8441
257 9112
5564 4631
983 4448
4137 7979
3814 2073
4297 1627
142 5437
984 6920
5401 3742
2804 8962
7502 1639
4588 4297
3437 5790
6586 8157
3867 5451
3273 4781
6267 1637
4297 799
4914 3308
7379 6093
7528 7377
8687 551
6483 113
4297 5879
3114 2334
3349 9314
5770 4643
4297 8935
4297 47
5242 9200
4297 2849
3701 6088
4297 7191
9133 6229
4492 9711
2818 3203
6740 6281
8341 7583
1659 4668
9261 574
4297 8993
5281 6020
7384 6185
9998 825
5050 3715
1447 4297
855 2844
641 4297
5566 7589
6511 1306
5997 8032
4297 7063
2369 1082
7262 2075
5559 6634
58 6316
3997 8467
9036 6725
9130 1083
2760 7472
2078 3758
9924 6897
9977 8637
4297 6954
4780 6555
3540 4297
4297 9439
4297 4758
4228 4915
9749 430
8239 6724
9036 4235
6956 4199
3240 4297
5565 338
5682 7224
7986 4297
2966 7220
9900 9812
3302 1693
715 7982
3563 2618
4297 7215
5102 6071
4297 2823
631 1273
5480 793
6584 1183
838 2532
799 3106
7936 8933
4297 1204
585 4297
7203 4722
4297 499
8575 4225
1097 7735
5253 355
2127 9431
4297 8520
4297 3397
869 293
2700 9029
4297 503
4297 7596
4868 9454
5675 6066
5716 9590
7098 5598
8884 5821
7321 5998
9904 9480
5549 4395
8923 8310
1308 2168
4944 5490
4297 9004
3858 9528
8482 6128
6557 4297
7482 4011
9495 4950
3154 4258
2075 445
5539 5370
5359 5568
8458 4297
342 7722
3825 4161
6548 844
4583 2972
4297 2838
3689 8740
7887 1170
5031 4297
7425 7580
4297 1273
9456 5729
446 1082
4297 2462
3631 4807
9843 5719
4480 1432
4138 2351
2315 6117
9568 722
894 771
527 8570
3207 7070
4297 2938
6810 78
9106 722
4974 4638
5618 5369
5408 595
779 8474
8145 4300
1697 9335
9095 8061
476 8965
9736 552
9047 2354
7001 6997
8671 7019
71 9680
5124 2040
741 7981
7845 6199
5596 9654
7890 2137
4303 23
9804 1908
4297 2502
4297 1883
9661 6391
5708 2746
5476 1836
2061 4515
8016 9533
5635 1814
1465 815
5915 4297
2586 5325
9676 2783
6800 7584
7403 9176
4297 4587
8185 4520
8393 8757
1059 4593
4297 8308
4299 352
4996 4297
4165 6421
1324 2040
6047 1368
4297 5319
6870 1009
7319 2594
3770 7770
1080 8615
7032 4297
1148 8137
4297 5738
8943 5111
5177 4297
4297 8847
4070 792
9882 6301
9167 9615
9170 4297
4297 1068
8856 9116
2376 6413
1179 2847
3017 9795
1044 4297
7093 2571
4297 6428
7639 5052
5290 6560
4580 7759
5704 5079
4716 664
9921 9931
5629 9270
7678 4504
6602 8783
12 4297
2217 6263
7479 9772
1225 1670
570 9520
5175 9459
9432 7018
4079 5299
8287 2958
4220 883
1254 270
8904 665
4697 4297
5467 6330
4297 2232
6714 7928
4297 993
4297 1090
2783 9222
5145 4203
6364 7028
4297 5877
6858 4297
7258 9206
8892 6594
4191 4364
6540 3792
6629 4297
6390 448
4297 2743
9799 1377
4297 8684
9212 1698
4297 7811
881 5190
3183 5658
2057 7455
1465 8970
3990 1185
2442 4297
8178 4197
3454 5541
4862 4225
8543 8434
3954 9777
4297 9795
6156 3027
7517 993
3533 5768
9738 864
2918 2900
1267 7982
4990 8631
4297 9428
7705 1269
1434 5452
7151 8234
5730 1643
9203 9164
3629 4052
6965 4689
560 9053
9494 735
4060 6679
3420 7827
3930 5701
5653 8166
3605 7276
4297 381
5005 2144
2956 8900
2827 9866
4297 3882
4297 282
6757 4297
8615 1186
8605 3844
2427 2659
2470 4233
8649 5374
6428 150
1662 4297
1190 1379
8025 9839
6308 4297
6475 396
1155 6320
3811 5169
8849 3395
3756 5125
1850 6731
5027 5240
4668 2978
629 4730
6158 4204
4297 4285
5322 9031
7760 1221
4297 2748
3545 9037
5845 7815
5459 4297
7935 9586
9941 1972
2286 6425
9005 6925
4915 5228
252 7810
8538 4578
4202 972
9882 2239
5128 5661
3001 5375
2864 6919
9548 4297
1953 8888
2426 3096
9435 3016
3436 8792
4297 2910
6281 7789
7776 8747
7109 683
1118 8576
8749 4297
9244 1011
2049 7647
4572 3167
7086 8172
5778 6692
6459 8682
6787 6894
1153 6077
3525 5076
9716 2173
9748 3656
5047 7993
5762 1683
9216 9237
3552 3072
9049 6411
2030 329
5612 3442
9552 3461
5288 8463
9088 4297
2146 200
9207 4297
6628 8255
8356 3334
3776 4297
6340 4297
4297 3385
8635 2365
4784 9186
9270 6187
2156 2068
7805 5028
7639 7182
1098 8299
8239 4297
4297 876
4085 4277
4297 8875
3599 4297
4275 9601
5262 4946
5812 2235
-1
6498 3858
4297 3535
6753 7801
9666 873
9095 2625
254 3183
2823 267
4297 1862
1621 9173
4297 8981
2103 4297
1431 2679
3955 5624
1032 1968
4740 3553
8668 1696
9148 4297
8862 220
4297 3262
9734 1928
9179 6033
4641 1043
7936 4297
8662 8659
4297 6989
5346 9245
3019 9550
4156 4297
229 4297
8472 6866
6756 2238
618 1998
-1
9901 1403
8158 4297
4668 4297
4297 6225
-1
2052 8012
6653 4297
9690 8630
1123 1955
284 7803
3203 7274
4308 6580
2084 1421
9182 6100
3320 1930
5379 6104
2846 8964
596 4297
9480 4274
7654 8435
8870 5743
373 3928
6228 969
6184 6628
4297 8385
5323 4297
6696 7650
4811 1370
4297 5643
8134 9447
868 7549
3276 3490
956 1412
9097 9976
947 2946
6720 3986
272 4297
3373 1627
9606 5344
9504 6098
4297 6801
4297 7111
9012 6389
2280 1382
2693 8663
6352 9628
4297 6541
1195 8193
6356 9808
4297 5951
3056 1297
1596 6011
802 5353
9269 7228
3075 5623
7835 4297
5905 3582
1272 4297
4297 4280
5255 4297
4344 4238
7849 7629
9942 4173
8650 4297
2692 4262
5896 1074
-1
5514 2573
6306 4297
2344 1163
9998 2550
4297 2618
8091 6466
9089 6457
6626 393
1025 7333
8174 9857
4572 3266
646 6577
8588 8791
735 7029
3600 7720
6956 3601
7356 901
115 1390
6629 7973
1919 9489
2592 1312
3948 4916
6171 3082
3377 7433
2079 3727
3705 7984
4297 664
2446 1924
4297 4144
5213 1068
5656 5234
4297 2304
1816 1715
7632 656
6391 2177
4297 3569
4297 6491
8607 9780
2529 7316
3829 5689
3320 1288
6877 9671
4129 1660
6182 4297
-1
1054 2354
3583 9130
2375 9447
3915 4499
8292 1923
3880 4297
4297 5242
4297 4215
534 1603
9729 4297
2248 2286
3140 638
6980 8594
1361 8734
4297 5343
9273 4462
1339 4442
7978 730
2396 6428
3116 3769
5983 688
4544 5372
8016 2876
5340 1294
2078 8732
7400 4297
6101 5406
5123 8115
2169 6480
1897 347
355 3535
-1
577 7322
7727 5113
42 1708
2687 3119
8939 9520
1774 2781
6729 7679
9312 5089
1842 9624
382 2886
3118 7553
4297 863
4297 8897
5978 4989
139 4297
1590 4297
6107 7934
6592 7778
4992 7187
3501 3663
8387 7068
3790 3132
2542 6957
8663 2379
1521 9564
3187 5128
9325 9218
2897 7561
1520 6227
9528 4768
9102 3843
1669 9418
9828 1385
984 5860
9391 4297
3655 8165
6450 7442
4778 820
9610 3129
5225 8207
4909 1488
4297 7968
8502 5826
7882 5168
6938 4297
4276 3194
5056 4747
5038 5691
7489 4297
3837 2679
6280 2434
3915 6824
4887 4297
-1
2988 9091
2868 1933
8605 4297
9263 4297
5894 3429
1919 5498
4297 6547
6073 6385
5985 8660
2365 913
3543 1204
3137 9257
1356 8077
4790 86
5582 4149
1701 4297
5978 4297
9516 2508
4372 7509
5723 5516
9226 8939
4651 2847
4037 4622
116 690
7054 7210
4191 4197
6850 9104
3264 4718
2113 4297
8211 7964
688 4297
8191 3859
9057 1846
4297 5866
-1
4297 3592
2020 9878
1250 2583
3439 9582
7164 3745
4297 9278
5806 5393
4297 9173
4297 7149
9646 1468
399 4297
4297 4698
4297 7138
2164 4462
7058 1627
2107 4297
3608 8069
-1
8765 4297
8182 2908
1712 1121
-1
6590 6273
7204 625
1206 4297
1959 2031
2390 4817
1506 7217
14 2391
9351 8404
720 5134
6110 2605
5231 9334
9538 1978
6724 4297
2871 4297
4297 3777
2254 8117
8892 4297
3296 3744
3486 2443
5174 4101
4297 3121
825 1381
5745 93
4297 4496
4297 1990
9595 4674
4297 2386
3988 9318
5626 1905
3246 4297
6849 7487
148 1225
93 5407
4297 5550
8679 2156
7598 4315
6093 3127
3042 7678
4935 352
7496 1220
5859 9121
7135 739
1105 4297
4771 7206
6257 9154
1338 2230
7596 2678
5337 2208
8219 7907
1046 3451
9717 5741
5125 9367
1250 2096
587 102
3676 2688
3547 4297
6323 1259
8190 4297
1043 9097
3120 4297
3620 9723
5378 8092
1678 8996
2172 1106
9872 2158
7875 4816
3132 4297
338 3564
2979 2236
4297 5821
1105 372
1086 4293
6795 1220
2090 5100
7467 4450
7183 5185
2169 412
8221 9075
2626 229
4297 3141
5535 4297
8588 5031
4914 3139
5275 6867
4395 4297
6270 8618
3140 8502
4297 6135
7057 8674
1716 6046
4316 4297
8677 5450
1888 8581
4297 9542
4297 669
4297 2562
2417 6926
6167 7872
2257 9935
6808 8519
4297 1503
5970 4297
4937 8154
5226 2993
6901 6957
3106 4297
7594 944
6703 3204
1138 4966
9677 891
3305 7567
1281 1017
6619 7468
339 6716
4297 677
1051 3176
2095 6427
5472 8797
7484 3318
4297 472
4500 6364
2317 2963
3473 6858
7331 3425
1580 6286
6655 5684
-1
8972 7627
6521 4297
4297 3053
7134 2754
8066 6954
5807 144
9941 4174
6962 6370
4897 6640
6714 8351
4297 6121
2554 8693
185 4848
8433 4297
5735 1633
2490 6748
4316 59
1122 9424
2947 6682
2182 1838
1048 4468
2359 1933
137 2143
4697 147
1545 1081
3809 9891
4391 4297
12 2837
2961 4297
2681 1418
7849 2138
798 8294
799 5830
9016 5467
5974 4297
6756 6643
1725 6020
4298 4297
610 4847
8589 2547
3532 6101
8579 8075
2873 3364
3381 5436
4973 8133
4297 3480
2717 4297
8046 504
6034 8785
7635 8434
8798 1915
8897 5972
3694 6203
6602 7180
1922 7707
8521 5625
6980 6380
6171 3420
-1
7717 4772
2971 8923
7876 5567
4297 5145
4297 9737
7024 3882
9151 4324
5349 219
9531 7477
5936 9005
8589 7344
9346 4789
4184 111
8996 1582
3332 8620
4297 9665
8145 8782
2184 1632
8545 4817
7654 1816
4297 8835
4297 2856
978 481
4441 3134
2104 3082
4297 6172
2324 9551
5520 3099
5153 5003
7667 5337
8479 399
7507 874
9623 4297
3238 5498
383 725
4297 8255
6135 7128
6837 8737
424 8014
5731 8669
2748 1633
5684 5432
4297 4792
5451 5572
7962 5518
42 4297
3313 8301
3543 3830
4297 4553
5215 6588
6423 1301
2852 2904
537 4644
4297 293
7299 6704
1851 7231
1272 3269
3879 6972
626 8464
4297 3952
6276 973
4297 2430
6422 3751
9560 89
7902 4297
4297 5745
7330 2386
5497 1775
967 7022
9110 1281
3453 1862
6252 2269
4249 7576
771 5590
5280 3901
196 9054
7388 4297
5939 6586
4802 6949
2973 2552
3306 4297
1246 4114
7795 3932
-1
5666 7885
8836 1191
4297 5317
9403 7392
6763 3526
4297 3763
7253 9925
7973 5777
974 9391
6239 4297
4297 6001
5587 7894
7622 3532
9824 4297
5270 2620
7914 7493
-1
9189 7
7809 3483
6920 4250
4297 3024
3439 4297
6073 6658
4576 4297
8643 4297
6556 2789
6167 219
1578 4297
2262 3569
6835 6545
3141 9300
1738 5217
6081 513
3900 9682
6335 2188
2876 1360
365 4180
1709 9562
1445 2030
4099 4249
2425 3852
2486 8154
3396 7854
6797 717
9336 8207
9018 6918
8281 5764
132 7030
3655 3083
6285 9538
9882 4297
2209 4297
639 6244
5579 8454
3041 2693
6985 3493
6491 6599
5166 1115
4297 3313
5052 3220
152 3134
6426 4297
250 6100
4297 2774
8481 563
2086 644
3755 830
4022 1730
7944 321
4297 7434
4297 8577
7361 7458
4652 390
2314 7610
4371 7856
3559 4297
-1
963 8276
4103 2743
8951 6543
1953 3811
2010 3841
7049 4188
8529 1710
4278 1987
685 2569
3483 6156
3926 4297
9628 2658
4763 4963
3319 1079
2482 2953
7692 3840
9931 4262
4297 8137
7073 4297
2367 8357
8536 7569
5395 7273
-1
4297 1610
5817 8569
1174 8308
4297 1959
1731 4995
3068 5989
1988 3726
3722 4297
8190 870
1659 4187
6606 7015
5265 4911
5532 6909
4297 6072
8317 2839
2017 7156
1366 866
6471 2276
6642 1141
4297 2997
8669 1467
4297 6026
2712 4297
2522 5216
2172 4297
1525 6348
9164 4297
4297 9276
4297 2625
7413 2611
4297 5395
5546 2242
7002 9460
8601 6772
3901 8661
4856 6748
4297 5406
5603 5865
9281 8562
4488 4297
1734 4297
9373 1141
2662 9301
5887 40
4297 5488
9287 5592
4190 988
5173 3404
2712 2249
672 4297
32 3644
41 6386
9722 2907
2098 7731
7412 126
3225 434
8883 2137
7897 9786
2932 3004
8514 593
3107 7045
9173 2671
146 1017
1154 8845
3695 3048
701 7893
5933 6545
7490 9240
8895 1886
4297 6872
6984 5815
2786 2294
181 9759
5450 2903
5428 8884
4297 1908
1172 9547
7410 673
8364 4707
9956 7442
-1
8935 6410
567 8264
9274 7588
7834 9082
9353 899
4297 1889
4297 5456
6482 7002
6375 5937
5623 9380
3174 5463
3309 8421
4293 6622
8310 2684
9780 748
4237 5917
8185 8345
6221 1829
4297 901
8838 6503
6820 6676
8891 4485
1780 4449
7986 2033
4297 3225
4491 4297
4297 7076
4297 8072
5896 7711
9742 5825
4297 9206
1527 5494
4557 3640
1093 3746
8938 8911
2398 5193
2763 1496
2163 4645
9299 4297
6700 9286
9587 6422
4297 8311
7344 2759
6531 5261
734 4297
19 1673
3344 1986
66 630
1639 2168
9294 4297
1329 3202
4297 3943
9031 4297
974 2559
9425 2387
2161 7569
22 7664
2103 8380
2301 9294
6280 7188
3459 997
4175 8117
8380 4297
9200 9601
6053 9504
8177 4982
2749 9865
4297 1288
756 8826
3935 6682
3333 4297
4297 8309
8822 1280
4812 3405
4555 4297
4767 3397
4081 3890
7844 12
6876 6859
3078 9790
5275 9170
671 3485
3152 8319
2956 5155
3739 5193
9034 6032
7276 4181
3505 4297
6802 5317
4470 7532
8837 232
3428 2814
9553 2485
4100 982
725 4297
2237 5572
1591 6300
4297 8915
3509 1943
6009 4297
7323 4857
6209 9491
5126 5820
-1
8914 4734
3076 3451
9947 4815
4311 7180
4297 2682
9944 4549
8860 8747
3203 4297
5617 4737
9975 4297
4297 9543
9111 4297
8547 5735
9007 4297
4996 387
9902 7808
6799 1693
7854 1969
9093 4297
2638 2848
77 8355
9788 482
2692 2938
4962 5356
4297 342
8665 9654
7516 4996
4297 4379
3731 115
2164 965
2027 4048
3475 136
5327 3772
9994 2436
2061 4318
5177 1529
129 390
2422 2245
1493 3428
1896 8989
1596 9877
7346 1957
8041 7943
4455 3674
4297 2566
845 4156
2244 4306
5256 4772
7662 3395
5118 5229
318 8629
5669 9257
8169 4793
715 4297
4149 4297
6687 4862
8704 6940
54 3432
4297 4526
1823 3105
5454 4825
9199 6801
2485 725
467 6790
4061 567
3688 512
225 4297
1657 2715
3294 8988
7181 641
9586 5911
4297 2674
6134 6653
1122 6133
284 2963
7938 9015
980 4297
3490 1984
6925 5162
2237 9008
4297 8452
4297 3751
4297 1122
7566 5272
7655 4217
8670 2853
4342 7118
4297 97
7007 489
9892 9955
1919 4297
4297 8024
3847 3472
5060 6557
6706 7958
1054 4490
9069 4644
1310 8799
4521 5211
5173 4297
2677 3470
947 4297
8079 9817
1222 1934
7483 2245
4297 5582
3385 6548
2849 5843
8782 4935
2257 4297
1100 1420
7474 135
6806 5723
7966 536
6759 7499
347 4297
4297 6787
134 7425
4297 5326
3148 8737
344 7774
4874 6037
4297 8177
4297 5869
4297 9531
574 1591
830 4297
8452 7367
5085 8556
8036 4297
9633 6026
4297 9985
3878 4297
5438 9227
6757 1557
2659 500
4099 3276
934 7496
8442 9088
2042 5662
419 6128
8446 1479
6012 4297
63 2775
4297 4886
4300 57
250 6158
4418 1196
3312 9148
2793 4889
3313 3795
4297 9477
7653 7222
9738 8594
6348 4184
4019 9553
4436 4297
2203 6114
4297 1670
7253 8353
7237 4959
-1
9206 2254
5744 4341
9600 364
3417 4203
6 3408
8436 5200
5048 9305
4297 3374
3355 6690
6495 4297
4297 2358
4708 4297
2913 3989
4657 4297
7319 2697
3321 874
9799 1302
1180 7874
4297 9486
9416 4297
74 8529
2779 9007
2578 6251
1835 3505
5341 290
5496 3795
7123 4297
4826 9537
8801 1970
715 5319
191 4297
6886 2058
1839 4297
703 4297
5087 4297
812 2502
4807 5760
9478 7447
4297 3774
3275 4767
2835 3802
5993 4441
508 5121
2126 1221
63 6755
204 2566
2158 4297
944 1278
1103 4459
60 4456
7039 3288
9306 4657
6644 9069
2000 5089
8289 9274
7015 4297
8842 4152
7289 7527
989 5312
6999 9071
6347 8976
3931 5038
4956 2626
1647 8421
4297 6365
2253 5076
4297 3069
8650 2331
7769 6713
1970 706
1661 3089
6917 4297
-1
8057 4560
4480 5384
7471 6740
833 9715
4541 2846
4188 2431
7991 5158
4299 7558
9807 2007
4297 4454
2491 4297
4341 4714
6032 507
2124 4297
732 22
4831 1567
4377 2376
8704 4297
4297 3117
3477 6914
3857 1187
561 8571
4775 4199
5018 6117
6846 9940
3708 4566
3918 3540
6876 9113
4297 9087
3334 4297
7376 7848
7051 4297
2671 4297
5952 6865
6985 5332
2628 4733
2998 3238
4078 1811
7661 9432
6806 4297
1636 4297
864 3236
4297 3583
1797 8674
4297 8881
2022 3770
9766 7006
9213 6464
3154 5443
1709 4297
6181 4576
8771 5243
4900 2988
5970 7139
6012 4545
4297 701
6054 8631
8887 4297
5516 9194
8514 4297
7229 9395
3619 6001
2144 136
9455 1586
1323 3788
9260 3978
565 5078
4297 3155
232 4297
2913 6086
6225 9473
2359 7768
6378 6619
9691 148
789 1942
3143 628
4297 5169
8010 2324
7720 2999
753 6417
4103 8825
4512 8118
3127 5115
9319 4775
5617 3189
8912 2287
6859 7416
9774 8055
4297 4045
9507 2932
9600 7434
4792 4153
4433 990
9620 2348
8300 2519
4297 5476
5727 4343
5332 3825
6996 4554
2966 1037
844 1212
4798 2275
4297 3802
8702 5804
6320 3472
8470 4910
8977 889
4297 2969
4066 6
1770 358
6212 6972
6254 2636
1590 819
6085 1435
4508 6096
6635 4297
1894 4297
2620 9613
7307 4297
7523 8980
6066 5866
9477 6902
-1
9690 309
3325 4226
1996 9355
1368 104
4484 3846
4022 9119
3116 9695
-1
5802 9678
2113 4555
4297 3789
4297 4956
3916 5819
1614 5656
4628 4177
434 6590
1268 4297
4364 3399
9757 7208
8346 8458
6982 3462
3684 5772
701 6780
7547 835
949 8559
4297 1188
1320 8566
6172 5638
2786 1013
1519 9718
5962 9031
3792 7974
4297 9047
8313 6077
5339 477
6746 2317
6679 4297
8338 4034
3976 4780
3807 430
1429 5031
2041 7919
6454 9349
9328 1139
6354 8749
9051 8651
1204 9485
9884 4297
3545 2892
4297 3314
3694 5503
7033 4663
3684 6862
4024 4297
8624 4297
8121 3234
40 4297
9320 943
1774 4825
1948 8285
4220 7962
9988 2707
1894 3491
4297 1797
9176 4297
4297 2248
7742 8156
4395 1234
4297 5457
958 9442
1416 8733
1332 7489
8256 789
7633 5631
4297 2640
8226 1966
4297 7605
5094 4315
8474 1261
8789 1710
3913 5783
-1
9975 2676
8191 1138
4260 1942
7668 8325
8792 4297
2780 5643
3554 4297
5166 4172
8476 8232
5891 6544
5462 202
8341 2740
9274 4297
2208 6897
4297 479
3478 8765
2568 6487
9266 4235
4703 2267
5300 8006
1460 8111
4159 1808
527 8118
1734 9985
1436 639
7110 7498
8299 823
5660 8889
5601 2238
1279 4067
9492 8528
6384 218
2984 1797
324 3207
9942 909
4297 6620
773 5895
7454 1755
9376 9153
382 3227
4308 9192
7450 4297
2143 982
9749 6450
4085 4064
9113 8241
4297 219
2712 6696
4297 1155
9568 3790
6056 7980
946 6033
6331 3293
4645 1709
4297 2781
4297 3901
1842 5262
4676 9049
9408 8279
2397 2358
4297 845
6657 8427
9071 4297
795 2467
9488 6511
3600 9753
6381 5895
4297 2606
2650 3358
8537 9662
5409 5158
87 7107
1662 8294
707 6687
8070 8953
3693 4576
2629 4297
6518 3442
7619 4297
2568 7905
6410 4297
9879 8035
4239 5860
9369 4297
2397 9225
9880 1406
5524 1573
9665 5566
4297 4580
4366 5303
3571 975
4739 3261
5777 4378
4297 9261
397 3727
814 2720
595 3149
1839 460
2523 1893
1609 4297
7804 4297
787 1756
9818 8433
9117 4391
7896 5711
802 4534
2854 3789
658 2357
2300 7199
1990 1647
37 6718
6453 4301
9454 5972
3187 2386
6512 468
8408 561
4297 2478
9699 3781
4304 462
9787 5653
5185 4297
4652 9205
3640 2119
4111 4949
7917 7050
3774 7760
3137 580
139 289
3069 5035
5917 5006
6227 4318
60 8190
8668 7033
7646 1115
1331 4611
9644 4342
4977 4585
4386 9666
470 4745
1642 9582
4297 7943
587 4297
4297 5929
7894 7029
5952 7474
4173 6709
3434 5576
6506 8645
6296 5328
2079 6392
4266 8288
9826 7039
4615 541
4843 2033
4137 4297
-1
1575 6457
1915 7659
-1
9981 4330
8464 4297
519 4297
2104 4801
8072 6142
7203 6142
9426 6777
4297 3739
1254 8900
4297 7713
4976 1268
8614 4297
3031 2171
3066 4217
4242 8564
4297 5035
5215 8957
8616 3628
7531 4979
4297 8840
122 5638
3736 4810
5355 7688
7795 8940
8520 6270
3536 7244
6931 4359
321 4297
4297 4545
5089 4297
6657 5720
5763 9426
3955 1298
7906 1968
4297 8094
4094 4297
9421 1086
4591 3216
8377 7429
2636 182
1423 3385
7717 6272
1390 4297
1166 4297
2276 9108
2886 6658
1223 1374
5628 9636
9506 4470
8684 6104
4297 4485
1106 6661
8375 6306
5319 4096
4575 9651
5913 198
5610 5484
4297 7993
851 2843
4405 4297
8599 3702
4062 4297
4297 1899
14 664
1183 6409
473 2615
5877 7430
6615 2964
8652 4405
9327 6054
1795 5910
187 8957
5452 6730
2054 4297
4024 5991
3803 4325
3291 3890
9665 2176
6188 9446
8586 5838
4306 7767
1241 491
7495 1807
7 1762
213 994
6065 4297
9199 5738
4297 7374
6302 5326
3038 7288
4297 9036
3732 7808
4297 1607
4502 6530
1392 3763
7545 7188
6191 4297
8767 4297
7117 71
8601 289
4246 6083
6501 5733
4297 2984
6217 9004
7156 9925
8492 304
6840 6287
4297 1180
891 4297
4042 3993
3021 201
4297 4499
8708 4927
3820 4297
2635 8319
2277 9118
2206 2560
8586 5647
5808 9574
4297 7519
2047 9985
5218 2929
9697 4433
7027 333
8233 4297
2018 6787
8121 2039
2621 5165
4026 405
1861 3686
4297 2557
3319 2039
7190 374
3701 9794
1360 619
5258 9605
5112 4278
3910 1493
9644 9355
5521 8293
2869 598
8100 3768
3607 665
9695 4297
3366 3742
8032 4464
2466 6340
105 9905
510 4343
245 1712
1373 294
3530 4206
7933 5998
9535 4808
1673 2042
7667 7409
742 4319
633 8620
3845 4297
8736 1399
1376 2172
5386 6454
207 7966
4297 9512
317 4297
4297 3187
8662 8475
7951 2721
496 4297
1405 2511
7556 9137
3184 2314
6318 9554
5891 9770
4206 8643
2206 1776
4297 1449
6560 2149
5518 4297
4698 5825
173 3349
5603 4297
607 4890
8219 4516
1358 2066
7006 4448
6004 4297
5594 1349
7111 1140
8743 3016
7643 8962
1391 9050
1491 5756
5854 4297
7063 7377
8279 4297
6977 1545
9718 5058
479 2353
4297 5193
8619 7934
5087 7458
9880 5350
924 2909
2174 4499
1556 839
9183 4437
7301 4297
7954 9957
7123 5139
2059 5774
8213 6154
9325 1758
4861 4636
9689 7828
4297 5775
9045 4847
3047 869
3873 4726
8798 6808
4297 6580
1431 255
7539 7086
9141 6636
4020 4606
9711 9244
4628 4297
7977 7755
2689 7679
5612 5287
708 4908
4297 3745
5070 350
6541 5471
4297 5115
-1
87 2004
1372 8324
9105 8655
9225 2028
5600 1603
6752 5827
1413 1997
2909 4804
4303 7354
1600 9163
4297 7535
9044 1426
4297 2084
706 6840
6765 9176
6962 7483
2357 7580
2670 4297
4297 7964
2648 2779
9951 4297
4297 5265
4297 4100
5890 2759
8651 8308
4297 1398
4420 6078
2747 5689
2870 4297
5216 1830
8500 1852
3890 4297
135 4096
608 9870
1143 2621
596 5210
8394 6210
3042 9531
4297 5741
9151 5325
1835 1941
470 9643
3777 5838
4855 7665
4297 1643
5550 1166
476 9938
969 6643
3540 1632
8976 1081
6379 5755
7325 6823
3766 5072
3170 7493
2355 5911
4297 4466
6009 9247
3923 2184
4297 940
2787 3381
3008 5281
7051 2900
4297 817
1519 9583
9890 3477
5326 1701
5913 2063
4297 5433
2257 1007
9336 828
8055 4297
9114 4956
5461 4748
6307 4297
9357 4297
9981 2917
2752 6042
4297 3105
1503 9405
7251 4297
5307 1506
543 5210
3189 4138
9383 4301
4297 6857
4650 4297
1896 2884
7150 2895
3920 4297
7264 1025
4297 8712
2482 959
2697 9919
4297 820
6412 9632
7141 7053
4120 7059
4297 2481
3110 6706
4297 7062
7454 7363
3632 3588
1372 4297
5661 6807
-1
7689 270
7315 1445
4297 9555
304 4297
5619 8793
3618 7407
6442 9212
8463 9365
2058 7707
9028 6744
3275 1827
2139 1883
4297 8092
1840 4614
9947 4297
7804 5027
4297 5587
4297 6528
4768 1572
4297 5937
1276 4297
1003 6998
4740 652
2158 7350
4297 1123
5328 3580
2328 4542
4610 15
823 779
9897 2505
6597 1154
1059 7388
1473 6996
6872 8026
4297 720
9133 6442
4297 2615
19 4297
4297 8139
4297 9505
4665 6854
4297 5339
7523 2970
6273 4297
5760 3409
3850 5679
4297 4999
733 8043
2554 4701
9485 4297
1369 2261
4297 911
6086 9112
8385 4369
1044 3783
4929 4297
9753 9983
9947 3013
3217 5568
7742 9704
4295 7435
9891 2505
4422 5273
5662 1403
5441 204
1622 9304
-1
5796 7513
3549 9897
4417 8022
7367 1133
1024 4297
1600 4247
9092 9216
3705 2059
7907 3535
5660 4297
4067 8981
1355 28
3264 9647
5642 3361
3453 5189
865 7647
6501 5993
61 178
4297 7346
4297 9617
3688 178
9801 5729
9300 4413
1295 4297
443 861
6140 6685
4562 252
4297 5162
10 9784
3863 1871
334 1507
3019 7635
1939 1065
8843 9413
9742 9362
4297 5727
3233 3513
4094 9100
4816 4297
2014 2844
4297 5178
7482 3300
9686 8025
2451 6832
5046 824
1566 8130
9900 4297
1690 7026
5490 4297
5830 2348
6633 1287
7897 1015
9913 6799
7349 6507
5443 9598
4319 4988
5733 8837
9984 2940
911 5286
2012 9152
4115 8349
4109 5991
2191 9377
9395 2412
-1
9547 6705
5170 4466
6805 4297
7410 4621
6338 6211
2237 4297
213 4297
282 4578
770 3992
5971 1189
4646 9645
685 8473
4297 6184
4290 5630
4297 6253
709 3905
4297 5564
7547 4297
7183 9943
1936 3414
2088 6711
3095 4297
4297 5256
3307 2926
456 8376
2925 6367
6404 4297
322 940
4297 4793
6375 4202
4297 7059
4210 9284
8349 9736
5596 7785
5982 244
6612 7545
4757 2119
8115 2331
3711 6289
6253 6037
6354 4297
5902 9198
1161 3256
7627 8268
5099 1098
6640 9404
4297 387
3716 7824
9632 7334
3159 6116
5527 5260
9787 3905
9698 9505
8092 2425
3093 4297
6254 4297
7333 4432
5750 3802
5004 2704
7081 4488
5763 5118
4855 3976
-1
8638 7288
6177 1077
7862 3846
4436 9399
8560 4297
7301 1890
9154 8676
3017 4297
8054 2049
3648 8836
7802 8685
1377 7902
8629 810
4297 4944
6332 4297
9775 6637
2678 5265
3366 3618
5375 4297
6872 8503
4388 3044
2077 9211
441 3324
4297 9211
2262 4800
8536 4297
7105 2614
2185 8381
2267 8696
4780 4297
7031 8359
2041 4297
317 7619
-1
7854 4297
42 5071
3707 9829
4012 2794
3510 3536
2260 8471
3333 8734
9932 1190
9478 5559
3499 7237
6910 9413
4297 1115
1035 2434
7017 207
6284 8637
9648 6476
3909 8184
8553 8070
2108 3609
5994 1463
8102 6301
4297 3266
6557 1399
1636 6478
6599 6216
6367 9968
4297 860
6121 8835
5353 6764
6160 4297
6322 3227
9969 9039
7045 1179
4533 9349
960 3020
2800 4297
4297 3001
6314 6284
9386 2461
8375 1012
6667 6861
3221 7770
7778 152
9310 4297
4602 3799
316 2192
9243 4297
1820 4893
3046 4230
5129 4900
7901 816
9812 364
3746 4297
6784 4981
4297 3382
8762 9807
5971 329
2918 4297
8783 8094
2769 1740
4502 4324
1770 7434
6905 2453
7555 4717
8531 7851
828 1516
3047 4297
7989 8062
382 4297
4297 3082
7873 4809
626 4733
4297 7894
5747 6480
4297 2634
1993 1957
2516 7439
8955 2374
651 7893
9477 6421
7570 8077
4297 5760
7378 2601
5189 9764
7523 4297
1090 630
8904 846
7822 4297
2860 1777
4246 5954
1301 887
2101 7416
3176 1429
2304 7094
9263 6072
9940 1938
508 9502
2318 3139
1598 3672
2234 4297
4297 1519
1924 332
8446 6924
4862 4297
4297 3553
3118 2624
4726 4297
4297 2226
9369 4595
9234 6861
6051 1629
2995 8526
2232 9166
7471 4504
1932 8265
5208 4297
5266 7386
3584 9365
484 3614
6597 2066
1004 4541
2614 9278
6119 6813
8127 857
8138 4297
3776 4982
2121 4347
1463 9930
3246 9678
7111 2711
5438 19
8912 9404
2950 6546
7498 9115
9284 4792
9132 3382
770 6568
85 6518
293 5049
9028 4297
7713 6302
2691 4297
9402 737
1013 4142
4297 619
2038 900
8857 2680
6579 1824
-1
6081 4297
-1
6790 5522
4560 9716
5565 3683
2823 1586
4297 7224
2383 4012
9521 8317
7222 1676
6868 3010
5148 1442
4529 6202
4721 83
7937 8731
8165 3119
3809 757
9787 4297
6502 4297
2559 4297
4721 8358
4297 4734
546 3656
9109 8069
2720 4297
4580 5725
4297 5781
4297 6949
5006 5227
7549 8549
7321 9299
9082 5501
3407 2657
6304 9905
2850 6170
2935 5445
4297 9383
448 4297
5228 6702
4228 3470
4298 8406
1545 4297
8218 9045
3446 3480
1990 4534
186 6734
9616 9551
5869 1529
512 3117
4297 4177
4490 3056
5603 6383
2904 1195
8970 9814
3903 7882
7543 2349
7648 7314
8441 9616
2954 8246
4297 8662
2344 3054
1420 8685
7872 6265
2623 5914
5750 4297
1570 7307
154 5779
3288 3443
6718 3593
9736 4297
9803 4297
4297 5859
3380 1188
8387 1931
6252 1872
4933 1163
6632 7507
2433 2658
2000 3237
5762 2628
8342 9042
2618 8992
6720 2528
8890 4583
5339 9341
5066 7218
2462 1501
583 9605
5806 4297
5192 9304
9115 2615
2866 1476
3549 5395
3374 2110
6276 4297
4939 3333
4297 4112
7189 6394
276 1869
8748 2353
347 913
4297 9117
8850 9555
7810 4297
2270 1589
5445 6994
1847 4816
8139 7822
620 5153
173 3078
-1
3693 2666
7187 2573
2634 6824
5426 2022
8735 4297
350 8682
4297 6096
2653 4297
4290 8720
4297 2073
1722 7317
6129 4297
8024 2979
7655 2366
2404 7708
104 7933
9829 5205
7112 7141
7646 555
3240 8657
1931 5110
5663 5582
1082 4297
3722 9521
3904 5005
707 7378
9574 4237
6770 4276
9699 9976
5956 9635
4283 7164
7487 4297
2976 6827
6528 5567
4297 960
585 4545
6748 4297
6553 3128
7495 4297
5174 3929
793 3419
6058 3146
2606 8891
1844 4662
2226 2969
5737 7122
4841 62
7725 7209
5939 9201
1413 8340
9723 2349
9420 6098
6821 5724
-1
9562 8109
9353 8991
1640 7725
8771 2486
309 674
1433 4297
1551 2974
6502 6555
4491 3363
189 3939
1202 5635
3335 1853
7329 5317
5176 6426
4297 4988
5908 3155
1507 4366
986 4887
394 5994
9765 2907
2275 9639
7490 8826
4297 6862
7282 7617
1442 4297
8974 1859
593 8095
4297 9216
1172 1666
2865 1253
9080 8484
2910 3414
468 4986
5130 3925
4962 830
8708 1083
2011 4297
-1
4297 7483
956 4297
5545 758
7017 7741
5732 9044
2290 6525
7349 992
9697 8247
8600 7011
5899 1243
3255 8942
1566 8598
903 620
7890 3071
2629 7149
4856 3579
4890 7653
9175 9788
3950 1093
5072 4297
3343 7871
7409 3234
8227 6838
5230 4177
2949 4297
9971 370
5454 8494
9220 7021
4297 144
1261 6620
513 419
3099 4297
6099 6069
4297 5166
7067 3777
9637 1349
7524 6470
297 1412
4297 9671
905 4297
365 4297
336 8841
2888 8843
5795 4979
8959 2326
4423 5058
9287 819
4297 6583
4730 9516
9532 2561
5770 134
3840 244
633 3027
3815 6592
9884 5774
2505 4297
2587 641
1975 4586
3304 1675
4297 2926
2575 4538
2319 9916
2691 7084
4297 187
4731 6049
1405 7509
5251 8542
5527 7837
6806 7427
472 3076
5933 189
4297 9547
9445 2203
4634 7165
5783 7226
333 3434
4759 191
1192 2670
3864 1289
5975 7062
83 186
5750 8818
6989 8574
2647 1909
4297 7555
4297 2042
8849 4297
8392 9052
1704 213
2771 4297
2191 6594
8468 142
6707 2377
2239 9893
7776 1979
9303 1662
4297 9829
3028 8489
1234 4634
9728 4876
8561 4297
3014 2856
3954 5340
5592 4297
7243 4297
2239 4297
536 8750
4297 3655
3855 6731
296 4269
9141 4297
9380 3559
8615 4297
8915 8231
5002 7643
5417 4297
9959 6239
3434 4297
6820 4801
8631 4297
816 2539
5854 9213
225 4925
3128 6595
873 7998
2987 4334
479 8681
8995 5722
3744 6279
4297 4731
1936 4297
4857 1828
2866 8792
4297 8392
1007 3599
4248 8142
6797 6046
6011 4127
627 4316
4297 3499
5503 465
9278 1902
5816 6553
258 7864
3973 4297
4748 9391
7477 1551
2491 2755
4297 3992
2288 8325
1096 1243
195 6580
4297 4308
8342 4297
4544 9604
3909 7931
9150 4453
6835 520
1180 8464
2814 8359
3600 4297
4297 3678
1811 6784
9080 4297
6229 66
6544 9491
717 4297
89 4297
4297 7958
8989 6187
6848 8632
4349 2940
6361 1840
4127 9893
4297 6417
7526 5519
4297 1594
4297 2105
3174 4297
342 9276
2899 7871
8736 2769
8975 5384
6938 5666
1132 272
1046 6470
581 6474
4297 1168
8248 2646
555 5827
5407 7137
8633 4297
2642 4297
5863 5286
751 4297
7139 4302
3869 5478
9424 5376
5349 4297
1170 8806
5647 6547
5094 4591
2576 507
8619 4297
7183 4297
5116 2018
9956 6212
4297 2723
4297 8165
3332 5608
2920 9637
5408 4297
3873 3063
5949 6178
9606 4297
8820 3704
3878 175
9152 6474
1435 4766
3120 4670
4297 2826
1871 3681
4297 1298
4 1650
7535 3396
6637 4297
625 1833
9555 9368
7710 3048
4297 9389
3446 4297
4885 5134
3109 9620
6383 9449
1512 3874
7163 6015
4225 4297
1813 261
5416 6888
7056 431
3979 7109
4297 1690
1028 829
6743 5781
2894 3
3943 9482
1316 3952
4297 5733
6489 5419
2526 6356
2908 4297
2011 1969
2382 703
-1
2501 8735
6044 7201
841 5359
7515 6627
2311 2865
3236 3206
4297 2710
4297 9876
1278 2170
4297 4378
618 4297
962 4726
8140 6203
1678 8854
5727 1776
8461 6563
121 6949
9827 2698
579 8492
2215 792
6512 2617
3334 3620
4297 1566
4297 3444
4297 1138
2605 8742
3121 7771
7201 5579
4297 3491
4297 4114
2080 4297
4297 3217
2607 8878
9962 3408
6786 4894
1289 4141
4115 4223
7242 4604
8959 327
908 798
1784 870
911 7011
4297 4319
2552 8014
4322 6645
6595 5346
4297 7325
5122 7649
1458 2490
1824 4120
8773 3444
2377 898
9798 1775
8633 9132
7007 4297
7455 5323
6946 3240
2407 8405
2999 5213
8555 6411
5357 1731
3978 4297
3847 880
3732 4297
6209 3993
4423 181
4297 4861
8645 1265
8438 34
3680 5242
2699 2650
4297 5939
2085 4297
1035 4911
1696 4297
1320 3926
3704 6874
5600 7413
4297 8208
1682 202
9189 7570
-1
5443 4297
9746 3997
9383 9245
5943 4297
1423 3021
7346 5594
4297 4448
4981 4459
4297 755
7165 4297
2792 5288
4141 478
8075 9012
7076 1433
629 3404
2622 237
4774 4512
8468 3498
2019 8814
8681 4571
9948 384
9039 4297
3767 4297
5008 6178
1715 1202
1488 3937
3352 2080
8980 1140
7781 8181
1553 8935
4302 4484
1282 4390
6326 6368
2028 6618
4771 5376
3054 8696
734 2840
5591 4297
5429 6380
8103 5037
5448 2664
5097 9445
-1
6809 4927
5050 6256
6913 4851
5531 4297
8659 5152
7674 7363
1267 4297
9907 6667
3343 4112
6317 6747
257 4770
6568 6438
4919 6265
4297 6167
4542 3104
662 7299
3261 9435
8073 4841
8401 7362
4297 1850
4297 8566
4297 8310
431 906
7365 108
5090 5373
4297 3408
4901 718
6481 6581
4297 6158
9902 4297
5170 4297
4297 7718
1846 7947
8246 5227
1146 4950
4297 4120
7963 839
167 4297
6757 1111
5859 2873
502 2250
887 85
4258 5494
9101 550
8824 9676
2856 3845
5234 8076
2815 4069
2277 8598
1598 8208
4297 5386
5879 7056
9775 282
5374 957
6754 9142
4297 7711
133 2088
2367 4297
5905 6459
3099 5327
956 6982
4297 6270
1223 9164
5236 2121
1996 4297
2071 6191
8577 8848
4687 1514
2089 8633
3384 6616
4437 8459
1378 6676
4297 301
32 6141
2422 8694
9597 1927
3184 9078
935 4889
847 5697
4297 2086
3281 2523
3848 4297
7610 409
8626 367
6638 441
7891 2884
2056 8671
4187 3263
2653 267
9823 3206
4297 6498
3658 4297
6645 3075
2972 8739
4889 4297
7637 7466
6171 4297
972 4297
7362 4297
9085 188
6273 5630
876 3072
940 990
975 3228
8946 4297
8848 2969
8933 4297
9843 8173
7822 1088
5542 2098
4297 6611
7254 6051
5220 5343
3100 301
4297 6510
1683 4659
4297 7981
4297 1246
4297 1429
8665 3855
4370 4621
4033 5379
3446 7637
5433 5321
4153 7495
4605 9247
7801 8638
4180 4297
1998 4297
6849 4297
852 4297
-1
