1000 977
855 186
26 475
685 806
174 269
947 936
841 882
149 392
543 241
71 835
215 558
706 917
474 858
699 668
385 911
748 564
383 111
847 217
61 243
82 569
249 754
284 681
463 711
75 254
907 969
334 159
691 197
704 520
263 925
845 860
959 978
729 973
350 843
867 408
84 611
590 280
489 286
833 746
229 813
100 11
274 93
434 89
20 147
982 278
736 638
253 81
715 60
635 962
544 607
869 870
610 911
799 702
693 864
310 191
21 878
801 795
757 942
629 504
817 805
632 544
539 488
739 826
84 200
867 194
396 488
176 694
923 284
999 542
128 450
467 538
258 641
119 353
827 747
908 108
365 281
918 470
173 613
294 346
931 123
74 49
589 650
211 735
163 786
989 135
144 262
828 833
316 887
430 772
967 105
752 495
622 251
349 771
830 214
993 630
326 766
67 562
189 460
990 25
763 761
472 798
85 884
61 960
276 941
722 530
236 637
320 541
482 661
529 475
240 672
710 9
13 50
505 205
625 701
416 48
149 219
448 707
51 872
439 434
556 73
616 732
653 719
602 883
814 969
961 774
791 789
506 71
686 547
205 905
898 283
889 761
944 37
307 235
358 77
771 837
514 121
667 191
727 697
842 261
453 183
935 781
407 807
63 654
845 892
437 274
886 370
859 549
605 767
290 667
208 408
406 952
456 700
432 222
948 37
702 485
593 617
949 732
820 626
728 487
751 276
999 743
490 832
412 318
768 275
127 347
447 856
710 916
304 614
583 809
43 665
645 348
455 425
325 374
777 155
788 480
477 958
831 721
317 145
291 888
167 58
400 411
123 338
516 333
187 138
278 368
471 821
836 184
687 865
236 964
503 726
227 377
397 456
891 345
226 260
906 679
289 129
362 256
360 9
868 259
18 546
970 796
740 152
399 961
487 217
318 164
687 223
298 996
301 330
415 122
987 644
972 178
945 802
54 466
562 792
481 464
248 254
47 198
831 436
797 2
10 819
839 5
30 932
582 59
760 271
991 714
389 212
493 45
692 416
730 631
849 967
333 308
427 579
571 762
910 132
694 175
979 686
683 68
556 846
703 332
724 381
935 645
787 765
145 527
107 130
216 86
497 660
335 565
185 266
200 216
740 557
947 839
924 876
637 535
218 113
827 727
22 883
782 598
66 237
729 829
915 118
319 635
755 293
38 169
927 441
282 698
525 998
142 404
889 393
388 378
700 142
249 579
646 979
649 647
30 220
551 565
514 578
494 848
433 699
939 591
66 336
558 520
446 341
15 316
744 342
861 139
323 747
953 695
378 138
546 490
469 182
382 108
471 192
998 533
89 680
340 623
257 327
261 894
693 552
199 734
386 146
1 552
560 758
620 194
345 689
171 279
776 524
105 324
823 676
459 830
294 76
289 995
921 103
238 995
433 336
429 758
795 372
593 12
44 978
321 223
921 720
185 462
976 95
94 311
598 715
981 553
103 64
628 636
937 712
959 260
894 389
586 955
36 934
930 478
129 939
515 180
252 295
120 337
160 842
619 718
723 435
131 862
419 737
690 96
577 977
157 980
65 672
458 206
137 735
391 523
328 753
27 919
818 7
550 895
938 684
673 133
380 508
517 227
18 671
291 818
887 557
731 308
604 468
462 314
56 742
3 997
634 53
0 524
241 855
976 78
202 166
376 78
386 131
450 314
248 559
949 392
344 19
92 945
158 190
17 489
952 912
3 584
384 429
267 361
503 118
701 467
339 720
568 853
235 963
675 688
913 280
212 144
974 393
82 59
376 879
150 430
102 588
356 483
283 730
402 166
793 580
214 826
981 117
572 759
193 171
442 195
498 737
296 837
561 300
263 443
46 993
379 909
639 442
940 986
957 245
543 814
352 162
226 719
382 723
350 960
925 466
953 34
172 627
633 778
277 19
151 437
327 922
852 90
786 296
76 452
479 734
282 303
829 62
678 912
568 592
273 446
705 516
422 134
534 943
658 88
861 114
143 49
510 650
256 582
932 751
228 644
576 255
464 366
712 476
587 454
372 790
461 810
555 454
1 499
47 581
941 83
817 590
816 21
787 485
674 704
744 72
432 440
653 330
301 803
522 632
933 659
569 816
718 364
825 518
533 410
774 22
805 790
724 606
233 770
20 341
367 271
133 457
28 526
554 984
100 287
597 541
269 500
81 640
677 112
164 210
716 405
560 319
563 808
784 620
371 14
641 909
484 928
614 618
901 339
33 622
204 486
927 502
351 2
806 390
511 96
465 361
418 676
99 521
803 443
395 80
519 689
760 599
484 580
920 602
237 588
874 406
570 368
239 659
99 890
302 629
420 531
119 633
48 684
141 312
222 843
380 115
725 146
379 647
528 559
188 29
848 486
811 210
275 266
343 246
828 665
532 431
899 52
780 901
398 931
905 822
6 24
589 666
504 325
913 545
245 34
422 326
268 801
340 213
14 116
529 394
155 383
851 857
242 36
26 414
496 373
385 125
234 38
862 888
519 300
157 126
288 743
996 97
40 850
231 836
540 396
636 574
918 651
12 547
257 179
643 167
626 477
343 233
455 188
968 264
709 377
613 884
768 69
746 844
259 209
863 656
152 539
756 992
612 903
762 857
177 207
678 656
948 875
964 252
777 264
775 177
595 940
624 835
93 213
150 738
189 182
230 767
268 250
763 627
347 11
70 91
605 654
198 985
395 117
968 238
511 253
863 707
204 555
785 196
538 819
165 57
834 531
304 628
658 885
670 404
111 128
896 322
491 353
156 184
126 736
221 101
640 663
57 120
788 206
445 50
745 424
985 417
551 329
293 634
975 596
716 505
621 472
750 621
847 877
983 262
168 151
638 85
124 567
933 885
770 587
64 181
584 244
193 601
692 72
31 808
618 781
854 527
179 107
192 305
170 397
163 229
281 821
39 388
225 417
13 313
601 483
706 876
199 695
926 306
431 738
881 873
669 369
310 603
306 299
906 773
220 824
35 45
412 815
481 578
530 363
154 394
726 703
75 934
5 508
112 615
799 923
655 250
916 42
468 60
196 902
452 975
776 713
23 972
851 98
664 62
798 403
499 844
765 87
438 797
796 16
872 109
721 690
571 292
35 708
655 576
458 302
542 225
415 272
804 8
369 175
873 994
522 928
926 421
355 728
102 234
681 148
106 924
780 784
834 812
713 401
651 950
769 360
94 815
436 866
387 670
90 639
966 778
320 137
25 897
351 563
160 764
419 328
871 31
722 652
617 528
838 313
42 407
161 907
497 83
156 572
445 509
733 698
548 708
74 902
473 122
766 903
211 697
335 97
401 362
219 750
140 148
954 893
791 891
277 599
286 914
43 585
749 973
895 258
600 461
359 775
478 290
356 832
507 549
714 438
789 400
494 459
451 498
27 820
370 804
646 609
79 957
451 899
725 91
657 860
305 324
359 982
52 265
32 930
247 661
449 322
581 517
521 759
398 642
39 480
965 512
669 348
841 984
660 132
752 852
908 904
507 435
986 41
469 567
896 391
749 55
491 375
794 321
228 413
594 938
73 441
988 101
615 631
619 649
63 209
680 955
757 733
513 705
492 537
465 457
696 685
358 329
197 8
273 942
139 537
124 566
991 135
403 711
381 495
242 224
215 405
207 414
573 463
951 962
449 813
741 33
390 86
309 203
165 384
793 691
748 410
850 840
344 346
493 673
323 668
136 201
971 864
526 625
840 987
963 110
331 317
983 187
285 950
997 859
80 337
418 936
897 900
232 652
0 575
65 846
141 890
534 140
623 354
247 607
40 332
331 595
822 575
169 545
992 366
77 267
611 190
162 548
937 354
44 287
825 756
657 24
671 367
352 411
616 606
311 349
428 218
506 570
125 951
285 532
769 68
299 612
971 453
754 440
917 272
174 802
610 609
779 958
292 550
168 183
648 127
515 838
67 608
858 566
79 792
892 824
974 270
682 594
420 136
373 535
288 181
492 880
664 904
642 251
811 121
143 460
596 413
423 523
109 785
536 871
230 246
807 297
509 424
800 868
898 501
470 564
677 243
554 158
232 989
512 426
303 875
55 6
159 755
147 688
853 990
427 95
731 425
387 115
240 869
946 717
800 496
203 878
114 592
900 943
591 447
849 178
28 604
130 202
536 920
7 608
501 364
666 161
371 870
54 603
106 553
944 809
624 970
561 265
231 518
92 856
573 663
201 375
357 170
270 297
994 988
244 662
782 741
854 10
977 643
70 110
966 315
630 675
739 239
15 662
173 513
439 880
172 965
877 116
823 338
88 893
255 448
745 315
195 134
479 574
683 717
402 910
208 279
23 773
476 180
696 473
886 865
500 426
648 363
679 113
812 810
772 298
922 779
482 577
874 186
53 525
58 29
342 41
221 365
709 502
954 357
583 586
295 682
764 444
915 914
32 56
474 46
421 309
-1
