4999 4901
3223 1550
3440 2759
212 2384
463 4335
690 2105
1080 1488
3373 1768
3092 3606
3233 1050
4175 920
1197 4295
2428 3869
4761 1864
719 2697
4443 3556
317 691
1933 4453
2803 2571
2292 1847
3714 2907
4113 1135
1993 961
4854 1373
3228 3570
4170 412
4480 2466
126 1957
3659 3192
505 4179
3697 331
153 1089
931 145
3172 3274
1825 4826
2323 3286
63 2120
2432 1105
4113 1081
459 4324
2018 3058
976 4028
2062 1513
2883 356
3634 549
68 4286
493 333
319 3639
4526 4373
2346 2622
3495 4777
3579 650
764 3384
1567 871
1075 1122
946 430
4917 180
3277 2720
0 875
3100 689
362 706
563 1645
2694 1215
2436 430
1620 4918
2684 1165
2554 1861
2180 3469
2701 748
2777 4891
3520 559
4767 769
2279 3804
910 712
3641 2087
4297 1115
1459 106
2521 1321
2233 4651
1569 4278
2389 1871
4475 3102
3809 4962
3412 496
3246 4694
4671 4628
4495 1873
670 4959
4973 3859
1508 2241
4334 4938
183 4863
2871 1928
4440 664
1932 4955
1635 3959
4555 1796
177 4019
4651 2753
3880 4034
2845 3329
1447 3063
159 706
2038 4131
1954 3348
2509 4486
1032 3874
4806 4492
2803 3826
1594 3930
2563 2065
4412 21
1184 2985
133 3790
3098 4772
4988 1031
4084 3686
1893 1389
1421 1979
3296 2004
3757 1910
3980 1434
85 1812
4201 4335
1443 3290
2496 4780
1307 3888
4381 3317
669 988
2932 2129
3475 3883
834 4995
2096 822
1810 3636
873 880
1869 4176
1429 1887
4524 359
1068 2261
3312 467
3692 4242
3839 2605
2631 3139
4703 1011
2910 4091
976 2461
1897 2910
389 1971
3653 141
2813 2223
842 1622
1288 503
3727 2882
4749 619
4879 596
2880 2847
350 3149
449 2960
3262 3762
3029 3689
1493 465
3775 1586
3192 2671
1126 4984
1343 3594
1540 4590
1795 2959
3465 3304
2063 3824
2743 2211
1758 3380
4561 2617
1252 816
1468 870
3273 1664
1610 3582
562 4521
970 2630
4123 1453
1422 1250
1724 1748
4753 1275
802 813
2699 2848
1783 4122
809 3602
708 624
2650 2318
4830 2044
926 4907
955 2348
3571 4061
907 1677
2203 1678
2779 3950
4785 326
2590 890
397 2522
4162 4200
4354 2480
2641 433
2269 1439
3275 2375
232 1647
3924 676
1735 4171
643 4952
4178 4714
4212 1820
2390 447
1504 1299
3210 3728
88 673
4874 1894
3067 692
474 2504
2247 3669
4539 4848
4402 2371
4726 1838
1834 4824
1099 4659
1078 120
3387 270
4165 277
2315 2786
4498 3395
4521 1597
3509 4905
4822 4745
1990 1151
298 2006
398 3420
896 1968
393 4310
3608 1520
2809 1099
2915 628
2801 803
3961 2147
629 2882
624 1403
1547 4647
2144 1970
2513 3347
2181 1780
2611 901
3430 1960
2330 4537
4064 604
796 1472
3636 4884
3254 3523
4292 130
3446 4729
1801 4216
3849 3891
4546 3645
2794 4762
2168 944
26 3843
491 1999
1074 1256
1311 3867
2958 4924
2468 1858
4943 4500
3698 3908
2288 575
2963 3870
3774 930
2602 320
3954 1182
2826 2015
4871 1903
3582 2514
1708 3903
3756 2714
573 438
2202 3709
4046 1740
1197 445
739 190
4664 540
1093 2623
4642 2356
2187 1515
3735 3800
3038 2867
1147 1778
4016 2886
410 1457
1104 2903
3099 908
1966 3587
1316 3101
901 2449
2606 1128
4931 252
43 1173
4082 2287
104 3695
4547 2084
4299 231
2651 992
2861 4639
2331 3033
1559 3552
986 2256
4199 3655
1030 3468
1075 3333
1467 2032
2117 928
3349 3373
1098 4248
1152 2722
4453 913
1392 3266
3792 2597
488 1625
1622 467
3682 1602
2954 4104
1398 211
3385 3455
2176 1752
1881 432
1290 178
2196 815
2535 4320
3061 2717
2027 1324
2361 1471
4825 2452
3550 2501
1121 1481
343 2652
2921 2458
3750 3203
3861 1918
4239 623
3556 4835
2987 1259
2396 4396
1066 3779
4522 3040
730 2964
4485 3358
3825 3561
1114 1131
924 2204
4830 1793
1100 2441
4034 4541
170 1684
3661 4592
1377 2983
2487 1409
1840 2294
4505 3488
4743 1086
1969 1409
552 58
2405 187
2969 1559
4002 1643
3313 3666
3660 957
1354 4215
4049 3167
2210 2922
2274 3222
4262 1416
1902 3064
1959 622
3487 4481
3040 4921
654 647
4263 4992
2099 1303
4865 3583
4206 2780
4213 2010
3863 2857
1744 1616
1669 2813
1040 3541
1718 4986
2088 4842
1926 4895
307 4560
1028 1542
3739 262
3056 367
4885 2194
895 4570
837 4915
165 1529
3498 2550
990 612
1405 4923
4844 4980
1185 4624
3208 1844
2115 3218
483 605
3472 3827
2385 4379
1624 4829
2170 4700
1754 4462
2096 2828
4844 3086
4913 4738
937 1610
1425 2510
4308 2810
1802 2406
1079 4658
2624 2981
3287 428
4572 2892
2735 4001
3723 421
1636 3301
4235 3442
3482 2278
4283 2382
2835 1598
3283 3667
4898 4963
3833 4273
2877 4108
1000 2878
328 2044
3584 2489
2894 1164
1949 4412
3864 445
1540 3624
2895 1418
998 3755
3680 268
269 1350
193 4208
2604 3154
3652 1474
787 287
2440 958
45 1761
1294 3467
2311 1679
4605 3781
2994 3827
2852 4276
3222 3434
4801 4224
3580 1212
1683 2011
3586 4417
557 4880
3638 1831
1537 4439
4048 2357
91 1312
2205 4009
4812 3732
917 1145
1218 47
2491 1251
2555 755
4159 161
2284 2850
451 713
2542 357
1896 3625
2198 1650
709 3305
425 1900
3208 2772
2796 4012
3308 3055
490 1036
4414 3652
2104 3852
207 4900
2590 820
25 1212
2247 2364
607 2265
1305 494
4231 2112
2362 3656
918 1344
1694 2383
1064 4271
4706 2302
2140 3655
3845 950
950 1961
762 2866
2582 2263
3236 1890
1053 2512
333 2509
62 4673
4485 4991
4964 2766
611 2866
1858 2257
516 564
1027 388
2758 2418
2099 1625
581 3439
4118 2391
1400 1042
765 1716
155 1276
3003 3006
3428 1039
1006 4545
3229 169
3434 572
1692 2978
1883 4419
3074 638
276 2495
2433 329
1509 4241
913 4553
3037 4710
3564 1587
2771 2519
4779 2695
1663 3536
1020 953
3361 1338
3494 3731
3240 4632
3725 2379
4163 3614
2197 4079
474 4573
2942 2085
3795 4656
1487 399
3174 3863
2962 3184
3760 4356
2719 4120
1962 4023
681 1591
3782 2089
3694 2491
525 858
4657 3066
3358 2911
3281 1842
3771 3060
4042 480
2398 2069
3151 2368
2839 4670
1772 3573
4488 603
4459 4757
3313 489
1273 1336
710 2066
3733 119
3773 4979
4459 2870
1516 3078
4003 4055
2780 2021
851 4001
2238 1948
297 1202
2551 1505
4370 2395
3846 4431
2166 1332
2329 1520
2340 2254
2781 2567
4696 4433
3053 4599
4020 2104
1240 1440
4422 2606
2358 1378
4924 1570
4295 4920
4945 845
1555 3629
4158 859
3140 4460
4148 2731
3392 4301
1524 4367
345 1917
951 352
2626 1233
4856 4599
2629 2110
895 2515
2065 4086
148 3678
2938 1087
11 4431
4493 1078
337 3413
4063 578
2472 4301
3419 3502
4090 4687
3123 3794
4610 2688
1458 3770
3657 1734
1022 1168
959 2111
4468 2486
1940 4655
2621 2690
3633 1600
4326 868
4447 2534
2262 545
4134 1469
784 4688
672 3385
1959 1891
771 3399
1751 3999
4251 4150
4680 1779
3059 4727
3236 1020
1526 1966
968 4078
245 3875
3604 4964
1241 311
2488 3866
4265 4282
2172 27
4417 3179
1798 462
3749 1537
163 387
3046 3175
4746 419
4495 626
2193 4308
1310 3194
4284 400
3103 4642
765 471
2165 2156
754 3209
3082 86
4188 4140
3578 2184
942 2152
3764 923
116 3916
1592 2797
1414 1449
1161 4839
4848 7
3943 4164
2862 4361
4147 3403
1892 4675
4945 4815
194 461
1633 2885
1224 3046
3695 3551
4559 2875
4716 1674
4361 285
606 1914
115 2928
944 1593
238 3262
3987 1541
3069 2334
2095 2020
1277 4403
4818 472
258 592
3360 761
1945 3199
4882 435
824 126
819 3423
1465 1356
793 4323
1519 3170
1563 2773
3672 3574
815 4401
1685 3798
3818 116
1287 4668
2042 3895
1427 2795
4634 3354
4576 3273
4850 2469
3250 4689
4562 2957
258 3123
1067 29
4029 2477
3161 2056
4099 4478
2588 1670
121 3181
2177 3916
2087 194
4944 3665
4581 701
3339 4080
4849 817
4264 70
613 4583
782 779
1260 2630
4650 1107
55 2006
3327 656
3698 481
4187 2276
4125 4941
2470 2534
3567 3171
2043 455
947 996
1069 164
812 2585
2945 3370
2066 4696
2462 1776
4944 4970
3915 47
1550 3129
838 23
4668 480
1738 1029
1154 3957
785 2064
4603 3017
483 2308
4929 3426
2862 2030
3299 3114
3513 487
1295 3968
3093 3312
1507 1943
1244 1421
849 854
3402 3228
731 4258
4631 1446
1495 4492
1604 4648
4932 2068
2737 3432
4202 2205
1584 1549
1094 4394
3815 2947
457 4167
2486 4744
3873 2357
358 4794
4476 4217
3886 2401
374 1372
4989 3230
4237 89
2578 4380
354 1707
643 98
340 979
2366 2827
3707 3589
1701 4473
1672 110
1101 2951
4751 73
4255 134
4574 305
2115 717
2680 4747
4516 2790
2951 2485
768 2265
2246 2034
1631 3436
533 940
2328 4409
2149 295
1767 2666
210 4454
3584 66
3890 211
1392 4410
3424 3493
4827 4882
3 4083
4864 4082
4252 4240
3158 1938
2274 4827
1351 3221
3005 4702
1452 2498
103 809
440 1257
3559 2751
523 3948
542 4410
300 3155
4880 4536
1731 4463
1565 585
49 2095
1120 2610
1061 1852
2999 1185
4940 2431
1601 1320
939 622
2618 308
3410 4643
3035 1756
4543 4985
4140 4763
577 3126
2395 2073
1713 584
395 517
2359 2529
2996 3028
2668 1687
3917 797
263 2944
4196 3189
2286 1626
4791 4799
4156 3177
2146 3496
466 3306
1712 4721
1817 2153
4705 2746
3443 4622
1963 2981
1722 3884
220 3288
2397 1259
710 542
214 1808
672 153
2838 2208
4088 1690
2733 4070
808 2770
2338 2638
4230 441
2457 3741
1571 4532
1676 4017
883 2332
2508 1195
4349 3121
4661 3978
82 1096
3810 135
4825 4769
3306 2677
1538 878
3678 4272
1950 3813
718 3510
3294 1635
1623 2831
3894 2351
2029 175
1433 338
3042 3380
1124 4782
3872 3679
157 3686
1024 4953
4546 1015
4021 3684
39 1232
168 738
3798 2659
4538 1357
3127 2053
3393 594
2656 2887
2873 1936
397 695
1241 3479
3478 4167
3501 2953
3206 495
3989 1711
4199 2086
4470 687
137 4365
9 3793
906 2240
1257 2413
1175 3139
2198 966
4550 4347
1475 3813
853 4256
3078 4791
1239 3423
4936 3315
2545 2376
2297 375
2378 2438
915 4393
2503 2833
4157 4915
4426 2100
219 2409
2697 1210
3598 2644
918 477
2338 4309
3152 2735
658 2200
2849 3747
1193 958
3367 2440
2384 2019
4172 2314
4502 4280
2103 2108
1840 2916
186 4317
2874 341
3508 4555
2628 3796
4064 791
991 2459
3371 561
2940 1585
304 4173
694 2598
2129 2591
1645 4214
4275 714
2309 2253
4845 3836
653 3162
537 4
405 1498
1288 2593
2225 1536
199 4855
2036 2807
3497 4119
3715 3450
3873 3804
2319 4364
3977 4735
2372 322
4304 667
1745 2905
4540 568
2324 2646
4278 1090
3879 3535
1879 2643
2635 2888
981 1428
3513 3622
213 2982
1762 3727
1517 3567
3503 283
1904 366
4164 1125
2280 3615
668 2268
1112 3935
2658 750
4047 3838
138 4339
2661 4383
3664 234
2522 4725
2898 3377
3692 4652
2734 1290
2083 3227
2660 2568
3720 4667
2627 2142
744 1699
639 2729
1514 3591
81 1812
4073 4214
4916 3491
4530 38
3766 705
3166 4107
4879 2719
1901 485
3147 2988
4312 3575
2471 3888
620 2
2040 2890
2518 3182
2164 3906
2481 4704
636 3770
1580 477
482 3548
4981 1745
4826 4528
301 4854
4835 2964
1676 4994
4176 54
1108 987
4319 2329
4307 641
59 4446
1330 513
3514 902
289 3462
3410 2481
4366 4919
2391 1352
2498 2228
3030 4789
4322 2027
1869 862
4171 4930
4257 1031
2484 2891
668 3711
1955 2122
500 3291
133 3079
4933 2654
1052 4482
4329 4693
2769 2042
2664 1733
905 4423
185 4994
3142 250
4395 848
2219 1318
2140 3352
4600 2585
2192 3769
1084 1483
3172 1672
1174 4457
4795 4208
402 1960
3263 729
1057 3826
1433 2421
1667 2293
3469 1083
64 3125
1651 4837
4714 1337
237 2778
74 4450
744 1563
2275 667
825 1566
4614 2870
2961 225
4330 3632
4014 527
4044 2046
78 4728
4472 3300
2404 385
4922 1931
494 128
4006 4609
2906 2978
1526 2483
3904 1792
192 1415
2429 1417
3375 4072
1751 3297
3691 2132
4272 2458
3411 3080
3265 2950
1912 3960
3604 4800
2070 269
1380 590
2256 4416
2009 3334
3190 2467
241 4569
4106 3815
4510 1715
388 250
1554 1370
4491 2289
3514 3907
382 2145
4010 1325
4974 4332
773 3593
4797 2405
1581 4530
4550 4781
1497 1216
3896 3632
694 4005
4211 3014
3627 72
1438 3346
3470 4686
2054 870
174 453
4977 1574
241 1854
4641 2331
937 2271
1819 2643
3365 4533
2601 2902
1782 2682
3258 4513
4912 731
1170 4285
1024 129
3945 3125
4482 3102
268 3759
3304 3477
4398 3063
320 3089
3257 1415
975 943
3500 418
4638 3039
1579 4026
4918 434
1747 4391
4041 4339
4137 1879
1089 1874
3891 4979
2327 1192
274 3457
523 2382
2058 2864
961 724
1357 3065
4299 491
749 2325
4461 4191
4106 1139
3754 3118
2174 3789
4609 2688
3011 1718
2762 429
1522 370
2655 3261
1926 462
2098 4618
889 3124
1690 4331
894 3254
2439 1613
806 2324
4814 2053
4909 11
2976 1403
3726 3575
1382 2123
2495 3617
3512 1985
4497 1004
4921 3158
2864 2841
4275 649
2614 1659
3160 2730
2667 3325
2504 634
3252 2926
39 3814
2562 3257
3709 3962
1654 1345
3457 1709
2492 3041
4424 1648
4689 99
2503 1355
3243 4783
724 4018
1399 1885
3943 4444
2185 1
2760 2685
1626 1496
3456 1971
1596 3057
3697 1082
936 4152
4392 4792
1884 925
3010 3121
939 2374
1702 3720
248 623
4762 3253
4520 4857
4692 7
1109 4395
661 87
3914 517
208 1497
4727 4744
4313 4872
1994 3995
4036 3177
4971 4969
645 4888
2208 2572
364 4075
4734 3023
590 3356
925 850
1698 964
4899 2209
4511 3711
197 2079
828 1998
960 1463
3506 2454
3350 2525
1222 3171
4926 2842
4011 2148
2281 1044
3479 1951
4664 4669
1680 2814
4723 2843
642 960
1937 1207
847 4958
3217 1367
900 3570
3799 1399
1763 1027
4371 4711
1921 659
4407 718
657 4595
4253 2355
1944 1405
3138 2150
203 1047
3785 4801
1899 4674
1286 2370
2423 3090
346 3368
2974 4076
4633 561
2967 1521
3190 3801
293 2812
1201 2246
2218 1696
3173 1997
2306 2972
3168 4004
799 2499
2176 1157
4636 4428
139 501
3998 4906
796 1393
1511 2182
1825 3594
979 2229
1063 2947
686 1739
255 272
863 4804
661 695
3292 4529
4624 4758
962 177
60 3677
3379 2541
1293 1263
1073 3165
4963 627
2602 4069
3611 2134
2375 4777
821 3224
4011 824
3471 4353
3020 3276
3817 2317
4796 536
800 4471
2101 1549
2512 1307
143 2760
949 3791
3551 4537
151 4116
3085 4473
409 35
3701 2949
1046 464
1905 3308
1150 1353
2320 4635
3647 4993
267 699
727 990
1387 4594
4345 2898
2541 2184
1857 4773
1644 2360
3832 2045
2592 2093
4145 965
4718 3840
2394 1225
1358 1191
1895 3065
774 4013
4105 4490
1743 4205
3591 2712
1019 100
1166 3248
867 4773
4189 2984
1585 659
1404 1898
426 1774
1916 4194
579 4430
1435 4348
4277 728
4362 3253
1280 3516
3042 1126
947 3045
1269 4277
1214 1397
1741 1194
2153 1341
2075 3784
4911 2243
3538 934
2012 4583
407 1660
3333 1402
1313 3067
754 4501
1025 3876
4127 752
3585 2077
4677 1123
4676 555
3767 176
3971 2840
3543 190
4627 653
893 3163
4809 3576
2600 566
911 3713
4933 2499
2307 2232
598 2240
4370 4635
1983 998
2696 660
10 772
1586 3657
4470 1430
3379 2429
520 3880
4953 3825
3156 2702
4071 2669
1203 21
3323 2527
1159 3805
1133 4240
2928 1388
1254 539
714 1562
896 1527
1996 2335
3464 2869
600 182
4464 4186
4168 1285
4463 3944
3710 3860
558 4680
1953 2175
3645 436
737 2410
3737 3913
2079 4221
4544 3539
912 3780
3672 3761
1583 2757
1888 2432
3659 2321
888 1843
1759 1110
3933 3173
2443 881
2863 4946
3202 3835
866 812
2924 201
4502 3415
3076 2649
2677 4874
1561 3779
1491 3844
2886 3666
3115 2793
465 2260
4111 965
4768 308
3132 1686
657 3907
4009 2663
2 3883
4170 4860
109 2089
1309 3477
4926 4480
2417 2353
2195 4868
244 2986
2371 1757
4228 4088
4032 3083
2448 3783
4405 4839
3535 1085
770 4507
335 559
2546 4862
4151 4244
2792 2725
4641 1245
3300 3000
92 1230
3626 3188
1915 869
3515 2708
455 2008
1149 15
2409 649
1305 342
3944 3474
442 2704
3443 4350
1932 856
4704 4245
3728 4869
1725 436
3533 4112
761 3961
865 4922
4065 2772
2106 3441
2363 464
2757 2166
4857 4580
2124 4931
1791 284
2999 1343
807 1697
221 34
303 3302
4983 3448
2914 3463
2209 4234
4122 4517
1598 447
3857 2389
3295 1358
3295 2528
206 3213
3746 3094
4369 931
2674 1491
147 4281
2640 4654
626 3196
3309 1246
4149 2922
3866 1560
597 595
312 4268
4724 4153
3092 1863
2823 1324
1743 4483
826 2707
2137 4033
4016 518
2373 4030
717 2732
3868 2295
2840 882
3759 3879
40 3369
3071 2559
3749 2579
65 817
301 4646
1264 2407
2367 801
2936 2301
2849 188
1199 1331
867 4747
1738 3856
1922 4695
2259 832
318 2002
52 1648
3340 3211
1611 3005
2771 1614
4405 1277
4547 2768
4793 635
3104 3648
1368 4283
835 335
3527 3739
251 4287
621 1602
4914 2977
3598 2566
2944 2543
4853 1462
394 2464
1172 2435
2380 3512
3235 336
4322 2617
3500 3867
4893 2645
2820 954
790 1847
2559 1309
1411 4809
3635 4400
2226 2505
325 4500
631 4562
1675 4286
4807 2635
1249 1547
1065 195
490 1406
3267 3635
2344 4363
1420 2420
1424 4192
4144 1043
3889 770
4358 1454
344 2619
470 184
4948 3988
173 2049
3346 1505
4004 786
3271 449
3441 3640
3160 2969
43 1603
2482 3418
3596 2337
3299 1218
1951 3070
4971 3318
3700 4852
1322 2281
2557 1492
2316 1228
1292 4552
200 612
615 3329
4081 899
2449 2667
2658 4248
4578 808
598 1670
575 3533
1733 1476
2973 327
4607 3494
2138 732
4884 1470
984 2493
829 97
3073 1542
4226 3156
2327 4645
450 4576
4388 1665
969 2968
1595 861
4123 2047
2258 310
5 3767
1973 4851
3426 1253
3941 3212
1717 2520
3717 2891
4678 1181
2797 3681
4506 3115
1187 2037
852 3986
4976 2578
23 648
526 4960
73 4811
3311 3189
864 1016
2377 1512
2911 4787
2083 3650
2359 407
4062 2415
4585 3064
4379 4096
2967 4846
2614 881
4611 764
3897 3848
2510 4962
2901 783
3765 1163
677 3835
229 2523
3322 952
2724 4672
1140 1927
4570 4756
2687 1401
155 2243
1985 44
3372 757
4875 4616
589 1328
4071 65
1308 4367
3529 3510
132 2237
3993 2817
2445 2303
370 4328
1145 550
3038 2653
4831 2231
3756 3080
4582 1980
3901 2111
75 3531
2832 1498
172 4619
2456 393
3324 587
4802 625
4037 2945
2860 1897
2350 4518
1581 1657
2652 2950
161 2987
4785 1004
4177 2524
3116 3124
816 2798
2334 951
3169 4937
4698 392
3414 3303
4818 1279
4221 2469
646 31
1319 2979
4490 2394
16 450
2473 551
679 3596
3355 3765
3684 4397
432 257
3954 2819
3475 4155
3082 1462
1199 51
2724 3929
4181 2721
1446 1535
4947 2539
1295 2057
2633 1149
3542 702
1638 4734
404 2446
2507 3476
1578 4518
412 3340
4440 4439
1996 3730
1372 174
3528 2372
600 3343
2234 4455
2684 411
4118 4935
3195 2177
3136 538
1176 2531
2197 4107
3429 511
4124 1881
851 1721
1759 1584
1868 4822
2569 53
2673 2170
2379 276
2026 4003
2544 2488
4790 4103
2363 3829
1499 503
3298 799
3522 1628
3311 4343
1935 2787
3862 877
4250 3670
4894 1344
4610 379
2570 196
785 4814
729 637
797 4398
2660 1967
2017 1097
4467 253
3935 890
4162 1079
387 50
4036 4946
56 1808
2366 841
3015 2028
940 4881
97 3831
421 1566
982 3704
3366 178
3744 2896
8 2596
4205 3474
4019 1617
4508 4652
1534 2686
1769 3244
422 4219
4042 1054
4360 1830
993 3881
1913 831
4800 2212
4630 4617
3054 3979
832 3087
1891 4098
1885 3599
1772 1642
1838 1900
1265 1909
1267 4740
332 2743
1593 266
1339 1830
1982 3041
3592 3979
1627 2777
4869 2982
4902 47
552 2687
3997 3174
1386 1428
1719 2404
285 3418
3848 2257
3369 924
886 4523
4315 2034
4351 4990
618 4173
2259 2702
3744 4279
2613 428
2508 1725
3630 3572
3696 3209
2744 3452
4526 1448
2125 4932
4878 2774
4318 1776
2805 2188
4464 2856
2814 423
3227 2705
3855 3031
2270 666
806 1477
254 2179
3294 3676
4293 2419
4247 4260
4416 1806
4858 1675
1632 2199
2519 442
690 2194
456 2160
681 4346
3458 936
2596 2830
3946 1088
1368 1823
543 481
1770 2500
1200 4567
1297 128
1129 2765
3009 3378
3238 230
2808 953
3134 1369
424 1930
3733 1682
2179 2569
2380 4833
3970 4783
1208 2135
1262 1401
4748 4531
4910 2490
4578 712
142 4271
3341 1749
59 3768
2957 543
3987 1834
4342 1502
2589 2100
2442 3647
1783 1963
3143 1934
4511 3762
4132 520
3920 4052
1187 360
1464 2545
359 3892
1323 3853
3842 2854
3377 3296
2262 1737
2823 2853
2844 4861
3390 3583
982 1034
2022 4489
4388 3267
4972 4095
3450 1679
3394 2244
3571 1345
3729 1702
1500 2128
3141 818
4087 1617
1880 497
3974 1390
2422 4752
734 2881
2411 188
4288 1695
1673 4593
2909 1308
3259 627
4876 3910
1977 1210
3207 3143
4418 458
4887 3269
2918 4150
2135 4266
2093 2123
2591 810
115 3022
2264 977
772 2356
547 4771
171 2353
2121 1301
1437 4970
3247 4274
4735 3109
795 144
2855 4977
2966 1989
2231 1432
2393 2019
4715 1952
2282 4620
2299 2365
1915 4073
4360 4227
1452 4452
3540 76
3586 3258
658 4210
4066 1243
3131 4866
1620 2094
1993 1391
2654 3861
405 3680
2538 4126
3565 1693
111 298
1797 3453
3224 124
2997 4703
3790 3249
1848 3052
2961 130
2435 4974
948 98
1084 158
4306 1094
3864 3973
1907 1671
3332 4491
4803 1642
4504 4075
120 2990
1618 1144
112 4798
4355 4067
377 2577
2352 3060
3644 4204
2427 728
2582 1982
1769 2646
227 2645
3310 3305
3900 4817
482 3050
2530 1654
3877 29
1833 3516
3043 1395
3037 555
3126 459
4254 3027
2067 4528
4404 860
1736 2121
4571 305
885 823
3495 2547
3008 3748
3852 3701
4863 4514
3858 4659
3972 2399
698 3150
338 3437
2516 4585
3234 4934
1127 4072
505 416
3517 4056
1488 3716
3338 4632
17 437
2561 2055
3093 3319
1657 280
3857 3025
3428 151
1958 2261
2920 2141
2340 4840
368 2671
1788 1809
4833 893
2920 4682
2998 4000
488 1843
2434 4327
3782 4270
4973 169
852 3225
273 1234
2816 2930
4646 63
1116 2431
4393 2960
4008 2871
3771 1208
4218 3683
4942 3772
246 2106
2770 1221
4047 3631
4823 1688
4402 2130
3075 3466
4726 2369
87 3985
2811 4558
3706 1073
3700 3458
3609 4847
1923 1646
1180 4602
264 1976
2989 4246
1291 763
4989 768
2467 3256
4225 4032
2023 4613
2052 2451
4040 1141
4292 4378
2272 2738
3419 4074
4990 3271
3504 591
1327 3226
3111 2277
547 4892
801 4660
3773 2883
4859 2376
1770 3083
4997 2844
4752 3619
2450 995
312 101
2907 90
2014 385
3675 1582
3219 1747
1423 2322
2683 736
3235 2060
4711 2550
1589 110
3607 2739
4649 3044
1515 4996
1336 4144
861 4732
3120 3147
1653 3669
84 902
249 4496
3959 238
2717 3949
3364 229
637 4810
92 413
2956 3497
3164 4594
3696 2343
1323 4142
1546 630
2900 4976
354 4060
4178 751
1444 635
2107 3958
1942 1396
489 2189
2733 1165
3044 1755
2502 3448
1980 1134
3216 381
2004 922
2941 682
2558 2072
3499 3051
1292 4701
3949 1732
1974 2169
2447 2988
1800 3927
1379 4211
4838 869
1860 4746
2178 4765
486 640
3388 1894
1193 1363
111 2446
2107 1939
1882 917
2942 2474
4243 2450
1365 4243
2470 2242
530 4369
247 702
4015 37
4982 1116
2195 3819
1652 1789
275 3293
4232 274
2638 4955
1813 2631
3259 1227
2794 4596
4465 3919
1442 4093
210 2548
2636 1238
2595 3640
36 2316
485 2694
4458 4987
1016 3427
4493 4867
148 4969
2696 2821
904 644
1407 567
1092 3511
4745 1691
1774 259
1349 365
1503 3285
1159 798
4648 329
476 367
1475 3606
3412 579
3803 3671
4908 2681
4101 4623
4325 452
674 3984
2923 2421
3062 1037
1228 3106
1832 2728
3627 3104
215 3940
3365 182
4112 855
1941 1637
3200 4285
4766 4898
1548 4319
2526 1136
3789 1482
3816 4474
2171 4776
4346 4407
2800 1562
1972 3573
1964 844
4968 1038
3077 3403
4731 4836
3187 3179
1266 1239
102 3719
2085 2215
1862 2191
4682 4887
4774 4166
1050 64
2686 2845
758 1548
2610 3971
2913 591
315 2573
215 24
2768 4687
3602 3982
372 708
1965 2816
1633 3860
12 1480
4182 4258
2077 173
2740 1839
291 1153
776 2347
3745 2103
1148 3740
863 2739
2787 2796
2820 4750
4692 2002
330 2383
1814 4043
61 2764
3387 2542
1984 3241
1845 3251
4311 4658
2913 512
1245 1162
2434 3339
2657 609
4428 4713
837 2887
2896 235
2584 834
3658 3490
866 2691
795 3906
4007 3213
679 1511
1841 142
2526 3136
1793 1560
2904 2074
3034 3151
1716 4184
3965 1417
3963 3792
2234 1650
3705 1104
4676 228
1223 727
2321 840
4400 1474
127 1731
1785 4146
2552 1423
4577 3810
4287 4279
2230 697
725 3607
1760 2483
84 2186
4654 4985
3502 192
1374 458
666 4317
1577 2912
546 3558
3822 311
4923 2201
876 726
2734 912
1256 794
1365 3876
545 3960
414 1420
4447 2462
3381 1621
3198 156
2703 3721
3687 751
1504 3496
360 4089
2291 2594
1652 2605
4131 3925
1025 4312
587 2220
3875 3862
3406 4597
2557 3020
4686 576
4233 1255
1637 322
704 1226
822 1118
827 1359
1182 4828
278 317
2568 1667
4467 1033
2723 4796
4296 3163
16 3796
641 640
3499 2916
1325 2903
2351 4423
1886 1103
780 3127
4385 4121
3752 788
1055 2266
2995 3264
1429 286
4426 3742
4270 1039
3437 2877
4590 1234
1044 272
935 1470
12 981
2118 4514
2313 3547
2935 2636
1522 2098
4294 2489
4250 1681
2393 3984
634 1393
4776 4907
1416 2637
4769 4418
2283 3818
580 2804
3464 1301
391 4784
771 848
4770 2273
1705 3548
537 3138
4476 2293
1878 3662
1316 4291
3706 4391
2992 2980
1827 3430
3925 1478
1659 3086
2867 3794
906 1680
3928 290
160 2406
2365 4163
2307 2562
4472 1419
850 3847
4190 819
398 1805
2155 415
662 3896
3734 386
3784 2615
4204 213
4760 3073
4873 846
390 3245
2005 2414
4347 3603
1580 2639
4903 1360
2616 3966
2778 2977
2317 1162
3021 1244
892 1501
2411 2237
3802 2746
758 3978
4303 904
4684 1711
2616 3507
1048 4843
1156 4966
1254 4434
202 1108
3674 2119
701 4627
4252 1558
4951 3904
260 3371
2931 3250
2745 1317
266 2859
3097 1898
1106 2781
1624 3307
1686 1492
4060 2131
1986 3768
1495 2564
4038 1444
1177 821
189 2598
3693 2879
279 3898
4950 2851
556 4775
1173 1979
2339 1673
1784 1889
2919 1122
119 1080
2527 342
3941 2736
4300 3644
96 3056
4059 688
4154 4543
4481 281
4111 833
416 4615
1037 4024
3425 3187
1886 4506
2032 89
3734 2995
1969 2143
3853 2260
3660 4930
1320 3034
206 2300
2051 742
68 4222
369 4673
4665 2563
1790 2453
394 3113
4172 594
2584 807
4749 3988
1373 3665
3256 987
1180 1246
1375 2063
2812 282
4474 1605
1700 1816
2039 2354
2620 3508
726 4981
3576 313
2549 4802
2213 1583
2122 3831
800 4227
4574 3077
2705 4133
2666 2052
3851 3764
585 1329
2304 678
4816 3964
53 4190
4505 487
4751 2445
1649 3116
4051 1952
2861 2339
3942 1867
886 1788
4344 3105
2377 502
3328 2023
1530 3972
1777 2640
1564 443
1567 843
2399 1439
1106 3275
1917 2059
1391 4741
150 1719
4259 4670
1223 3730
3233 2566
3284 4677
4222 1377
707 4380
3425 4538
2890 2291
4998 2029
3045 4665
3117 3408
4684 3693
4276 3361
383 1083
3703 4201
1006 4386
3559 3185
1692 3070
4782 1658
4873 677
1168 1509
4077 1836
3620 4025
438 3667
4992 419
3195 2761
71 954
4823 218
2511 2200
1989 1261
191 562
2227 4784
4685 3402
919 3390
256 4497
1829 3107
4264 3505
2046 245
2580 4158
1284 1568
4059 2360
3613 1458
93 1176
48 4294
1206 33
1875 4592
3555 4695
674 1855
4736 3892
4542 2258
4057 699
2548 3416
1666 1040
2223 4404
2502 3036
4760 1005
1539 2753
3688 139
157 986
3357 1096
4499 3345
3193 314
2799 506
3970 4181
1125 3438
4889 2290
4545 4479
3414 3963
992 1282
4371 4619
3006 1271
2692 608
4733 205
4612 4197
3178 2544
3820 531
1171 2057
4414 4408
3504 3994
4991 4793
3910 930
4883 1889
4094 3480
2326 507
1965 4794
1445 2295
905 1479
3807 392
131 3043
3133 2127
2763 3905
3543 1845
4740 3564
2464 2628
2109 4151
2094 1605
3277 129
2952 363
4707 3553
4639 4429
1990 877
525 4338
1209 4768
3148 4334
171 3558
1384 3319
747 3679
3923 4859
1175 3404
969 4041
873 1268
1795 1284
1318 3858
1839 3850
3398 2172
3242 4779
4601 1451
2744 2924
2858 2742
1155 1777
2693 1275
475 565
3821 40
4247 363
1216 3110
4296 4954
4722 3775
1621 2424
2857 4244
753 4274
4438 1224
3186 1860
1525 2608
3841 1457
3506 3553
4697 2392
1773 4031
3847 2222
2235 2647
1706 3964
4362 1041
4129 4437
4870 15
362 2313
4089 4813
146 4531
275 2994
4899 1807
4010 4351
2346 4770
2908 1794
82 725
3022 1647
4033 2202
1211 2908
2748 662
1968 3837
3146 3820
549 468
2315 1147
4755 4045
1026 3956
599 3347
1205 4622
2574 1436
198 222
4184 3362
3593 3705
995 91
314 3757
2045 1258
2730 2933
4872 2975
1459 2418
818 1198
3836 3834
3032 4819
3245 4917
4512 4813
4053 2203
1018 2144
4691 4571
3889 475
3859 284
4128 4
1590 1235
4902 1699
1946 1247
2740 1728
4596 2852
3956 2484
4816 4377
3722 1001
2242 2190
2784 3132
4954 1735
1102 88
4381 3823
1978 4430
1484 685
2437 4653
2634 548
4625 4691
1629 2412
551 1169
1723 773
2834 3401
3370 1729
2747 1342
2014 2139
3484 3356
374 2884
356 3932
1169 1205
3951 4788
348 1322
2597 4525
2751 2076
2088 4772
644 1222
1303 2699
4314 4079
3445 3588
2798 1826
4157 3811
4153 1183
2201 4077
2345 3359
225 4139
3197 4916
3934 3176
4002 554
541 2081
3455 3164
4358 3463
2881 2276
836 4804
2424 1890
3351 883
3613 262
606 4633
162 588
1014 4786
3336 750
278 4338
287 2830
4117 3395
1570 4169
1811 3617
3442 999
386 3940
4934 2599
1655 1753
2939 2785
2174 3210
1786 224
4488 3128
292 1010
611 2408
3838 746
426 4730
5 1272
3276 2181
838 3363
1348 586
299 3628
2755 2603
1909 616
280 2805
4098 4455
3498 733
1872 4558
510 2523
588 2756
205 232
2386 3432
4671 49
2033 512
4563 4354
1204 4096
3726 3741
2047 4396
3872 107
2024 1461
3492 4961
1630 2165
1908 4145
3601 141
1911 4890
4925 1274
4716 2581
3662 4647
414 1441
4901 1098
1074 2905
2290 4487
4640 3212
2436 1611
975 2024
3204 4524
340 4774
4254 3901
125 3549
733 1139
1836 1258
3183 3381
1166 3569
4525 4549
1408 1938
3444 1227
471 3407
4094 994
3101 3786
501 4864
2141 3397
3199 1658
2250 2162
3995 2986
1346 2186
1127 4607
1087 4390
3268 1263
3975 1592
2149 3945
1289 4870
1327 32
1385 86
1551 4307
1360 167
2474 4753
2625 4302
3223 2661
4013 1200
4699 4085
1105 4235
604 1315
4601 3240
2283 4896
2917 3047
4302 1533
675 1698
3112 553
3274 3673
1591 1815
4449 3318
2984 2015
4631 1410
2154 4029
1535 3035
1204 4758
4035 1293
159 2792
2173 2460
240 3996
1734 4454
3753 3568
601 4629
4840 2647
1262 964
196 1013
431 884
1975 2270
4441 971
1639 4886
4256 2358
4645 1355
80 3048
3129 3392
1868 4644
3574 56
4159 1021
52 246
1852 3237
989 1022
1231 3517
3958 3159
2728 2310
2216 324
3291 3286
106 1419
127 4216
2397 2515
632 2839
798 4444
709 4489
609 2897
4986 3630
2497 2139
2020 2713
2350 140
4386 734
1490 2133
2513 4443
2076 41
2074 2084
580 1727
2878 2709
2929 3563
1135 2750
497 1214
105 1103
4212 3289
2802 4798
2251 2439
1727 2124
541 1545
3252 608
4406 1746
3982 1874
3981 4061
1033 4993
3335 3486
3483 4743
4788 4937
1036 2551
3568 2322
1460 2102
4012 4135
3264 4508
2347 1090
1693 1486
4542 4807
1866 2553
4717 978
4246 2336
4808 325
4549 4756
83 3272
468 3658
3018 3341
2407 4237
985 715
2600 3545
1853 1071
676 337
4028 1565
908 351
1866 1638
3226 3595
4883 4086
1854 75
3146 757
2695 3975
4411 1119
3629 3251
14 2305
2752 897
2119 3303
4805 1765
3108 1876
892 1289
4893 1556
4852 1335
4182 1158
1741 373
1179 4021
1713 3057
1121 3791
2627 326
914 3337
1576 3549
3400 4681
2592 3130
4359 334
3167 3801
4612 3185
3465 4939
615 502
4233 4065
176 4741
2998 1534
1999 4392
2097 2116
4425 4434
682 2664
168 3797
3682 1334
4688 3103
4831 1353
479 1278
3595 3389
2127 689
1448 4496
2738 4978
4584 3088
3261 1903
2690 33
2703 3546
2884 2160
1424 4940
2895 1132
4850 378
3489 3230
2574 3015
3929 716
3460 4810
3010 1929
4366 504
1572 2524
4280 4058
2930 2774
2041 4638
885 4683
2387 2332
4897 251
1404 2710
3924 1055
1002 735
4314 3917
2937 3671
508 2940
1219 3362
2572 854
2228 3534
4095 4315
3729 1060
4323 3552
879 3633
3026 4685
909 4732
3108 4775
2750 286
4702 256
3715 347
4099 2216
3353 306
4623 3511
1503 1028
4706 95
2923 3688
1629 227
4420 934
4820 46
4399 1882
377 4345
1531 3237
3280 4733
1242 3193
3737 4626
2443 3157
2217 3926
4862 2992
3518 479
3772 3703
1493 2056
3205 2793
4328 4591
3444 3871
1008 1571
4597 4441
3581 2273
3643 762
2039 2604
4742 1299
2109 1191
221 3905
3338 1668
3113 3554
2151 3899
2712 2824
4587 3718
4352 3131
2762 4841
2918 4422
949 3024
4975 3120
1661 1720
3947 1516
4465 4560
1179 4037
1442 693
548 3927
921 1554
2745 3994
4553 3406
4649 4352
1730 875
2305 629
647 3569
2788 3074
616 3405
1689 2782
3673 2136
536 103
648 1981
361 353
3268 2863
1809 3328
3704 2900
219 3894
1748 2333
4180 526
4605 923
4293 3330
4130 396
2188 4198
1281 1330
2028 3581
19 743
60 775
4837 4384
747 4738
3897 2990
107 3137
4185 2064
2759 2876
3731 4070
1712 3531
4694 4656
804 186
1599 4174
2330 1876
3153 1375
652 3019
2765 2271
1543 3483
3000 3397
558 1278
4160 294
1188 2929
1362 4015
2641 2249
730 4349
3881 4217
2841 152
2853 3282
1432 207
4432 4192
3364 2915
1387 2284
4829 3142
3270 2413
3401 971
4667 2146
4566 3272
1687 945
2868 769
2269 3194
1766 1746
277 3239
72 3527
2167 4957
4828 4951
2337 4957
956 1057
779 2851
3150 457
2996 1398
1132 2402
2651 4843
1274 1819
1202 3204
1984 1921
1728 3713
3634 1397
3503 1285
3874 2296
4267 2374
3649 3793
4674 4466
2741 2927
1933 997
1427 323
76 3817
2817 4194
4820 1441
1131 2538
1810 2070
970 3490
1128 4672
1333 826
2565 3642
22 4536
1456 3135
1828 569
2155 1779
2108 2782
313 607
1608 309
2408 3032
669 1864
4611 2075
1946 539
3165 118
1739 3350
3931 859
2092 1986
2943 3266
185 2931
3990 4110
1682 3807
786 3191
3008 620
823 1677
2718 1129
2427 3740
2364 3913
1844 3915
150 749
3128 3707
1752 423
3989 4039
1081 408
439 2704
1619 1347
2465 3137
2885 3590
3615 1494
4427 716
137 889
4051 3417
2444 1066
1146 4851
2031 4022
310 2889
4350 4720
57 1267
4203 1510
2888 3631
4125 1850
3429 3471
1784 3427
685 2114
4532 1992
83 1589
1816 4220
3453 1508
3851 4053
4564 1564
3746 511
820 1043
1157 3799
4300 932
3997 879
2199 134
4394 1944
4503 3589
2292 1058
2648 887
3915 557
1737 1856
4083 983
1948 1609
967 3778
164 1297
3376 4699
3435 3417
2018 4591
929 2632
4790 30
1251 1931
2175 3562
2723 1255
654 2809
2325 1895
2128 3828
4821 778
334 3946
4556 2565
1545 1453
420 792
4231 1953
4382 778
3011 4881
1178 2533
2355 42
1247 1643
46 4141
2731 4134
2025 1696
1878 3201
3651 784
1196 3191
4238 2354
3081 1370
3068 3616
1935 3738
563 1231
4456 4808
3590 4588
2556 4663
996 3520
22 4556
3175 1092
1306 3528
2829 2707
2415 582
2416 1287
524 4127
646 1450
2543 3197
2983 3560
1880 1865
735 4108
3887 1557
632 578
2968 2594
100 109
2673 3320
4448 162
4548 4698
2639 3206
2193 4189
4780 3029
222 955
1225 1051
3324 3409
2323 158
2698 2091
2965 2396
3004 2454
2000 247
2288 741
2178 514
2714 664
4245 3149
3326 2114
4952 1030
2310 3708
3184 4906
1056 3837
197 1705
316 4897
3814 339
4321 2268
3031 3389
3344 4995
4563 1143
915 4333
2729 1684
1797 1402
1463 508
4297 3952
1163 4282
2266 619
2956 1378
4081 2444
4024 296
3996 3509
1561 3803
1929 2678
2834 160
3415 166
3168 2993
3962 4040
687 663
2494 105
993 3690
2003 339
1455 209
3689 4803
3732 380
1230 4067
3778 4141
2921 1619
2161 1329
2917 239
3608 4660
775 1799
3840 865
1832 1486
1494 267
1553 518
1851 3117
1512 2511
1032 803
1072 3114
3153 3643
420 2825
1221 759
2102 28
2492 2345
4876 2403
2713 3957
740 2142
3955 1678
1760 698
3355 437
204 3557
223 938
4509 228
4063 2048
4821 972
4050 369
3785 1001
3937 296
1035 2637
95 2836
2644 1704
2033 1088
425 2648
776 4878
3566 1029
1331 2318
3992 739
448 292
4432 2711
2879 2612
3119 4143
3218 2953
2506 3909
2239 4581
3919 2294
2314 3882
1753 3239
2505 515
2037 3974
3416 742
1930 2971
544 1850
2017 2657
93 4049
4175 783
596 2400
546 3529
365 3890
58 484
1501 2575
1395 2980
2892 1178
2248 4832
2073 1510
4739 448
3025 2873
4736 1538
1347 2448
610 2252
149 3885
1720 224
1361 564
3649 163
2779 1167
2737 693
2560 135
167 1588
3422 4255
1798 1532
1282 1707
3485 4415
410 2296
2676 3562
2442 2113
1606 1376
463 3806
4942 2490
1045 3903
1130 3352
1113 4513
2579 2934
2758 788
2601 3515
1217 3473
2214 3281
1464 2187
4653 3133
4586 1233
1791 4026
2855 2530
4535 3433
4551 347
2183 4888
4786 2974
1294 4110
3232 521
2721 3991
1814 1194
1887 1822
932 2426
37 498
732 4675
2934 493
2586 4988
4983 2959
2835 3374
1276 2832
3198 2320
2622 4613
4842 214
4185 1010
1523 2143
413 1630
3316 3639
4939 2472
1091 3855
1302 3603
261 4203
651 3221
1893 3170
4104 4115
1426 2422
1158 4027
2710 4290
4356 3107
1575 3466
2818 830
2662 4615
357 522
1518 4998
871 3786
4433 4169
2255 515
4987 486
3186 1688
1925 4529
1138 1961
2447 404
4720 3265
1451 1761
4115 597
122 2577
532 1068
3068 4341
147 4551
1279 4368
3750 4948
4263 193
3702 988
85 704
121 4120
4298 1449
3076 2479
3100 444
3702 198
2612 670
1366 2708
4787 3991
154 3993
3736 872
4697 741
3536 2552
1009 3600
3986 3349
3926 3152
226 4602
2342 1153
122 2067
4757 352
4947 2035
217 4316
3002 3900
4961 535
3816 2387
1523 1911
376 2948
4498 3833
2670 2802
3409 26
3868 1367
3002 4146
1651 3096
2054 4298
2224 833
789 3845
66 4387
4468 136
4731 3302
2914 3788
2573 2158
415 2912
1803 1556
3359 766
1140 3491
2428 2966
2301 180
3661 2452
282 136
2249 2062
1778 3014
984 3884
3532 4166
3823 3747
3089 2157
4052 1117
759 3363
2221 242
570 1280
236 1499
2556 2211
236 2567
3314 4341
3334 4232
3007 3404
3205 3507
316 2215
2629 2497
4458 3878
2021 3538
2536 2607
4701 2298
4765 2909
1665 4503
2894 3487
4321 4577
593 1264
836 4268
138 1623
399 3242
3938 380
4707 767
1440 4950
3091 94
3824 1947
411 1086
3777 300
3923 4754
3950 2304
38 1632
1009 4266
123 1219
146 1438
2615 4984
1925 132
793 1608
1604 1792
2893 4846
3091 894
2625 631
847 4966
568 1939
3648 371
240 2576
2972 4343
781 4325
4515 3391
4561 920
3260 713
2343 1070
2151 3322
4421 4249
2191 4554
1207 330
2312 2555
1013 1063
2437 90
80 1773
1067 1855
3518 3722
2633 1782
4039 2975
4522 3977
1578 746
2041 1837
4154 3298
2846 1618
2113 3685
1821 1390
306 4573
4304 614
1991 2226
4832 4368
3106 321
3030 3710
4564 4478
2349 4340
1321 1831
3865 652
3181 720
1461 1471
3021 4894
4377 401
3650 2494
3270 3577
1414 663
2011 1603
3097 4152
3699 3546
3111 1152
1573 845
3399 3411
1532 3331
446 860
1380 4853
1177 4754
4700 2532
3148 3247
1211 3087
417 1884
1332 1907
152 435
4121 1763
2732 1479
2000 1286
853 4709
3601 2893
3758 114
1573 48
1514 2948
2752 2937
3049 4965
4996 348
1767 4124
2463 2248
1431 3886
3998 983
3854 755
1338 1640
2455 3383
2426 2843
460 1008
4326 1950
2533 2459
1835 858
62 3681
1201 4723
3072 1995
2709 1146
470 3326
189 3255
2132 4076
1085 3019
802 4223
2051 1113
1826 4132
212 4625
4909 3360
4690 2537
3676 1296
2836 1541
2255 2267
1913 2091
1822 1142
315 3745
2367 1388
2369 1487
684 3314
3145 2244
4228 530
898 195
4580 1756
4805 3285
3424 3918
2162 3292
3849 1048
373 4383
791 1906
1273 2689
645 108
2838 2576
3066 4841
3877 977
1785 3255
1064 3885
1134 2043
3969 2493
1117 2219
3084 1937
1902 400
2157 4401
4223 3118
2303 1740
2773 3592
618 1599
2575 4213
2414 2241
2756 3244
941 4091
3806 3821
789 4479
1412 628
4911 3282
3587 3384
1666 2298
1914 2865
2902 2549
1927 4579
3012 534
3947 1786
1454 2824
3646 738
3036 1184
2030 42
2333 2939
1476 61
1757 2587
2171 1663
2826 2799
1148 4200
3723 499
3336 2564
4382 2125
4027 4374
1762 1660
4117 2837
3844 3540
4436 3712
1912 3130
4305 2403
4890 3017
2537 239
1340 4557
1383 4729
1082 2385
2016 974
4616 1061
3140 3800
4586 831
3918 1203
4469 1483
31 3832
991 4494
4892 921
4914 1300
919 3930
794 4799
331 613
4451 396
3625 2811
3967 2007
1107 3802
4344 581
1485 4337
2963 1815
3776 888
3354 3619
4755 3932
3743 3653
2783 4202
2718 4143
2501 2225
3699 959
3777 3393
3180 722
2586 1437
288 903
945 1002
1252 2784
2655 1804
1445 4965
1988 1242
868 2901
2822 2662
3522 2040
181 4572
2348 304
1771 2624
2678 2722
2007 4209
2206 18
1576 1450
403 748
4193 573
4764 1906
4066 1361
140 680
4116 4147
572 4427
1351 13
1003 14
41 2790
3605 3321
3211 3599
4180 4148
2952 2925
230 1071
1447 4975
143 1507
3109 170
1164 2842
943 1389
1729 2611
4959 3278
2815 4399
2808 1818
2800 1478
242 4387
3248 4137
3095 2455
2289 1821
2801 3936
3691 3541
4092 535
4313 691
922 3597
1237 2985
1195 1997
1314 2736
2420 1600
3048 774
1883 3320
4817 3200
2013 617
639 1500
556 811
1908 935
3899 3049
343 1023
35 3069
521 3246
3119 4759
2919 1799
3054 4766
2665 1095
1124 4960
3797 145
2475 1076
2679 1468
203 1062
2668 117
2783 4678
3144 1967
897 1962
3309 4778
2163 3058
2287 233
1905 1250
2082 2516
1480 3953
621 1973
1872 1991
2520 3480
1519 4516
1904 3485
4105 3122
1379 2402
1296 4375
4068 2653
2859 2468
289 1579
2058 4730
2607 4920
4069 384
3317 1539
1348 1183
3738 3486
1544 3398
3524 3973
20 696
3854 4630
4408 3439
3952 381
4681 2110
4332 3545
3287 2626
3478 1235
4891 1382
4187 1588
2715 1490
4080 375
1846 1833
4789 614
2822 3447
4253 1265
2309 2496
2050 4267
2158 967
3623 2297
3809 2788
4725 2150
1003 3001
4484 656
513 3217
1363 2275
719 4177
2531 3842
3674 2451
4008 1681
3544 271
4715 1557
2229 2769
3332 123
4629 201
2571 3992
4385 4260
1616 2665
3094 355
1326 1229
1546 2670
3550 2400
3028 1750
1634 1012
4179 3027
233 1726
1595 3519
4085 1496
2183 4621
2675 3159
498 2692
3542 70
2185 2897
1722 3621
3912 963
1945 1015
1536 2285
1525 723
324 3716
1521 2810
4126 4928
1994 0
4708 1394
2672 1954
3473 440
2328 665
638 4092
2847 3383
3610 1226
253 81
1857 2120
1528 4588
4342 3616
204 154
2182 3828
2675 2618
1803 2233
4195 3372
3484 4097
1987 4055
1975 3760
1023 273
351 938
4724 456
1431 2031
3026 4087
77 1811
705 1489
4552 4761
1017 4054
3061 3654
4251 3279
409 4938
946 3980
862 131
259 3009
1848 3488
1311 529
3284 506
2285 1049
1569 4413
401 3812
2267 3072
3668 3870
4025 2220
4617 1646
3668 3342
3342 4568
2906 4679
3754 1109
1469 974
1038 2438
1253 2224
2401 1136
4728 4559
4340 2715
2943 408
4078 4138
69 2180
4669 1863
3812 3856
1513 3013
910 538
872 589
125 2221
1119 191
601 1530
1385 1940
876 2204
4316 3071
3769 756
344 2518
4421 1243
4310 3476
2092 700
2390 2681
390 3501
2278 3493
1655 3337
4224 4435
1123 1
3472 2213
684 4155
4589 2828
2239 302
3718 4331
3407 4606
1888 254
1732 933
4486 3431
1430 2373
1806 4737
1674 2299
1206 2547
1568 358
2791 811
514 113
149 4198
3519 1466
202 495
2430 1724
3188 2925
722 849
3084 4043
2217 4389
361 1661
1443 4220
1435 2196
3871 74
466 4475
2775 368
2423 1237
1765 4376
4357 2069
1334 4523
2071 2747
1949 382
3462 1730
17 2480
2561 2833
592 3451
813 4750
3537 3966
4861 1266
3166 1754
4186 2038
2048 2059
1981 3614
696 4666
1875 2466
2874 844
1130 1656
4778 3232
226 1662
3454 3969
4980 4527
1916 1272
4871 898
4494 443
3394 3694
4390 2560
1694 4389
4451 1870
2676 2453
3134 4621
4446 1021
781 3976
4238 3724
4093 1644
1217 4448
4929 576
4044 1100
650 3565
2352 1111
1957 102
3323 2935
99 4068
4436 281
2009 4103
1555 3933
1319 1425
383 1691
2012 4207
510 3180
4867 1846
6 2036
1072 1018
997 4858
2368 2761
124 1160
2398 3388
3003 507
4584 2362
44 4836
3081 4462
4912 4425
4230 3788
4644 32
3461 3612
2938 4309
4035 1356
3468 2312
3687 2410
2763 1867
1019 3981
2326 3976
2682 1736
4919 2933
34 3225
2473 1337
500 4636
1851 4100
2904 4355
4210 255
2927 700
1306 248
4281 3561
243 3470
2478 4928
4567 216
4868 2656
346 509
3145 4477
560 566
1613 4913
1371 323
71 4320
3580 3752
1155 3521
3942 1664
1209 1410
1528 1800
1804 3850
1229 79
4445 1069
3155 1714
533 1771
1641 1631
1220 4419
3526 4373
1721 1775
3330 767
2691 4477
4265 4650
3983 2336
3162 2570
2164 1335
692 2741
496 721
1827 4943
1714 3532
3301 1049
3396 1386
3231 1710
3719 3431
3452 2587
291 4030
234 1304
1685 332
3492 2837
293 2388
2118 4997
270 3920
3534 183
2517 4438
3628 3990
4679 2991
4604 4056
1987 1701
1862 2425
4195 2689
3605 4018
4023 633
3677 208
509 321
1775 2055
4133 3743
787 4378
1366 4533
843 531
4941 1744
4900 112
4114 3721
1026 2821
1517 3819
2319 528
4054 3321
307 985
184 4058
4643 3047
1093 3327
3098 1928
3405 2872
3062 2507
4413 4655
4958 1527
3007 1947
720 2786
4160 2789
4207 830
3400 444
2156 1352
1248 24
534 1853
968 630
1281 4136
1171 3763
4353 2976
792 4193
424 1298
3525 1260
1189 249
554 952
4534 3238
2003 980
69 20
4811 2553
1703 4519
602 4908
484 846
1111 4717
2815 4905
1849 2190
218 3830
4936 4031
3433 1408
1974 461
4460 3316
4515 3059
569 2807
77 1609
1312 2727
1529 1156
4608 3386
4628 3938
36 4363
4742 1780
433 271
4910 302
2016 777
1710 1150
4819 565
3459 4365
651 2471
1065 4875
2277 2419
1723 2214
660 745
2361 4709
4305 3939
1042 1268
1817 403
2008 27
610 1249
4209 441
2593 4359
707 4593
2649 874
3141 3154
4661 1144
4445 4708
2971 911
688 3530
2081 2872
3122 2674
3249 3914
355 200
3521 4119
288 3560
472 2206
4074 3467
3378 4640
4554 2392
4188 2485
1758 4437
4812 1350
4226 966
2932 4582
1958 3176
2130 3882
1339 1636
874 4241
499 4114
18 4548
2854 1842
3004 3505
1354 4510
740 1190
4662 2136
1835 3834
1035 353
516 1190
2476 3712
1689 1271
4020 963
522 2080
2650 3637
1597 4375
3611 4084
790 2072
2693 1304
550 2819
3460 4257
3408 4956
3934 264
1656 2013
1970 1742
3260 2090
1473 4435
1120 4764
3310 2169
584 1143
914 3196
1715 4196
4767 528
1315 4206
4606 328
671 3095
4662 3554
3714 2388
903 2227
4721 165
4501 2829
1005 1531
980 3572
345 1283
10 3075
3755 3079
3376 2152
2880 3157
6 829
3231 3525
3053 3207
4038 2349
957 94
2973 3763
4598 1014
2245 1768
4234 1697
3422 2581
835 4469
3965 4288
4712 3620
3967 3922
434 2163
473 2958
1873 2554
593 3055
2147 3024
4618 2068
1181 3612
3023 1477
3766 3039
3808 2609
1700 1110
1455 1053
3557 4956
1861 1333
1918 3646
2280 745
3386 4845
3090 79
3343 3830
916 2539
1755 3216
4471 303
57 4225
577 13
384 989
1102 4637
864 1400
1639 1936
2679 3898
3368 4614
3748 3936
1240 1000
2218 2308
2776 1942
3622 3774
2097 3289
4982 1941
1374 2875
118 4889
4690 4450
1614 736
2588 4100
4484 395
2232 1422
4860 4261
686 3178
2282 4007
972 4895
3420 519
4903 4129
2370 1668
3610 680
4534 4022
3555 842
841 2286
2090 1726
882 1114
1371 172
235 1978
3637 2479
3283 2263
2235 379
4139 4540
4174 2818
290 406
1302 366
3841 3112
4336 1750
2475 1934
1076 1577
1553 4457
2979 406
4967 2254
2154 4409
3096 4057
55 642
3234 175
3931 1340
1484 2167
1634 3597
1170 1992
3651 2145
1383 887
2831 926
1628 4429
1133 2035
1198 856
1467 2858
327 1172
3948 703
671 45
4261 1829
3241 2595
4090 3585
4737 3489
929 2133
244 780
3843 2599
2775 1411
1837 364
30 1594
2791 636
1046 4229
1823 857
96 3144
2603 453
3526 1596
1794 907
2698 973
683 4161
1248 2876
3018 2997
880 2476
2482 1095
389 1544
1964 777
1381 711
3878 1482
237 2941
804 3761
4719 1138
4666 371
1141 1034
2767 4579
527 261
101 3220
1473 3708
4135 3269
4509 3623
4364 529
4420 4000
2755 1011
156 3829
3366 2272
1054 1764
2663 553
4128 4005
2071 54
1346 4792
3822 3642
2767 319
1607 1558
1709 4885
1612 2540
2868 4384
2253 3937
1342 723
2716 4637
2117 2168
295 3675
3724 28
3243 582
4249 4168
1485 3325
978 4877
1359 3909
1669 4718
973 4218
942 756
1056 1972
4520 4336
1708 2131
336 2716
2669 4374
3725 3783
1582 3345
2789 217
2621 1196
3263 1919
265 4856
4589 2302
1922 1828
4600 391
4229 1615
4097 2619
3033 2161
3482 263
4587 4507
4795 297
4333 1058
51 956
2846 2463
2558 1300
4598 2785
4142 4273
4483 1841
2251 884
3050 3451
3293 697
2060 4046
1472 439
567 4620
113 2685
446 3085
3 2766
3202 2720
1524 4306
1988 3344
4456 1662
4461 1369
1489 4062
4415 2441
2613 299
209 4693
2659 4017
4544 827
181 855
857 2341
2416 1341
3751 108
1627 2506
4045 3229
655 602
3353 2764
1328 3105
3951 4191
2993 199
1543 2192
2461 2899
1091 2529
3135 3621
3374 431
4722 2727
1460 2889
2500 1606
3566 1381
519 1142
3780 683
1012 104
3781 1314
1232 2804
4236 2776
4634 3220
3579 4406
2252 1238
2632 4797
1220 114
1849 4504
2701 4824
3895 3544
1683 3999
3454 378
962 2456
4539 1412
1434 1977
1820 3438
2749 752
840 544
721 2589
2634 216
4683 4165
617 3391
4357 878
4156 1269
2525 4759
1572 3013
4048 1167
1466 1396
1506 1818
3795 4197
3624 1807
2608 1995
2022 220
1326 4568
2335 1764
4303 1051
2412 1007
2546 3811
3865 2173
1653 3307
2433 50
4968 1384
1041 1695
1901 3751
3626 4877
2148 4291
3600 3099
2514 1640
2848 2954
3776 948
753 1813
2112 4713
3670 3367
3530 3808
805 2049
473 3169
2341 2680
4608 1703
3219 2672
349 1717
3985 1892
2949 1983
427 2101
1910 4242
595 2386
3459 3110
3290 252
994 4290
1706 451
3758 2623
4978 941
3335 1291
4149 3446
1101 427
2082 3641
3563 3578
2795 2025
1789 3288
4219 4519
1407 2521
4130 1790
4101 1923
2134 3351
3939 999
418 2344
1518 3315
1749 265
2137 1704
460 3357
899 2116
1317 1943
1899 3735
4535 1349
665 4014
3413 9
4239 4972
4569 3547
376 2748
3753 1097
2899 928
3663 2460
3846 4748
1796 2010
2860 1188
3456 3928
3887 4849
2989 900
2311 805
763 1017
4541 599
2061 675
2478 3182
1601 2300
4324 2105
4259 4236
1859 3685
1551 2250
1394 25
231 1671
1174 3348
2378 2991
1283 1919
1870 524
2425 4262
1877 2080
3664 2487
2962 1298
2742 350
2457 4896
318 1976
4499 4626
2540 4452
678 4466
1406 2711
1859 1418
1801 916
605 4806
2532 2825
1802 4512
2965 3201
560 4376
4136 2306
4517 3279
260 4557
2536 2245
3736 2827
4967 828
3922 2936
3953 1261
2620 1805
402 4403
4705 3297
4781 4327
4161 2528
1465 2683
2050 4838
4449 2138
78 810
4329 3523
1615 2749
2417 3183
3461 3805
4847 279
2580 166
349 4284
3052 4657
673 715
3331 3280
4006 341
2189 1506
3717 3654
1070 3588
766 4318
1007 743
3435 187
1060 1436
2264 655
3203 4411
2850 3445
1502 782
3001 2005
469 1641
4527 1189
243 3436
1587 1160
1062 4311
2026 2477
4337 3524
4050 3577
532 933
1533 1376
1115 825
1045 2865
144 1052
2086 4739
4215 1742
1871 2725
8 117
4712 1955
1118 1362
2926 3278
1649 452
1215 417
4138 2342
294 1877
3161 3051
4865 1313
3683 3537
2430 372
2210 476
422 4604
3869 4566
429 3908
469 1047
309 4815
3955 839
1766 2230
1161 1456
4397 3656
4663 223
3539 3983
2465 3742
1590 737
633 3912
540 1151
4866 257
711 4901
1612 1154
-1
