10000 10000
6120 766
8069 6063
5109 7255
2983 3696
698 7255
9195 2182
7828 9208
5574 9132
6134 6036
2405 8853
6647 3696
9132 3934
5734 3854
6856 7693
1177 704
698 2539
1207 766
8726 4547
1207 6090
9208 613
5375 5083
3728 4880
4547 4186
1116 1836
5399 4947
3934 6169
5404 8069
1378 7897
6363 1255
6647 1938
1353 4186
7624 1642
5602 6856
6087 677
613 1627
6134 3655
5135 1066
8536 9467
6248 6090
6837 1378
2446 8538
2446 8167
4535 6087
5375 2942
8853 1924
2393 4947
7626 6837
6482 3258
7214 2398
6457 7626
1627 9310
9067 1675
7439 4535
1924 8098
8594 9186
8536 622
1380 6169
4790 7545
7609 3453
6248 4896
2942 1297
3803 2417
27 1674
1675 64
4450 4017
9445 9899
4429 2157
8199 9899
7214 1301
5602 1338
2705 1938
7872 2539
2157 3417
4450 9785
4775 5404
3194 1353
1380 7961
3249 8199
2393 3960
7368 3655
9679 64
3794 9310
4790 7933
9785 7862
6034 7609
1674 4898
8594 9212
301 6152
1642 9759
6992 7311
-1
9679 4000
910 9212
6457 5652
7872 9466
4124 2705
3194 8342
3050 9759
8043 3249
622 5618
1297 7295
8342 351
7218 1066
9014 7862
9466 1337
909 7439
1337 5146
1301 1377
5652 2153
3376 909
7988 3258
4775 2564
3794 7808
1077 919
5930 7961
2995 4000
2365 1836
4728 2441
6949 4124
5239 4672
7988 5272
3564 4728
-1
3564 323
5734 8120
5176 2365
7808 7521
7510 2564
9380 2995
8054 6949
2578 4705
1377 5622
8085 323
5225 910
8054 3977
206 8167
3960 9699
2093 206
3977 4471
7529 4471
4090 5272
919 5467
8098 7141
5355 5225
8085 7928
7690 4367
6635 7529
1342 5239
9699 4826
4826 6694
5185 1338
-1
4090 680
5491 7521
5930 6952
8955 7218
2074 5618
7399 351
3050 9875
7510 6699
5725 5146
5185 2800
2153 7408
7202 7141
3376 2495
1515 6034
6152 4430
775 9014
8955 7842
4367 1212
559 2800
7486 3417
2093 4633
9480 2495
7311 641
4326 7842
559 6072
7295 212
4793 4898
641 2928
4430 9190
3679 4705
1515 9638
6632 4633
775 8802
7933 8537
1328 9480
1212 9637
8537 8493
1698 6694
7113 7938
245 6072
8802 4448
3698 5491
4028 7202
2552 9380
4940 5355
5622 9953
7399 4373
6635 9427
6632 8671
4448 789
5753 9638
4326 4720
9953 2644
1553 5725
3802 9427
789 8362
6952 7242
4373 1993
3698 3952
6900 3952
5317 1342
7775 1328
2661 9190
3679 1988
8493 4530
2074 8941
1532 9336
9568 2661
913 5753
9568 9291
2978 7775
2552 4532
8061 4028
8170 2644
5506 1553
1144 6900
172 8043
7486 347
347 7080
9195 2771
7928 7829
3641 3802
7478 8362
4940 4769
3210 3641
9411 212
4793 2346
7938 3387
7923 7242
9808 8941
8794 4530
2978 5442
7829 2506
4720 3032
6118 4769
8170 3257
6363 5584
479 5317
6977 680
6977 798
9129 7478
2337 172
1164 9411
4206 8061
6699 9206
1993 3150
6981 7368
245 8032
5442 3552
8671 5344
5410 7408
8633 3150
4206 4851
6892 913
4152 9808
4532 6230
3719 8120
4152 9377
912 2506
5116 6892
4896 1838
1557 9377
912 1579
1557 328
1988 2997
3277 4851
6230 3173
8766 5506
6365 7080
5275 1838
7711 3210
5116 8815
2129 3552
798 615
1114 328
7830 1114
6253 3032
6365 1451
2840 8633
3842 2337
9875 1744
2752 9129
5410 3124
2202 1451
5769 3842
615 1415
5691 8766
5845 2346
2142 3173
5176 9494
3567 1164
4880 3043
2840 7735
3950 7923
3950 6750
5153 9206
3257 5680
8525 2202
1415 7048
7101 3043
7735 5548
2553 7711
7830 3084
3719 8580
202 8815
5153 3279
9494 5685
2553 7194
4888 8794
3277 486
5584 239
2997 907
1506 2142
-1
3124 5914
2129 2934
869 5914
7194 3049
4583 869
1144 4493
7798 486
7048 9588
4437 5769
5685 3036
6426 5680
8571 7798
3706 8032
7150 479
8712 2928
4583 3314
2682 6426
6625 2752
5467 2152
7633 4493
6625 9673
3049 1443
8712 3675
3287 2934
8639 9291
3036 3911
3387 7356
7633 8053
8590 6750
9673 2790
1041 1579
2089 7101
9402 8580
2002 1443
5094 2790
3314 5752
8643 2682
5514 5752
4637 3706
427 1041
4966 8643
2152 8025
8571 6621
5845 7969
5094 5863
4888 6280
8638 3279
8053 394
2771 7404
6280 8254
2906 3567
1744 7008
5514 5788
8314 8590
8670 2089
5863 4062
2171 8254
4062 9531
1127 427
2469 5691
6662 2906
9588 8785
1061 8785
5501 8638
2974 4437
7008 426
7422 1506
239 7539
6662 1072
6019 5788
8525 7098
3353 3084
9531 9792
5855 5548
202 182
618 7150
4013 2171
7356 8146
668 2469
8314 5536
2002 2050
2050 7541
1072 885
9965 618
3911 7513
7846 5344
3287 9582
1127 1180
5518 6253
4013 8723
7083 8670
7539 4981
8639 9663
1300 9965
3283 4637
3542 1180
394 402
885 8248
9802 5855
7083 8626
1698 8289
8723 3954
2392 7422
4631 402
7427 7541
5313 426
417 907
8289 4992
3488 9792
7313 4981
8248 1172
6118 5630
5518 2582
4080 7427
3003 5536
1172 3654
5275 1269
3954 9903
3542 8509
8025 6970
9219 4249
6981 7727
7162 6256
7098 7568
3801 5313
9983 1061
7770 3283
6019 7985
1803 9802
9293 3488
2862 2582
5427 3353
6276 9903
6276 8102
5501 7472
7568 6331
7846 9695
7908 182
6621 8565
9 7770
2392 3885
6720 8565
3801 7628
3003 2700
2700 6495
9656 3654
1269 6830
7969 1680
1705 8509
1680 5645
4548 6970
3308 9656
5417 9293
3397 6720
3885 349
6830 3117
2670 9
4171 1705
2229 9983
4548 5465
5645 6338
9650 4631
1849 6743
3656 4992
7513 7073
7313 5379
7472 1040
1803 7364
1464 4080
5379 9019
668 9725
7073 5900
5630 6009
8102 7786
863 7628
5869 9725
6405 9637
495 7985
9170 3397
9050 5900
4052 9170
5726 7786
8903 4966
5417 5935
4052 9567
5672 2229
3117 344
-1
349 5843
5869 3605
2670 9777
4964 9650
3644 8903
5935 8589
2774 6495
3656 137
9059 1040
3733 6338
9059 1418
6142 8589
1853 5843
4575 5427
5221 5465
9663 2638
6513 5672
8093 1853
6142 2509
1029 4171
5717 8626
344 7870
9582 566
8714 417
2753 1464
359 137
2057 2638
5726 4681
9050 9861
2872 4575
9305 9777
863 8754
5387 2753
1076 1300
9019 4804
8761 2774
9567 9551
7972 8754
3609 1418
495 7586
8982 5387
3308 1604
7586 7351
3005 3644
4681 6302
7100 9402
1690 9305
7617 7351
6513 2162
8982 6270
1142 2057
759 2872
2162 3372
8761 2949
9551 8555
3372 6968
7364 4280
823 3733
3363 8146
2949 586
6009 7180
7139 6270
8714 1765
8960 7972
7617 9994
5717 827
1604 8725
586 6937
7180 4379
3605 3033
6203 5221
9686 1076
8093 5854
8960 8044
9752 5854
823 7460
1890 3363
5371 3005
6968 9666
7318 359
8555 2839
1641 9861
4995 9682
4050 5371
2862 8293
8527 9666
9683 1029
230 9752
399 1641
2277 9683
8220 2839
4417 7460
2509 141
8527 9026
2078 4964
9695 1999
5364 1142
1890 4356
4804 3435
2277 736
9124 230
6568 6331
1017 2078
4379 1940
7337 3675
7290 4417
1038 1690
4325 7870
399 826
6909 9994
5647 6302
1479 1017
4150 5364
759 9987
7139 682
7749 9987
8791 4050
3890 826
8127 5647
2183 1940
2467 7290
7100 8229
3703 8229
4280 2612
9124 383
553 383
2183 4901
3033 6537
3587 6203
2467 5970
718 6937
4298 553
7749 6350
4901 542
2502 736
9605 3435
5469 6909
827 8930
6000 2502
3890 5220
5638 566
8575 682
1765 4094
141 681
2974 2098
3609 8360
423 8127
8293 7143
1955 8725
5612 9026
1268 423
1999 6412
5220 9381
4325 5954
7207 6350
2481 9686
2577 7908
7318 7809
3847 718
3893 1955
6405 9736
8942 5469
8930 5286
2612 4279
530 2527
6000 6820
6820 156
7207 1136
156 5233
2481 5748
4356 3573
9381 8672
1002 8791
283 542
5970 2084
4380 2084
3703 1840
1479 3406
9468 8942
7547 7143
1038 9227
1268 9929
4108 9227
4987 7809
3847 2464
283 8899
5064 6412
2485 5748
5597 3893
2464 7110
5638 5302
8584 9605
5546 5233
681 4215
9958 4380
1840 6934
5954 3066
407 1002
5005 3406
1136 4889
497 407
7127 6934
6596 8575
9929 3442
3066 5457
8584 9564
4279 97
4298 4536
4150 3868
6391 2485
4536 2366
2366 4976
9958 661
3573 3635
7127 2127
2577 4921
3126 5302
8956 7727
6812 6568
5234 4976
4108 8777
3868 2238
9564 4161
6854 5234
3587 6284
8899 5187
3297 7110
942 9468
4094 86
7337 3181
6983 3442
3635 7546
2856 6983
1371 3126
8614 8777
778 2175
6812 1660
3297 1699
2856 327
7181 5597
327 1037
5005 2751
5546 8359
6948 2127
1699 9630
942 9810
8518 6854
2751 453
6537 7720
3154 9736
9630 3796
9649 4889
9649 9205
5457 9200
1905 9810
8359 7
4618 5612
1206 4161
7189 8614
742 3796
4035 742
7189 4865
2425 453
4618 1725
1660 7533
8130 6284
7181 2407
9572 1725
4865 4644
1161 6948
4934 2425
7720 8686
7276 7546
8360 7217
9370 5064
4910 1161
5646 5286
6391 6946
8686 6591
6675 2238
4153 1905
6932 9572
2431 8220
3988 4153
3309 5187
4591 6596
3327 3154
4611 9336
4215 8663
7678 7
1206 2965
2228 97
1850 2098
497 6461
2876 4934
7013 2876
6932 3254
2721 1369
9205 8511
8402 6461
1396 7678
3309 7964
4921 2586
9370 7322
5646 5799
8518 4765
4510 4591
4910 5386
7721 1396
2518 2228
2407 9818
3254 9175
9114 1850
7322 6930
7250 7533
3899 4510
14 2431
1042 1499
9111 9175
7721 3757
7250 3056
4873 1371
-1
3899 7342
9844 4873
-1
7567 7547
3757 7709
661 8260
2807 6591
6946 5320
5155 7217
3056 5015
8321 4765
7567 8664
8716 8321
9579 8402
6099 5376
2061 4644
5423 2061
7063 8044
7013 3348
8511 5535
2518 4014
8663 1054
9844 5780
7166 4014
6067 7276
6930 7084
8060 7342
9818 7781
7949 3181
3586 7781
3988 2930
1054 6001
6675 1934
994 3348
8981 6001
5131 6067
1517 7063
9382 5535
8664 6161
5386 1379
1934 929
994 8142
8672 3833
2138 9111
425 8060
929 881
4813 8142
9191 8716
1235 9382
7949 8721
6759 881
6237 7709
8174 5780
1517 7336
7166 151
7084 1501
4035 9525
3908 5131
2807 8255
8956 2071
2027 8174
7952 2027
4950 7952
5015 5559
9615 8260
8388 5155
8502 7964
1037 2474
6237 1887
5825 9191
3178 8388
9046 86
538 8130
6660 3178
5202 8981
4987 6859
3833 7114
5885 5320
8760 9525
6433 2071
1875 5885
5825 9455
425 9006
2965 8809
1379 8301
9455 4434
6097 9006
8008 151
4434 4809
8809 6806
8255 2841
2534 2930
6806 7851
2094 9579
1887 4047
4047 975
5559 4432
8731 4950
6057 4432
8502 5601
2841 9687
7107 3327
2474 8976
6660 43
8009 5423
3646 2534
3646 8412
43 9038
8412 3025
2566 8721
1751 975
5190 9038
6161 3664
6759 7115
2525 3908
3664 6748
8762 3586
9200 7415
9615 3561
8731 1218
-1
914 8760
8976 289
6741 5601
110 14
5003 9046
1218 5070
5070 2348
2348 4451
9614 1751
3520 2586
8727 4451
6213 5202
7266 7115
4813 3598
3437 7336
8008 6497
9694 4809
3025 372
5190 2590
110 1656
2138 6314
6057 7587
1875 1385
7334 3598
8727 2079
7266 1920
2939 3437
6026 2094
2745 3245
8301 749
7114 9339
2079 4969
2590 6147
50 3561
3715 2939
3785 8762
1501 5237
4475 914
2985 6748
6097 190
7190 9694
2985 4625
8081 190
2881 6147
7107 8197
7876 6213
3 3785
4969 8300
1191 9687
8961 7190
4625 7405
9909 9614
1385 9988
372 6666
6666 8867
1920 2903
3836 50
7334 1112
3186 6314
4996 2881
8081 6840
4475 7739
3756 2566
7851 3061
2487 3836
1191 3741
9700 7876
9909 8068
7461 3186
5393 3061
6433 8622
7673 1656
1824 9700
2860 7461
543 2860
650 3
3715 8103
7335 5237
3756 131
131 2587
2106 2487
8009 2190
2106 7868
8068 5892
8810 7587
9790 6497
8961 9816
3834 543
6840 1609
8867 6224
2444 7673
6817 5003
3741 7532
6006 7739
2525 6602
9816 8128
8810 735
7680 1235
3834 7503
3578 7503
740 6224
288 2444
9865 1609
6370 7680
5080 8128
9114 3992
7868 6052
749 1481
5816 4996
289 4481
2154 3578
7344 5892
6370 1832
6029 650
9988 4244
7415 8549
1112 1167
8803 2154
6741 3985
6006 6788
1945 5393
1824 4571
5568 9865
6455 8549
4858 2587
5080 1285
3190 4571
735 7550
8622 3187
3187 9620
134 5799
7344 5809
2190 8953
5668 1285
8103 4241
7216 288
5568 7456
1945 9787
1832 2501
8112 740
6520 2903
4344 5668
4048 8300
8803 8993
1880 6029
1729 8112
9261 6052
2076 4048
1729 2808
2677 7405
9790 3321
5255 2501
2808 4820
4109 4858
7142 9261
3321 247
4088 3190
6602 4181
4088 3440
1880 4572
8318 7532
7782 1167
8197 1911
6051 4481
326 6455
5809 9292
6520 8564
4241 6887
460 7142
9339 6711
9620 7865
6965 4820
8073 326
8747 247
5466 7782
6644 5466
2677 121
7706 8993
9842 6859
4203 7550
4572 7429
8636 4109
4977 7456
3992 7654
2731 6965
334 8318
1481 3155
7387 9292
7654 2340
3985 5595
2832 460
5543 5816
9395 4977
4181 3948
5007 8747
5632 5595
9610 538
3065 7216
3986 3948
6838 8953
9395 6826
7345 6838
6887 3581
7706 2009
1105 9610
590 2076
5436 6644
5007 8190
3440 6782
4058 6051
6353 5255
5436 801
6709 4344
2192 3520
1911 7346
6788 442
8042 7387
2009 3450
3538 6711
-1
4255 8636
9842 5195
7328 9787
4384 590
5522 442
8798 4384
3267 3155
6782 567
5657 8073
7341 3267
4244 8541
134 9960
5522 8304
121 8927
2878 801
9454 2878
7544 3065
7563 3450
8074 4058
6175 2340
6826 9624
3986 3350
1105 2177
7563 7514
7544 1667
7429 5706
-1
639 6175
5706 476
2832 1943
8074 2675
5543 4393
2177 1681
6185 3581
2192 5569
7345 653
9920 567
979 9454
6185 6113
6817 5169
6026 1282
7335 4211
9853 639
9780 4393
476 9524
9920 7487
7346 9881
6950 1681
9624 4861
198 7341
7668 5657
2731 3550
8221 198
653 2470
8042 203
3619 7668
334 1643
5738 5632
2675 5437
9779 2514
-1
979 458
9063 6950
9135 1667
7793 5738
2424 6353
4210 2424
5569 5165
4314 4861
1282 6933
5195 3382
6709 2361
8798 5714
1943 5598
1575 203
5761 3619
3303 8304
4288 9960
5714 1027
8541 8031
7328 3251
1181 2470
6283 1027
8141 3303
6283 911
2391 7514
5105 8141
8221 8642
1575 7976
1446 8031
5598 333
1936 9524
1748 3382
1827 5105
3557 3538
3550 5370
7976 6144
3419 4210
1259 5437
3509 2391
9135 9688
8927 1210
9688 2120
9780 6115
5169 4286
1181 2842
1643 7882
7306 333
5761 6579
1129 6144
3374 9853
8642 2642
8190 6626
8564 3903
8505 7306
7907 3509
4203 7675
5581 8505
8958 1748
3350 6416
3597 6626
8319 5581
2319 6113
5370 285
7554 9881
1372 4286
7430 1446
3689 1827
5754 1129
7865 2041
9217 9063
3419 3423
1936 9348
1259 7031
7882 1834
9348 4794
2768 6933
5165 6289
4255 1467
204 7031
9910 2361
1006 7487
7959 2120
911 3660
2319 9573
6917 7907
1022 9217
3374 3949
7554 1194
6157 6917
5754 6785
846 4314
562 8958
3597 7885
9232 846
1022 5642
6785 5093
7793 7269
9910 4815
787 2768
9073 1834
1219 1194
8442 5093
4461 787
7595 8442
2642 7790
1431 9573
3689 6472
5642 9308
9308 3136
1431 6597
8319 4139
204 5507
3949 4343
8452 6115
6735 3557
3660 8905
7269 5659
458 7919
3599 7919
1542 3903
9880 7675
6808 4815
6579 9255
6119 8452
5507 8450
3251 2834
1104 285
2834 8270
9065 7885
1006 6565
2600 6119
9232 3844
8905 2574
8270 8101
2802 1219
3502 6565
8101 3240
2913 2802
851 6597
4638 1467
3844 2086
8077 1210
8641 3240
9880 8114
4139 4154
4288 9246
8450 3360
9065 5735
9846 9246
9794 8641
6289 1587
7599 9073
7790 8743
6182 9794
4103 6472
4211 6048
8282 4343
5735 3441
550 4794
697 1104
3441 647
5026 7430
3786 550
7599 4626
6762 8282
5308 2600
9846 8497
7900 8114
8648 5308
8394 2041
5026 8744
7161 3423
9326 4154
6844 4103
5331 7161
5279 2574
7446 7595
1372 6548
5331 9158
8203 5659
4038 2086
8634 7900
4038 7277
3360 287
7748 7446
3599 8860
6548 6017
8203 2248
3136 9684
1482 7748
-1
4626 1652
9852 647
6735 595
5021 8648
4461 694
9916 9158
1482 5164
9729 851
6762 8261
7959 4923
8235 6416
4404 8634
1382 2248
6182 7118
4179 9255
3121 1652
1382 2423
2423 259
4999 694
3638 1587
8749 6844
8394 8062
8261 7855
7697 9729
9852 3253
3556 9916
7855 1034
1133 8077
8744 3508
3502 2385
1090 7277
4698 3253
8235 5204
1133 3221
233 9684
3113 8860
3638 7170
3786 5075
5279 2981
6256 2175
2359 4698
8749 1073
562 7537
6021 697
9083 3556
8183 2359
6003 4923
3462 2842
9557 6021
2970 8183
7697 3464
3121 6400
3462 7034
9557 4411
7780 4999
3324 595
3019 1090
2981 3870
1542 882
8784 8743
5164 1094
7585 1073
2769 2385
-1
3019 6490
6400 5591
5021 8398
3922 7585
2913 9617
4404 6689
6953 4179
287 53
3104 6808
2511 4411
8784 8414
3922 135
6818 3324
8035 5204
8414 6427
2460 6017
3464 3923
2769 8989
6027 2970
9276 8497
7170 5927
6157 1638
4042 3104
1524 135
5678 5591
5075 8737
1034 830
2389 9326
8737 6654
3870 9323
1094 6846
8989 7333
3702 259
9083 8290
5927 3096
2823 7118
3096 6332
9323 1032
6048 6722
9728 6654
53 7251
6427 2418
6846 842
2637 6818
6140 2389
7034 2147
2147 1208
7537 7874
3982 8290
9982 6027
7260 9276
8277 3923
1010 4042
9617 4195
136 7251
9342 3113
4699 3221
4988 3702
5649 8277
3185 6140
6953 1223
3982 8846
6599 6490
8846 2918
600 6599
5192 1223
2786 1010
9342 3975
5192 4634
4843 7874
6529 2918
422 6722
3975 5731
1524 8475
2956 600
2418 4433
1862 422
4621 9698
5699 6003
556 5731
4391 1638
1556 2823
1571 7780
5016 7333
9329 4638
9032 8475
4025 233
2695 4699
556 9921
2460 9991
7411 1571
9921 3270
7411 8180
1814 5649
3574 2956
2786 3398
830 6523
3574 4027
7055 8398
9144 2637
6689 8419
9420 4025
2390 8419
1814 1484
7701 9826
335 9728
4092 882
4683 9420
408 8035
8878 2695
2511 8022
854 1032
8022 3726
5678 7648
9599 6529
498 4027
7820 7648
842 5232
1683 8878
147 3508
6232 4391
1556 1109
719 1484
3398 1111
3333 3270
3333 9877
9991 4414
7038 4433
8384 5232
9982 1523
136 8949
9231 7260
9877 6053
5122 9032
896 8949
6332 2207
5972 9144
9632 896
4683 4639
5298 1111
5298 8406
3726 7065
7055 4541
4634 7630
4988 686
7359 2390
6232 1761
1160 1523
3185 8512
1160 1673
5127 7038
1906 719
4541 3151
6053 5999
4639 4924
9599 8231
1906 862
6712 8406
4843 1733
5016 6274
498 1183
408 447
1605 147
8471 7065
8647 8384
854 8986
3500 8231
9023 862
8647 2827
1673 4986
2362 5122
7600 2827
3345 2362
552 8180
9100 7600
5999 8801
1683 7994
5004 8801
211 6712
8657 7820
211 9481
5699 9640
4986 3940
7994 7410
3151 1236
4195 7324
5268 3500
9640 7724
1208 1726
552 1922
3345 5728
4414 3850
7630 2188
7779 9481
4909 5972
4550 2207
8668 1733
514 9100
6811 9023
38 4550
5347 8986
7724 8635
1761 5241
6749 9329
3418 6274
9012 38
447 7715
3940 7622
7134 7622
5241 2664
7134 9491
9231 5631
3371 2188
5728 9207
7380 7324
5127 9851
1048 8668
3551 8657
9751 2417
2380 7410
8062 9438
3622 9632
1236 7702
6095 2664
686 1576
1014 7359
7779 9422
9234 3551
6811 8162
3371 451
7578 1726
5590 9491
1605 3217
1750 3850
5407 1183
5268 1873
6095 5319
8512 4172
9851 6766
1922 4680
9234 6630
1566 335
5631 3962
1014 2322
6749 6842
1109 3261
4646 3418
5407 8963
5319 3331
5419 2380
4078 1873
922 7702
5635 8963
6583 3622
922 2631
9501 9207
6528 5635
7936 5590
8734 9012
6630 3229
1576 5430
3331 5259
7847 4646
5496 4078
6088 1499
9633 4680
1846 1048
4752 514
4752 1021
6523 6724
5419 2787
3229 6279
1412 6279
6724 6060
1272 1566
5104 5430
8635 5219
9633 3301
3962 3881
5895 6060
4909 852
9142 2787
3647 3217
5219 6847
9368 7380
6096 1021
3301 7152
852 5997
6093 5997
8150 5496
8734 9281
8150 7163
811 5347
2742 6583
7152 4021
2176 9501
6488 9142
3250 7936
7163 7561
2322 8415
3250 1432
8471 4008
2339 2631
6011 6096
-1
9422 3486
6093 6757
2007 6847
8143 5259
6842 4628
1432 9108
3647 6176
6954 8162
7974 1862
5395 2742
1272 4864
6954 3987
7847 4555
7802 6176
2339 3662
4357 8415
4092 1540
9281 6352
7974 4247
6011 4428
2445 6488
4428 2665
4864 7791
6710 4008
3486 220
5395 386
1241 3261
4340 7715
6743 753
1554 1750
6469 5004
1241 9058
8143 8227
5307 811
7578 6947
5895 6291
4576 4021
1769 1846
2541 8227
2007 3522
6469 9945
7771 4555
2838 7561
9108 8717
7771 5074
9438 7956
3987 8049
424 220
161 5074
7791 5721
1044 7802
424 348
6528 845
5721 6225
5941 6766
794 348
9559 4357
6102 6947
845 2194
9945 2632
-1
6225 9592
5670 5104
8034 2176
3881 4381
2499 2838
624 5307
624 7078
2541 2168
1012 386
4576 4970
115 8717
3904 451
2168 9856
6757 1195
9486 7078
3884 115
2632 7028
1769 3714
161 3562
4803 4247
4116 4970
5886 9559
3904 2639
2665 4928
8886 2639
1412 6600
7165 794
7294 3714
8886 3377
3163 9592
5267 3522
2626 1195
4924 3477
5449 4381
8558 3477
3377 8196
2499 7001
4931 6102
3213 4931
1012 6221
8196 920
9486 7096
2095 3662
1389 5670
7028 3202
5830 3202
9530 5886
1921 1389
9058 8489
-1
3141 6221
5002 6291
7409 2095
4340 8104
4643 2194
8751 3884
5636 5267
6216 1540
4847 1921
332 4928
8558 2369
3163 9583
4847 9260
4803 7843
4643 6778
5830 906
4172 2167
7409 4377
5941 4305
8104 3232
5058 6600
1795 9583
9856 1308
2626 9322
361 7165
4978 9322
9287 5002
8019 5449
9530 4828
3562 7662
7854 8034
6731 4828
1186 5636
1044 1990
7787 3232
7294 5741
1554 4337
3141 9919
8531 5058
4915 6216
1445 361
5741 6381
332 1304
6731 4316
7662 8328
7854 1407
6795 4116
5499 1795
4041 8328
6081 7843
902 6710
7737 4915
2784 1990
7864 4041
4305 9157
3415 4316
7323 9157
7840 7864
5060 1445
6081 7264
7096 6771
1186 7601
902 8467
1304 4112
7093 7001
4978 6898
8382 4112
7203 2167
5373 9919
9165 906
1740 5373
7093 5291
-1
3218 8019
1243 4377
5060 6428
7203 720
6778 5413
7890 8531
9260 8284
9576 8489
9576 3494
1308 1286
3736 9165
8691 720
7658 7840
1407 9556
4973 8049
1286 3625
920 6592
4337 1538
5454 3494
8446 5413
8515 6795
1425 8691
7323 1454
8340 7658
3736 3616
1759 3213
8446 162
9284 8284
847 9287
8751 2952
6898 7886
1914 1425
-1
4973 9691
6918 1759
9355 8382
7787 7432
7886 1069
5454 7173
7264 2187
7432 3383
6226 1243
9691 313
8340 3722
3722 3039
9368 7815
4628 8850
9355 5487
9556 1280
5301 1914
8515 2421
4718 2952
3039 7367
4673 2784
5596 5499
3694 6592
2360 1740
281 8850
6458 6226
162 9716
9912 7737
7601 2010
7367 6278
7173 4361
9716 2902
9973 2902
4718 8582
9973 6561
1454 409
4495 5301
3694 805
2616 6278
2947 1069
8618 3383
313 4347
5487 5916
5596 7263
4239 1280
1157 4361
2616 4566
5212 3218
9102 7263
7081 847
6160 6771
5789 4347
611 6458
2947 1277
3616 8876
6178 6352
1538 1309
278 2369
30 2187
7929 7956
5789 9257
6375 4566
4668 1277
8097 5916
1330 2421
5793 9102
7810 9912
788 4239
9749 805
8582 6292
5212 95
3415 626
6292 6037
4495 2259
9284 237
6514 8876
5975 7081
3344 30
7314 7815
8606 6037
6789 611
9601 5975
3753 8467
6918 2478
4668 9823
8097 7773
1242 3344
3625 1582
6561 6506
6506 2191
5701 1330
9257 651
6428 8193
409 8212
8606 2993
5291 3568
2010 6638
7773 950
8579 2445
4297 6160
281 4714
626 9547
9408 6789
2259 4006
3585 5793
278 1179
2993 887
9823 6558
6375 7120
924 2191
3568 2901
2901 7471
237 1411
3902 7471
9648 6514
1411 3529
1179 3075
887 7396
8862 788
7557 3529
7120 4546
1080 3902
3978 8618
5888 924
-1
8212 3665
4006 3413
9547 2212
4546 6293
3611 3753
6558 7286
9121 9648
4221 3978
3431 3611
2609 9408
1582 9168
1220 3431
2609 1952
1493 3585
95 8591
8865 3665
5898 6381
8343 9749
1737 1220
7797 2478
8205 7557
1493 2213
5701 3501
353 1737
6122 2360
5888 5201
9947 9601
7657 2213
8837 950
9121 385
3062 6122
6751 9168
6178 4883
7657 9849
9741 385
8837 9839
7363 4221
353 2278
1309 6348
6783 4714
6540 5898
6815 4297
8193 1257
6815 2381
31 5201
8650 2381
9839 7947
6411 1257
4537 6348
2212 808
1080 3482
3164 6411
31 3939
7482 7396
3742 8865
3171 8205
6638 8095
9849 8795
808 5957
2728 9741
2728 5640
4358 4673
6177 8862
3007 1952
2640 5957
6627 2278
4578 3075
2581 8343
3545 1242
3742 4074
5663 6293
4125 8795
8095 2457
7482 5903
9188 7810
4125 8218
3164 2914
5883 3171
2247 6177
3939 9786
9139 2640
3395 8591
8826 7929
2581 7245
6569 3482
7797 4944
8858 4883
4943 3245
4663 9188
6905 7363
5663 5218
7286 1318
7575 7245
3395 5897
2914 5669
3612 3007
9139 5211
2729 4578
5311 4663
9245 6751
7947 4353
4353 9224
6951 7890
9245 5213
4811 9786
263 5883
4220 3612
322 3062
6905 932
9224 762
6906 6627
7314 8324
5211 2275
5669 9939
9892 7243
3413 1786
4944 7339
9939 5804
1319 5218
3263 1318
1806 1319
6530 263
9578 1157
3263 780
762 2387
5213 1602
5266 3501
6569 4919
8084 1602
7575 754
2247 7831
8218 7904
5903 3129
2297 6951
3925 780
4074 1612
6262 7339
3063 8650
4193 6906
2151 4919
4517 8858
4193 7369
9578 413
4972 2457
7051 8324
9352 5266
502 3063
8084 387
932 9967
4220 9563
5641 4358
2387 200
7904 4955
9352 5062
2275 2286
9499 5804
2286 4848
9969 7051
8332 6530
5217 9947
2141 5311
713 5640
8332 955
6154 6540
400 322
7831 836
6262 2394
5723 200
2141 4974
5955 713
4974 3199
8579 7238
9436 5897
1612 4407
4811 2013
9563 3359
4810 3925
400 8900
4368 4848
6282 5062
413 7932
5723 7175
9595 5641
7369 6767
6603 3545
4955 6424
9969 2375
1422 651
7297 4537
90 387
7762 1786
6610 9499
4368 7636
1422 1166
5462 7932
2489 5955
2151 659
8895 502
659 5503
8900 235
2297 16
7636 1947
6341 235
2489 2610
5217 0
9415 6603
1806 1545
6610 9577
532 836
4310 6341
4894 1947
2522 4972
955 8918
4517 3688
4810 9607
6424 9299
7762 2122
2472 2522
946 1545
3129 3843
6154 6181
6181 2886
1720 8895
1977 7175
3112 90
5503 2551
6282 4832
8645 754
5206 2984
3199 4219
4894 6163
9577 8230
0 6030
6998 4407
946 3211
3980 3359
9723 9607
3936 2122
2746 1166
1977 4715
6109 6030
8918 5571
6783 5203
5406 5203
8554 9299
9294 2551
1132 2746
2394 3687
9264 7238
4418 6109
7867 3936
6199 6767
2610 4070
1658 532
8230 9452
6744 2472
5400 6998
2545 9452
9595 2343
3843 8701
9933 4715
9722 4219
3687 2307
2307 7777
2545 6340
7901 16
5853 1132
7763 6163
3634 1720
4310 8021
1757 5406
4544 2013
3400 8701
9415 8991
6744 9075
2530 4070
5553 3112
5553 5398
5284 5462
7752 8554
7859 3211
2530 2589
2658 3634
2203 9294
2853 6340
9372 9967
945 9722
3688 4567
9709 9933
8826 5651
1392 9436
4440 7777
9372 6092
4567 2490
2658 5228
5571 6207
1797 945
765 7763
5853 9251
108 7752
9833 2490
6207 4702
2920 4544
108 1461
6008 5398
9888 1461
5119 7859
765 604
3400 6553
9888 6002
604 3273
9264 1039
7901 199
2701 6553
9548 1757
-1
6092 5782
7663 5228
9511 5284
3990 9709
7137 5400
2853 7433
9732 3990
3273 6205
2203 9805
5782 346
7663 2762
2375 1559
1351 6205
9236 7137
4702 2299
5119 2449
2712 5651
837 6199
7867 691
9075 6032
7237 2589
4418 2314
2701 8422
1530 837
7281 9251
8645 2895
8422 5143
9609 7237
9327 2449
1103 691
7582 9732
4503 1658
1015 9511
6698 1351
6032 3098
7582 8593
469 1039
8021 4776
6963 199
6615 5143
1743 9548
45 7433
5835 1530
6698 3530
5751 6963
6172 5751
8739 9609
874 2895
3935 2299
3530 3463
6729 8991
4440 4559
9327 5173
2314 5136
9509 6002
3980 4487
9833 6145
7629 7281
7074 4776
874 7917
9805 9097
8739 5865
7629 889
1103 4322
6172 1456
4684 4559
45 5940
5401 2343
3746 1456
1865 4503
4089 2920
4487 4719
889 8698
-1
9509 3818
8380 5173
4322 2617
-1
3818 9941
1559 5836
3463 3332
5403 7297
7074 8250
2567 1865
9941 1752
1015 2555
8698 4801
5403 7653
8250 3052
346 3006
1392 4507
142 1752
2762 6238
9723 5369
4640 2729
5865 7825
3135 3332
3098 5006
474 3746
5288 7825
546 5835
4801 6111
2617 5084
6615 6957
99 469
6318 5369
8374 6111
5288 1488
8380 1719
4102 3935
7010 6145
6229 6238
546 1469
4089 2243
6229 3469
4301 142
9097 7009
6803 5401
7653 507
2243 9249
5376 9698
8561 2555
7571 2712
1502 5084
4301 1151
8593 8983
5006 5312
8374 4773
1797 9532
7009 3548
4622 5312
4719 5921
1917 4507
1151 4645
2567 2458
3851 4684
4761 1502
581 9532
5136 8548
3548 8990
3006 9627
1548 4773
5252 7571
6803 3103
4007 4832
9101 581
5873 1719
3632 8983
3469 658
4446 1548
4622 8504
9338 6957
658 6539
2931 5921
2049 6539
9985 9249
3135 5336
2568 2931
7010 5872
4761 7981
6729 8086
9101 3717
7403 6008
5194 2049
3851 7922
533 9236
8990 9271
4007 3458
732 9985
5336 1773
7579 732
3355 9271
-1
1488 672
2336 1743
2880 3458
3560 4102
7981 9095
8807 4645
3910 1773
4446 208
533 541
9338 6605
3632 9868
5194 6299
1274 8807
5252 2355
3716 2458
5383 2568
7922 5992
8345 6318
5383 3896
5171 2355
3910 1174
1917 4816
3281 2880
4234 672
2883 1469
5872 5801
8045 8561
513 3052
5265 1174
3601 7917
9863 3716
9840 5801
6605 5492
5873 9197
7403 5904
1398 5836
9980 208
5940 3122
3731 5265
3907 9197
3122 300
3717 7474
2420 9095
6125 3281
3877 8504
462 5992
3731 9758
3907 2371
2347 9627
2760 3601
5766 3803
6299 9697
5533 9840
2883 947
7579 3115
8345 8156
9868 6979
6125 3177
8999 2371
4234 9463
5904 6728
2760 7319
1274 482
8776 5171
462 977
2618 9758
7634 9463
1375 3877
7800 3115
2618 6354
7942 8045
7372 474
482 4016
8868 5492
4766 6979
507 3553
5352 1398
541 7858
7372 415
5210 7319
7551 3355
9697 2103
7551 9602
9602 2491
6835 8086
513 9416
8548 5794
4107 4016
9863 7603
2420 8050
2146 300
9424 4766
6728 4760
415 4767
7634 3176
2347 1812
7603 3425
7942 2047
1384 4816
2135 1375
7800 8287
3110 7858
6354 3302
2376 8868
947 7687
8871 5794
2643 9416
7474 8543
5722 6835
3425 5310
9424 5570
8209 2135
8209 6559
8545 7687
3896 2917
3176 5025
5231 3302
8545 6519
2376 5270
8050 9924
8799 8871
3492 2491
3009 4640
276 99
3570 4107
4891 4760
3177 3385
5025 7776
3701 3553
4370 1384
2643 2937
977 7543
3110 5520
2258 7543
4002 4370
5513 5310
9924 8317
5533 9385
3560 5905
109 2103
8156 5648
7041 2258
5905 4635
568 6519
4891 5166
7041 1912
9543 8543
-1
8051 5648
568 4396
7850 8317
9385 3996
5270 7191
5231 9591
9331 3103
2146 7348
8434 1812
9980 4849
6613 1912
1064 4767
7555 5166
9831 7555
4540 4396
6613 5528
1182 3385
4635 3860
2336 1802
2455 4849
7176 109
7179 5570
7776 6024
3996 2435
9831 6094
5208 3492
5528 9450
8999 1095
8757 9331
1598 7850
1192 8434
8287 9418
4002 9976
5722 7239
7179 180
6779 7239
8352 7191
8386 8051
8821 276
5210 3505
9459 8757
3860 8506
508 180
8352 164
4001 5352
7348 2987
1598 2794
6779 5963
2987 8702
9459 1805
3317 2917
8386 5512
2683 6094
3505 838
164 1361
8702 249
5208 7443
5513 4119
2004 1182
4395 1064
194 9418
7443 7070
5520 5577
9356 8799
2937 2080
9745 4001
988 2455
3958 4540
93 6024
-1
2896 93
3064 249
935 9745
-1
8028 1802
7293 6559
2313 8028
2794 1919
431 194
7176 1065
1427 2004
9450 6084
617 1805
1919 4023
2435 248
3958 8058
9976 6885
1364 2047
8058 2148
7070 512
838 6401
9944 9543
5890 512
743 5512
5071 3009
6084 1276
3064 1140
1095 9093
2351 1361
6862 988
764 8821
6862 5811
9304 4119
7293 2776
743 6521
1192 5944
1427 7046
4395 3663
3298 3317
3298 2413
7517 431
508 7906
6401 1843
5382 7517
5890 3167
9740 4023
3167 5020
6533 2080
2289 9093
4010 8776
6819 2289
3446 2148
9591 2614
7906 6964
3779 1065
5071 4989
6533 3775
9405 4989
2614 2504
7967 9740
4010 445
1402 1843
3570 2750
2896 6827
5991 5577
8257 6827
1364 7172
1011 6964
1276 9103
2043 7967
530 1042
2313 9360
2709 8257
7172 7201
2413 5867
7046 1622
6819 4853
5044 5963
6521 4688
5044 6191
248 6355
4697 5991
2514 1857
1891 5944
8506 2583
7455 3446
4249 2226
1403 3701
764 9997
2750 623
4697 7638
4853 6171
9356 8583
3779 8080
7301 2043
1622 3707
8948 7455
3707 1190
9990 2583
6188 9304
7125 8080
1140 883
8948 1178
8597 1190
5800 2504
5523 1178
1011 6516
-1
3663 4233
5382 1600
3775 4764
2498 4688
3243 8583
5523 998
5811 8655
7247 4233
4632 4764
1402 9226
7211 1891
9174 9990
9226 4871
9944 388
5517 2226
1776 7638
2683 7085
2328 8597
7498 9103
9405 864
3920 7085
8498 3243
7301 2659
4605 623
6171 6509
2295 6188
2111 6885
8673 2776
7125 3615
3615 5749
5749 286
2035 8498
3920 9115
1403 1941
617 2971
2295 7205
9115 628
628 5258
6516 4176
4632 185
185 4770
864 9999
9174 2725
4605 3650
8655 7753
6251 6509
8574 2971
-1
1486 286
2709 795
8574 1354
-1
8673 1049
8238 2035
4846 8238
1486 2306
7623 7211
778 1563
1504 6191
5800 9123
6251 6135
6355 4151
6851 795
1776 678
2725 336
3300 4846
7201 4258
6020 1600
5945 5020
9999 561
3300 1156
2328 6508
8764 1354
9997 2237
6508 3809
2659 440
8764 4491
2237 7898
6305 3650
6851 7061
1941 2240
366 6020
7240 2240
7148 336
1504 6775
5851 5258
2306 7354
1478 7148
4403 9123
4516 5851
9120 388
7228 4491
6135 7086
1231 4516
2082 2111
7117 883
7247 5580
8542 7498
8824 6305
5945 3223
504 7228
7623 4602
6828 4176
7117 2315
935 3307
7061 1910
445 6663
3809 1669
998 5140
2332 1910
1156 2236
5034 7753
2698 3307
2315 5001
366 4443
8425 5034
5708 1478
5420 6828
5564 8425
6663 1946
4770 3610
440 2225
9477 5001
9477 7896
9360 6927
5867 1468
2498 231
5599 2332
8433 2236
4245 1468
6165 4245
6417 4602
619 504
6915 6165
5532 231
2633 1231
8611 8542
8611 6534
1003 5140
4871 8195
8678 7354
2434 6775
3223 3968
9493 5599
895 8824
1003 2246
5532 6834
2246 3572
5420 5294
597 6417
3968 7212
2633 5073
4064 9120
1964 2886
7205 2134
2225 7916
8720 4064
3572 2130
895 806
5079 7667
9039 2082
4435 8678
2130 7035
4081 7086
3610 63
3762 4443
1817 561
6834 364
8720 432
7896 4155
3040 7035
4151 5653
25 1946
1498 4155
7468 4403
1669 6890
3618 8433
806 6774
2134 169
8195 6444
1049 7450
1964 4087
1498 5056
3142 7212
1503 2351
6534 8159
364 6628
4169 169
1143 6927
7559 1143
6039 3142
8457 5564
5653 563
111 4081
9655 5580
290 1503
432 3016
6039 114
9039 6645
4120 114
8628 6915
-1
7240 4389
8159 6891
8457 8612
4120 8131
8131 8706
63 1807
4435 2484
1168 7559
4258 7011
7468 10
-1
6890 3711
6628 4529
1792 9493
9181 5246
678 1666
1807 9552
4693 8612
25 8184
1473 2484
290 6398
3711 7708
4656 8706
3762 9738
-1
2402 4169
2402 3825
4374 8628
1666 5947
9552 2967
6598 8184
5494 7450
619 2559
1473 9254
8844 5708
7538 3825
4087 6076
2274 5294
6645 6241
2879 6241
4656 1205
6774 1665
7246 7916
1205 7778
3787 1792
2967 487
7708 1859
7778 87
8844 9762
2450 7898
5095 4693
2450 362
1110 9738
3373 2434
1859 7058
8206 9762
3882 7011
3016 3566
3618 129
376 362
5947 2627
563 8253
2698 9926
3882 215
3566 7655
376 6297
10 4187
111 1619
129 9978
87 250
3945 6891
3373 5755
1817 8236
5056 6889
1619 5719
9072 3787
597 2293
2274 5274
3352 5755
6889 7067
1480 1110
9878 4374
4529 9540
3352 5314
8719 4187
3040 3233
6227 5095
3436 5073
9878 7750
6194 6297
8253 5409
2908 6398
2293 3000
6101 1665
6620 7538
1861 250
487 5199
9978 1555
5719 5639
2412 3436
7278 7058
5199 5357
6132 1861
8017 6227
6101 7331
8719 5426
1413 1480
215 6683
807 8206
7996 2412
103 3233
5357 8404
9560 3000
3424 7655
1581 7278
1987 8404
1465 1413
8637 2627
4389 1676
8431 9655
2262 1555
4147 5314
4149 7996
3269 2908
5767 103
4147 8164
8164 2655
6839 7331
9254 241
6444 4223
9560 3771
5639 7824
4937 3424
9540 4350
685 6620
2879 5551
4508 5409
4855 3945
1676 2358
3771 4371
8637 1992
9030 7067
1987 8587
1084 8017
8587 4178
1465 5852
7528 3269
11 1084
52 1581
6409 52
685 4135
8431 6989
5426 6449
4855 6910
2262 2935
-1
6132 468
2559 6325
9926 7921
5757 4178
5054 5767
5000 7246
7824 1704
5551 9406
4478 6194
4149 4531
9406 1410
9923 5494
4350 8568
2673 1168
4937 4771
6449 4232
1215 7528
9479 9030
8476 7921
6409 812
3001 6598
7669 6076
7473 807
8285 4232
9731 6325
1162 9072
7844 5757
5054 176
3021 1992
7056 812
1704 8397
6839 3531
5852 6174
6573 11
4531 9185
8397 592
5875 1215
6736 3531
2836 7056
6725 3001
1185 4478
6573 645
3174 3021
6725 6732
4771 5862
7765 5862
3131 4223
4508 3152
2198 6910
7669 5110
9479 1447
9923 4695
2606 5875
5368 241
1989 2935
5274 6966
2673 8609
3174 3845
468 4925
7076 7473
4925 261
6174 4363
9082 1162
4084 6683
9765 7844
261 8172
6732 1781
2836 4671
2503 1447
2503 1697
1234 1989
1697 2703
2524 9185
4942 6966
2703 3099
8659 2606
2655 1547
1410 3034
4135 7755
8285 157
9731 2526
5615 2198
4371 8987
4131 5615
592 1900
1630 4084
3942 8476
6736 9798
9527 4942
4363 8685
1900 6807
8172 5560
501 2358
1994 3131
8659 1597
4616 1994
9798 2335
4335 3942
9150 8568
1781 8550
6807 299
3554 9527
83 7076
5557 1597
2335 5787
5440 4335
242 645
6955 176
6955 7050
6982 7755
8987 8500
802 5787
4695 5125
8500 4362
5368 5983
8893 2526
9082 6212
7091 3034
501 8480
2415 4671
1234 9942
5035 299
8884 6212
8893 8992
4319 1547
4131 2676
5688 9765
703 1630
4362 5925
2408 242
2014 7765
5110 9113
5911 3152
1470 5000
7349 2014
517 7349
4616 4024
5983 17
2066 5035
2436 7050
6575 8685
2324 5560
17 2419
5688 7229
2415 3351
5125 6640
1470 636
802 4526
465 2066
157 7377
7477 8884
4526 5037
5925 7421
9957 636
7377 6588
4024 4173
5911 1317
5240 3099
2436 5132
4484 465
5226 2524
8609 3651
9398 3651
1907 5226
6640 5
6737 5240
2408 6493
279 4484
2676 6271
5037 4348
5557 96
517 2318
96 4730
9570 6575
2318 6298
9869 9942
9133 6588
9488 7091
9957 638
3845 608
1907 9008
6737 5879
1317 7376
1321 4173
8480 5861
6902 2324
7229 3621
6861 1321
9285 8992
8550 981
4730 4678
5440 3795
279 4497
9150 3909
4419 6902
3941 2419
5879 9492
3621 7018
3857 9133
9492 4011
3337 7421
1631 3337
54 7750
7477 4589
4678 357
3919 1631
8551 9488
357 529
7018 7327
4348 4138
1771 9285
5837 7327
4138 7259
1147 638
6989 6106
3941 2607
5365 9570
1355 6106
4319 7167
6982 5943
7832 7167
4419 7552
2944 5132
8551 9631
6493 4975
7185 9113
4589 1603
1996 529
-1
5464 9008
8800 54
1252 3554
1287 4975
9703 3857
3444 608
8378 6271
6755 1252
8800 3362
4351 6755
8378 6110
4351 6962
1925 4497
9472 6110
3351 872
7475 5861
6298 5163
9130 4011
9631 1810
7552 9440
9703 7267
1996 6496
5943 4256
3357 1355
1185 1869
5 662
5837 5707
5666 7185
9353 9440
4338 83
2607 7391
8820 7391
3795 2820
5974 1869
4808 5707
3914 3357
9670 4256
6637 3362
703 8938
207 7267
1811 2820
7475 6814
848 1603
9869 4743
3919 2453
1091 1287
1811 4438
5085 207
5666 5950
7082 8820
5163 5807
2958 2453
7043 7082
8819 2944
2958 4057
1537 7259
3914 7783
948 5464
1196 5085
2352 872
1572 9472
3909 6403
2352 2174
1147 5540
2021 4743
6496 2208
1771 4598
7783 3393
3995 1572
4438 8217
6814 7321
3393 2005
4196 9670
5276 9130
9489 1810
3981 948
2005 4283
8819 4213
4196 7651
9363 2174
1091 5033
5540 8839
6637 6419
941 3981
3444 4204
2030 2208
3995 8816
662 939
3831 9398
58 1537
6845 58
7893 8236
9363 4935
7651 8692
6845 9791
8840 4204
4488 941
4338 461
8840 9092
6962 5063
9371 7832
8603 8816
4213 5674
5033 4129
6419 8006
8839 2595
1925 7869
5674 844
939 3484
3839 2030
8207 5974
2021 2641
6403 3752
-1
2755 4808
7043 8769
7370 3831
8692 2442
8603 4834
4077 8217
5572 2755
3389 848
733 3752
5600 844
5521 5276
3484 9651
7869 3521
3793 3389
7894 9489
9391 9791
3839 1608
2904 4488
2033 2904
7611 7893
1863 4057
3506 1608
963 2595
9353 4115
5534 4834
6580 2442
6861 4121
5534 7505
3521 6797
2033 2591
6376 3506
8769 5839
3793 960
2591 8330
9391 5264
3525 6580
6376 6277
960 244
1968 4129
594 5572
5521 6394
4388 4115
8869 4935
8133 7321
3789 244
1093 8006
5626 6797
7376 3219
3747 8133
433 8623
7225 1863
2121 7370
4146 2121
9915 5264
9651 3153
1196 8789
890 3153
4388 1549
1968 3367
9475 3525
-1
733 8710
2941 461
7505 9544
4127 3367
3926 9371
8710 751
1093 18
8438 8207
4077 3579
5345 751
1835 9915
981 8915
9003 5950
6277 62
8330 7542
4551 6394
5063 6653
4227 5626
8181 8789
6100 6653
8683 8869
8181 7128
7542 9497
4018 1549
6100 9201
1731 2941
7128 5050
2804 5600
62 7271
8305 2641
6701 4551
4842 4227
989 1835
5050 2012
594 143
18 7718
1000 2804
6701 1391
5365 6328
7611 7209
989 4744
9622 3579
890 6359
1710 9497
5542 1710
7894 1950
1197 963
8984 1731
7057 1000
3518 143
6328 6327
7718 2301
4598 5177
3569 7271
4127 3054
1391 809
5928 4146
957 9092
4573 9475
8305 6960
7057 7730
5018 6359
8438 4409
5090 5018
4121 3284
572 4573
2301 3669
8213 3054
9201 7414
4304 1197
5839 1453
2012 195
3051 6327
5928 3125
8522 3518
1453 893
4709 3284
-1
9544 2556
7730 9940
8145 8984
8722 195
4744 6696
5720 1950
3789 2523
4018 6853
2209 8938
7209 9635
5177 3266
3740 809
8683 3532
5807 1305
6853 9487
4836 1305
4709 7849
9487 6452
2523 369
8387 4842
5542 7151
2428 7414
1693 8387
6452 4205
8145 1441
8144 7225
1693 6606
893 997
6606 1240
1365 957
2428 7232
4610 8213
8851 8144
6793 4304
6956 6793
997 2950
3088 3569
177 3051
8522 8099
4205 5980
1365 6901
-1
5980 6133
6138 3740
369 9911
3828 4610
9940 436
4031 3125
7015 3747
7151 3620
6133 8651
3088 4308
8099 4514
3620 4270
3669 5510
4457 2556
4836 5121
9542 1240
3828 493
4270 8631
7912 8722
868 2950
9635 2520
1441 995
8169 7849
572 8485
3969 6696
2816 995
4457 1341
5041 3532
9237 8169
269 6138
4409 8226
9542 9730
4867 8631
5516 5041
971 9237
5321 5510
2656 4283
436 7047
3926 5068
8851 5960
7714 2209
868 6870
9253 177
5965 8651
7015 3595
2542 5321
5965 2118
5516 260
679 2816
7912 6958
6960 3454
5345 782
8090 9253
7379 9730
9060 8485
6956 9618
2077 4514
9820 1341
5296 3266
2032 493
5720 1126
6958 5833
1928 2077
7232 446
8915 3667
5833 7627
2462 5121
3969 9876
2462 6366
1126 152
3109 2118
3109 8358
9696 8358
7714 2657
8742 1928
4308 1313
7627 3013
971 7646
123 446
5091 5090
1459 1313
1777 9876
5086 269
4520 9622
3472 1459
9618 797
4907 9696
2657 4046
7646 5931
9060 1074
5378 3454
5296 1578
2542 7006
8514 5068
5588 8090
8833 4520
1578 5168
5103 5960
123 4549
7047 6926
8107 782
2992 4907
679 2155
260 7000
9240 8742
4046 9538
1158 8833
9187 1777
2692 3472
3291 5091
2847 7006
2847 5158
1583 5086
6564 9538
5103 2204
5076 9003
8178 6366
1339 2520
4603 6564
1074 5705
9779 2173
8322 4549
1339 2723
8226 6925
-1
7379 7971
7971 6524
4997 3291
741 3595
120 2155
6547 4867
-1
791 6901
4259 9240
120 3511
9187 9428
923 4603
2204 3078
9911 7540
2861 6524
5378 8585
1170 8514
6796 2032
8560 741
9834 152
9820 6310
1170 9258
8107 192
7404 5138
3511 5278
5076 5710
9604 2656
3013 665
6867 6925
7195 4997
3386 5168
6339 5158
5931 7562
8560 7641
7193 8322
4082 7195
7540 603
2992 6272
8178 4979
4040 5705
9742 9258
7562 5608
-1
3386 4980
6339 9712
3772 4259
603 5159
6547 2125
2692 128
4040 2892
9428 4930
8311 9712
6272 6995
6746 665
9243 6746
8354 9243
7000 1299
192 494
3225 5608
791 2888
4930 9215
943 2723
2892 727
8855 9215
980 4082
4908 6926
8855 4005
4031 7745
7641 6117
9214 9604
4500 3667
3772 6080
6633 6870
6867 6295
6415 4980
8311 8488
2125 8125
339 8125
5710 6074
4142 3078
727 1694
4879 8354
6415 2605
4879 9376
8488 1778
1001 943
4653 4908
1001 7772
9778 9742
6310 484
8919 5588
2923 8919
8585 3224
6796 9598
5159 2224
7444 3225
9974 4142
4466 1583
6616 7745
6616 6197
6074 7607
4033 9834
2224 2797
4979 3422
6995 2115
923 7111
9757 6633
128 9088
6080 1394
1694 962
6197 9112
4005 8147
962 878
9214 92
9757 3681
9974 693
9619 92
4235 1778
7960 2923
5682 2797
-1
6935 9598
1588 339
9306 9088
2115 6065
2861 588
6935 8573
588 3286
1299 8037
7383 3286
3840 6117
88 1394
878 6863
9282 7111
1327 4500
3224 6273
3081 6863
4482 8037
4185 494
980 8158
88 1329
5113 2635
8573 5052
4267 3422
1421 7772
6295 3810
5606 3681
7995 693
5684 4482
7383 4248
5832 4248
1614 8158
4474 1614
6594 484
4401 797
-1
4480 9112
1808 9376
4466 8572
4268 2888
7607 4473
9886 5832
6065 3768
4474 6975
5902 6594
3758 9282
6576 5902
1588 5077
1120 3840
8147 1546
3219 8813
8067 3081
630 1329
3260 4653
3480 5606
2219 630
158 2219
2231 9886
8110 94
1574 8813
1770 5684
6919 7193
6975 6922
3255 1158
4065 7960
4473 2979
6576 6392
2979 5826
6273 8474
9778 8888
2605 4394
1855 5826
6919 833
3758 7560
4745 1327
3316 7560
2056 1770
8660 4268
3480 7879
9425 833
7979 5682
2697 3810
6922 4198
7879 5497
1574 4627
3260 8219
5052 5281
5077 5335
5172 4033
1855 8161
3316 9764
6392 7146
6474 4394
7299 2056
5335 7451
4267 6414
5172 9070
8660 7738
7979 5545
1373 9764
2925 7299
8067 4927
4927 8115
5278 8118
3686 8161
8115 5575
3768 8148
8567 8148
8572 6587
1089 1546
3686 7813
9526 8219
715 5545
7803 6474
4198 6192
9850 2231
8567 6367
5575 1520
9210 9850
3116 7444
2493 6587
6192 173
174 1808
7451 4282
9590 5497
4652 2493
7108 4065
9425 9079
4166 1089
209 9354
9184 4235
8118 1264
8888 7818
6367 7695
9210 91
5397 4480
2697 984
7695 9835
4627 429
173 9714
9378 5397
1956 7813
9714 2738
9707 174
1434 4745
9153 1520
1816 9707
4166 9267
7995 1509
2738 2397
3875 4185
5858 9153
1264 292
4652 481
5032 3875
2767 481
9975 4401
158 2681
1816 3970
8094 7803
3642 1120
9478 9267
6929 715
8030 3970
6929 9606
518 1509
9761 9590
4282 7407
292 4708
7407 8640
6552 2397
8030 5178
6883 9975
1137 3116
9526 2113
8914 7108
2798 9478
1137 9667
1932 9619
5114 7818
1956 6648
9334 8474
4895 2681
5834 5281
3755 9184
4295 1421
9070 3128
5178 4707
9549 9378
7305 6552
2818 5858
4708 4788
91 310
9835 9483
4295 3227
6538 310
4707 4725
7665 5032
6012 7665
9966 6538
7703 1932
8935 9306
8709 8914
6373 518
7164 4895
4788 1595
8094 7660
2694 2113
9606 9503
2714 8640
3208 3128
6414 68
8449 9483
7887 9966
2798 2962
7146 9298
6242 2925
9079 4914
3642 6218
9209 5834
6336 9667
8449 1050
6373 2379
3723 6012
2379 7927
6557 984
1595 7160
2694 2426
7660 6988
4342 4725
8111 3255
5917 7160
-1
1434 3915
6071 8935
7738 3784
81 2714
72 4914
1013 3784
9209 8192
9298 2759
7164 554
1373 4722
3451 6336
4722 7915
5385 8192
5114 2966
7023 1013
2767 3320
2201 6883
643 7887
6071 7147
5917 9094
6447 7915
72 2674
4342 4504
7927 8187
5183 2674
3630 3208
8896 9094
343 7023
3320 3295
2871 1050
411 9334
1519 5183
9750 6988
2759 3192
6648 9364
1406 8709
858 3723
4905 6242
1233 4905
8896 6473
2783 1519
5309 554
2649 7305
8877 2962
2783 8937
9107 2649
7703 6612
9374 2426
2818 7352
7352 4238
1047 6447
5096 3295
6235 3451
395 411
4214 4238
1463 643
1670 1406
3915 1202
209 4477
81 5505
4214 9918
7077 429
5480 5096
8484 9918
702 3192
702 4911
6612 5443
3421 6473
8877 2948
9936 343
5051 7147
9442 3630
5358 4504
4444 1233
8937 8334
8334 483
6218 1755
3227 1292
7077 117
8200 1463
1023 5051
7839 9107
4444 4597
4192 7839
6624 1670
6624 2257
9503 8027
9374 4275
2031 4275
47 5480
9442 5134
6249 395
1047 3799
505 2948
8117 2031
1819 8027
7188 47
6235 9042
7796 1023
5134 3626
9042 7019
1819 593
5460 6249
7014 9364
9661 3755
1187 5385
8117 1736
4455 4911
8553 5309
2201 8750
5372 9549
8553 2735
2109 3421
5358 5055
5055 7806
1266 2871
858 12
2016 7796
3470 7019
3799 5847
12 9296
3777 7806
2735 7955
8365 5505
2105 2257
5860 483
9750 8823
8365 6714
8756 7188
9827 8200
8879 4597
2749 3626
7642 8750
2529 1202
593 6150
496 5847
3212 2966
9603 9761
1736 4759
9474 5460
700 9474
2105 6816
5482 6150
4863 5860
1655 7014
2810 9296
2016 9628
8484 7731
1250 9936
9167 496
3145 8879
9628 2546
3212 4839
9710 700
2653 2109
3214 4455
7526 7731
8111 6014
5613 3470
8274 1266
7526 2887
6816 3459
9346 1250
7691 117
2651 6014
1594 3145
8274 4710
6517 1187
3072 2651
3459 5214
3214 9146
-1
7691 4132
4759 8262
68 8271
4917 6714
6557 9036
6733 9827
8320 4863
8677 4917
5805 8320
1594 1368
9710 4655
3563 6733
-1
2053 505
2653 3334
-1
4490 8262
188 3777
291 4132
1390 3334
707 2810
5613 4330
5805 365
7756 5214
8123 3072
6044 8187
7642 7734
2044 9603
2887 4420
853 6044
6407 365
2546 7795
9346 834
252 9036
7795 2960
6517 7871
5247 853
6407 4476
4655 8391
1755 5842
2232 3563
8677 503
3953 2529
5993 4839
5443 6402
4439 5372
2053 73
4710 67
6546 8271
2044 410
531 503
5482 4543
7903 5842
7903 8246
8823 5377
7756 1620
2837 1655
252 3097
4250 8123
6464 3097
4490 2791
7307 410
291 6878
834 4862
7871 8403
8619 67
1058 8756
2791 7597
8599 2232
274 1390
1368 8898
8391 8325
5377 8753
-1
8753 2730
5236 274
3774 1620
2749 5818
2837 6692
4713 4439
5012 7955
9937 4420
707 3158
6137 7307
9661 8455
5181 6878
6137 2819
4619 7734
6484 531
7393 8599
4932 6484
1505 4862
6208 4192
3158 9062
3917 7597
8619 2517
9907 4250
2730 2550
8994 1505
521 5236
3774 5579
1882 8455
4971 5579
6066 4713
2910 8898
3906 5993
5012 6631
734 1882
7804 2960
8136 2819
4472 6402
840 8325
5247 5471
8246 8371
7644 5471
3685 4932
1753 2910
5740 1753
625 9062
4971 9611
4073 8403
188 5502
734 401
2898 4476
3412 6692
5009 9146
8417 2517
7039 9937
4330 5478
5478 1818
73 5448
2898 2020
7449 3953
1058 8055
167 2020
5764 6208
7834 8994
7449 1333
7520 6631
3917 5078
1284 5181
9611 3816
7393 4590
3685 8295
8929 4590
8295 1902
2833 5818
9612 5448
9905 2550
3816 9809
4939 625
6066 5483
4073 5295
6451 5295
2370 8055
8176 1284
7804 5053
5078 9295
70 167
6451 155
7233 5764
1902 9250
4190 9907
3226 4543
7644 3864
155 9858
9087 3864
6317 5502
4266 9250
8696 9295
1818 1322
4472 9204
-1
4939 8483
6664 3906
1333 5530
3468 401
4190 5280
8176 7423
8136 3002
5740 4893
7860 5009
7520 2326
8696 9545
7039 7347
2429 1322
1668 7347
79 7860
1009 3002
2368 4266
4802 6317
7400 9612
5053 8517
6046 840
9460 7400
9204 3090
8620 2326
8929 1253
1476 3090
8933 8371
7423 3874
9858 8393
9955 6464
8517 1616
1173 1476
3705 6546
1967 8393
6791 4619
3312 5483
6046 3974
1984 9460
5796 2370
3226 2311
7233 5362
1616 6718
8907 2429
5244 1173
1668 2864
4130 3874
1531 9167
987 5280
3412 3445
987 1550
1311 1984
2260 9545
8842 1311
6680 4893
6872 521
3966 5796
8351 8483
9196 4802
1879 3966
8186 2368
9724 6872
5850 1967
9724 1983
4130 9333
1904 3468
9410 1550
1983 7836
4498 7836
3705 6794
3445 9469
1879 6462
2311 4122
8933 804
5675 3974
9394 2864
2833 1942
6462 6425
1253 3856
5530 2193
9713 1942
6425 7759
4621 2635
676 8186
8351 8350
8350 629
8920 8907
5362 392
9890 1904
8842 8689
8920 3943
2260 2334
6914 9196
9905 4957
7741 676
4122 2263
1787 392
4606 3943
637 5675
79 3739
5029 1787
9636 4606
944 70
9469 6385
4137 4498
781 5850
1009 419
7834 2492
9410 6378
8974 4137
8286 6718
2206 944
6914 6511
9890 7966
6794 2250
3856 1903
8286 4133
2206 1533
8417 4352
3693 7741
3767 9713
629 4617
3565 9394
5029 6924
4649 2263
6680 540
9692 6924
5092 4649
1903 2654
6791 7525
6511 5200
3739 3452
3683 4352
3693 5157
5244 2221
3649 3683
1649 419
3448 9333
2334 8291
8689 2433
166 9809
6912 2654
540 1176
3312 8338
7525 6673
3452 6560
4133 6643
2747 7966
7534 1176
166 4956
2022 5157
1426 4956
4739 7534
8620 4165
5092 8079
6560 3030
4165 5328
5328 302
6522 2492
7759 3897
1963 4617
850 4739
2433 7945
3897 2660
1649 4163
2717 1533
3565 3600
6673 2422
1426 4068
3649 3475
8974 9747
1098 7945
24 637
2717 9776
9747 3119
302 3394
9746 4068
1098 8962
8079 6991
964 6912
3394 7987
4957 5781
3119 9007
5216 1292
6643 4400
2069 4163
5200 1102
145 3600
705 6522
5455 1963
964 1637
1637 7978
196 2069
7978 7728
24 304
2660 4661
3861 7987
5455 5392
9955 1261
4056 8291
2280 3475
5781 8087
6802 3448
145 5550
1531 8870
4400 3209
9776 8772
9007 8139
8870 7329
850 7943
8087 9222
2045 5550
304 314
6487 2747
986 7329
7728 3011
9972 6991
6022 2280
6664 5338
3030 7925
1102 4561
1222 196
6802 4222
6358 6022
705 7382
7310 3767
2312 2022
4056 2843
7837 5338
574 7943
2149 9222
2221 1569
804 1985
2422 7905
9569 3861
6247 2312
4561 8443
7224 2250
3209 1349
900 1569
7310 2242
9797 8139
435 9569
3011 8728
6333 435
2465 7925
3997 6333
7382 8748
3555 9087
6382 1349
3997 7158
9645 8338
781 8189
3497 986
2745 3045
9746 8738
2063 2843
6382 2584
7837 7670
8355 8748
8189 2515
2063 8665
8728 973
8665 2003
7670 1051
-1
2515 5388
6247 3873
8962 9290
8443 8256
7036 314
9950 2045
8241 8256
574 6980
2584 4246
8241 3207
673 6358
2003 9017
9444 9950
7905 3455
6980 5744
3271 7224
8772 4167
536 5392
3497 2388
4805 4246
866 8738
3873 2133
7158 1872
6385 2702
866 1522
5445 5388
3455 2264
1262 2264
3391 1985
9017 1312
6287 3271
1222 1973
2133 7236
6296 2465
5072 1312
1293 9692
973 5303
6684 2242
1981 1293
184 6296
2570 2193
7236 4560
7036 9473
3765 9636
6396 6287
6413 6487
6217 2388
3207 1169
3391 8699
7374 5744
6544 1169
9311 5445
2905 8355
5671 184
6413 9739
1051 7016
6491 8699
4884 6217
5128 6491
9344 1261
8490 536
3338 2570
9821 900
9055 5303
3790 9739
1262 1623
9444 7089
1973 4607
5450 4222
1739 4560
1522 6893
4525 673
4511 2905
6335 6684
5671 8280
646 4167
4209 4511
7722 7374
9311 9239
4805 1972
4884 656
9473 570
9972 9277
9277 9771
8490 6313
3555 6657
1981 9931
934 9821
6141 1872
4441 4525
9349 7722
293 6378
1957 9055
1972 8811
3700 9771
3700 6607
3761 5450
6396 9900
6984 7089
4441 5527
2848 6984
570 2622
9645 6978
8965 9931
6657 9534
1809 9290
9534 7664
6313 6315
5059 2149
2885 5128
6852 3338
9995 5072
5059 2055
7640 6315
6893 3623
8947 3790
4666 8947
7103 6141
-1
9995 3159
3765 8787
3710 8811
7946 4607
1723 2848
1809 877
3159 4912
2516 1623
1097 7103
1721 2055
8092 9239
656 5066
8557 1097
6139 8280
2702 9211
6050 8557
4798 1864
3761 5349
646 841
728 1739
1325 4661
5066 1742
9344 6158
9797 5700
6050 965
6335 583
4666 1298
1325 459
8787 1826
1957 2494
1721 8375
9211 6723
5257 877
6584 6139
2494 7957
1664 934
3659 6544
3710 6874
2516 4565
965 9657
6760 5216
3623 9359
4912 7045
6978 524
5349 331
2708 9349
3095 9657
7946 489
5257 8526
8214 7957
8092 8681
1826 1886
6874 9365
4611 57
8995 489
9359 2601
1931 8995
6651 4209
331 6260
6252 6584
1543 2885
7144 6852
9962 9900
7784 7045
9365 5207
3095 133
8526 5162
1634 1298
4553 8375
3057 4565
133 2160
6760 7261
9959 841
1634 4741
9962 3236
2831 9959
933 5162
1742 1419
5149 459
728 1730
1931 9229
6158 4463
1886 708
5207 1225
8763 1723
6252 7570
7784 7434
708 3408
8214 7977
9071 7016
8288 6260
2601 6667
2831 861
5149 8119
1381 8681
5408 3408
7394 2708
6651 6792
6607 138
1592 7144
933 3629
5700 918
4141 8288
3041 6792
1283 7434
2160 8910
9229 4751
4751 2235
55 1381
3519 6723
9896 1543
319 3629
5527 9773
6121 5408
3184 7640
9773 8349
6463 3057
6389 8910
1198 2235
6463 7939
2867 1283
6667 7485
7902 1419
8349 8296
918 6911
8965 5961
8376 8763
2867 1018
5939 7394
3285 1198
8232 6911
3184 2689
7902 6254
2689 5230
9734 7485
9049 1225
2073 7939
7977 1348
-1
1348 6337
5289 3285
4694 6337
138 5795
4694 6961
4586 1664
5620 8232
4781 861
6121 9166
78 6254
4586 9118
8296 9022
5620 6974
5230 2333
7519 78
8814 1018
5795 1684
7519 5243
4781 9971
8814 4095
785 3659
3068 1730
583 8408
3325 9049
5102 3068
472 524
2223 55
454 6389
2272 2073
4095 8563
9225 3325
315 9225
8563 6577
9118 4354
5327 9971
4740 5939
5567 8119
9734 8892
5102 2184
1307 6974
4740 7419
4463 9316
8667 7261
8376 3083
5961 7602
6961 7889
8089 7602
7889 1854
8259 472
1854 4091
8251 2223
3028 9896
319 8016
899 7162
8259 4180
2877 5289
4354 9693
3466 8251
3466 1763
8892 9796
6582 8016
2184 7079
1307 2128
6577 7676
7079 3433
5982 4741
3083 8466
5161 1763
2205 6582
2205 4982
5511 7676
4091 5933
3666 2333
5327 9658
2563 1684
1541 4553
2744 315
9658 4538
454 85
9461 9022
785 5623
3993 5182
4387 2744
296 5161
4387 4670
3028 2900
4717 3236
9166 7026
5967 9316
3526 2877
7570 4587
5567 7338
1621 5623
4180 6831
8598 5967
3162 296
4963 9693
360 5982
4105 7338
1184 4670
7664 5396
9178 4538
4717 321
7419 7463
3526 7742
8024 3433
5933 1088
4141 738
4236 2622
5715 8024
7463 6004
710 5243
6004 9585
8466 7682
2272 2331
1324 710
1123 321
1541 9654
-1
8973 4963
5256 8667
5969 4105
9685 8598
5969 5609
4134 5715
2688 4587
7742 8472
5412 1592
1358 4236
1088 2977
5184 2688
3519 2593
9178 6554
8408 4534
3536 2128
2977 1601
2563 1586
8407 8089
8973 3123
9502 4134
9071 7438
667 9585
3102 5609
1123 170
1586 258
8252 85
3220 1358
1424 3536
3102 8462
3162 191
6510 8462
6510 6015
3100 293
6554 777
3220 5614
667 6904
5256 7620
8472 4200
777 9015
9685 5812
9502 9458
5913 1621
4164 170
9654 3503
7026 3652
5396 6545
3503 1648
4164 2547
8407 243
5603 3666
1796 1184
4485 9458
4462 4200
4982 5039
5139 9015
4452 5139
3041 3216
8252 7635
4485 5703
1601 8460
6062 9461
360 8294
178 5039
4359 178
8566 6904
4452 4469
8946 7635
9796 6465
5299 5614
2900 9384
8191 7682
8595 6062
2217 6465
5254 8595
4469 9456
5254 1966
6920 8294
4382 738
9719 8191
1796 316
9429 4359
6773 191
297 6920
2331 2292
5511 2199
8275 8566
6015 2585
1966 4833
-1
5812 9152
5603 3671
8460 9883
2521 3671
2547 4515
3602 2593
9883 9098
4462 8423
9136 5299
4515 6108
8424 6108
9621 9136
258 2562
9456 6079
-1
1624 7620
9621 5235
6721 9384
1424 9280
3490 8275
1020 9098
8746 316
2663 8423
3460 3216
5186 2521
9719 589
8409 4833
4486 297
8424 7353
5617 3490
4263 2663
4588 7438
8812 589
1779 4263
5036 1779
8946 930
5435 5913
2585 4299
9421 5186
9052 1648
5129 1020
4588 2772
4534 8298
5222 5703
2678 4299
4952 3123
3460 784
2592 8746
7129 6079
5129 7973
9421 9330
5827 5222
9280 7934
6198 7934
466 2292
5235 1650
1615 5827
3708 9152
6831 444
2006 2199
4706 2217
7944 1324
7937 784
2562 3745
5504 8409
7667 57
2592 5087
1784 3708
9857 6721
1798 9429
9330 7612
3602 2986
3652 8607
8607 6042
7025 8812
2986 6526
1310 3100
6545 5924
243 5144
6773 5089
4518 3745
1028 7612
3658 7129
5144 8134
6526 7747
4382 664
2772 3407
2271 4706
5435 2401
7353 4881
9507 4518
3658 9954
664 7801
5087 7684
5089 375
7801 534
1615 6126
7619 4486
6126 2830
7937 8854
1035 5036
6068 1028
7025 3866
8783 2678
1199 5924
8783 5866
7973 2342
3866 6055
5184 2989
3730 2271
6068 21
444 7594
5412 2761
1409 7619
8134 280
9507 6590
375 6266
6042 993
2401 1758
873 5504
5113 899
3012 6266
1340 9052
3017 7594
6590 1659
4933 21
1199 165
4952 4306
2830 8771
8695 2342
216 1035
1624 6446
8306 165
9857 2549
1784 5828
-1
873 8629
1798 15
3730 5889
9843 4933
2989 4143
4768 8629
1239 6055
7030 4881
3017 1450
1741 8695
4768 855
2788 9954
7751 1409
2788 3426
4558 5889
8463 7747
5607 1310
1444 9843
8463 8366
6088 753
7920 7944
4459 8771
4558 6659
-1
9274 6659
7030 3855
8366 4868
4868 3704
5607 6972
4756 15
967 5866
2761 5117
8856 1758
1450 1738
4143 4431
5617 1874
5539 534
9274 2724
4945 4756
6972 824
3118 4945
3855 2107
2757 8854
2023 5828
1455 1340
7684 1718
280 5692
5813 967
8779 1718
930 3461
4592 3426
2006 5017
4459 1171
6198 8140
5515 1741
2268 7751
1171 8863
8225 2549
8863 7650
-1
7998 4306
9879 5117
-1
4938 993
4539 9879
1356 8225
2855 1650
3012 9891
216 4823
3971 6446
3029 2268
1444 6038
4690 3407
391 1356
2757 709
5439 824
3993 94
5696 3118
1842 1239
2107 4386
5696 9873
564 1874
7580 8779
4823 2528
5692 721
8306 4026
6038 3085
4386 2824
3461 8011
7257 391
974 3029
855 6609
7650 1878
564 9040
2576 721
709 4290
7459 5813
7362 9040
463 9873
4592 4958
3060 1738
8140 9815
9057 5515
7736 7459
3704 3264
3889 3060
6344 2724
2721 9682
406 5539
412 1455
4026 7591
2855 5871
7920 5046
2090 3085
2090 1645
5493 466
3889 8157
768 7998
5857 5017
1659 632
4431 9143
264 8856
5439 6173
5871 5610
2023 6543
790 264
7223 790
5046 3427
2975 974
5376 4477
8470 4938
-1
1663 1842
4958 2317
8569 7362
2116 4539
3580 768
1878 7852
8924 463
3580 3888
2528 7361
5610 951
1323 7361
2576 8917
632 492
5951 9143
6986 3264
7465 8569
8011 2959
1969 2317
6609 3848
7736 8273
3627 1323
699 412
1711 9891
7968 3427
9387 7580
6739 7465
8273 9913
7223 2596
9529 5857
3067 9387
9529 8666
6344 7002
3627 5899
3971 7502
2116 1491
7002 9163
1645 2169
266 8666
2975 4926
5951 1125
9057 1346
3848 2483
1969 1347
9892 2173
4159 2169
7852 5566
2718 1663
6162 951
2483 3523
4850 1491
1908 8917
6162 8308
9701 406
3912 9815
7701 2182
969 1346
4926 4174
4262 8470
5493 49
337 7591
1711 8096
7853 8096
2603 7257
3156 969
149 3523
1347 2015
149 5326
337 1970
4158 2718
4690 3405
1908 921
591 921
266 102
5899 4614
8975 3405
492 2067
7683 2603
9134 1970
8829 4614
9963 2015
1081 9963
6196 8308
931 5566
4159 8792
9163 1154
8924 5736
51 8792
227 2596
6196 2667
8007 2959
931 6881
7384 4262
3067 2377
6183 51
390 4158
4886 102
7315 5736
9811 3156
49 9659
6881 7049
390 1496
1081 4527
8007 3252
6873 1154
-1
6677 6183
8829 5019
9301 1496
7315 7631
7004 227
3888 6936
9134 5384
4312 2667
990 7049
4886 9029
815 2067
5384 9571
6504 5326
3027 7853
2824 3416
6739 3172
9335 4174
3402 3027
7283 9029
1644 6936
1060 7283
9811 9943
3558 7004
2685 7968
5205 6873
2377 2565
8237 9913
815 3369
9301 3763
6173 8367
4850 1387
6986 9726
8954 3558
5774 990
3763 8333
5774 614
6543 9289
1672 9335
8269 4527
7502 4556
8237 2172
5088 614
7384 4494
3252 4202
4202 4281
9943 5831
1672 3800
582 8367
9289 7963
2535 8975
3416 991
5246 8736
2356 1387
3172 1871
9369 1060
660 3402
9571 7954
3369 3631
3994 5205
4494 8389
246 9369
8175 8954
8157 2384
3384 246
8333 6671
2535 9434
5179 8269
2356 6688
5019 4067
7210 2685
3101 591
4067 306
6504 6492
3340 6677
991 7841
2829 3101
7954 1400
404 9434
2482 5088
4290 3517
4312 7254
3631 3071
5151 3517
1782 7254
1227 4281
5730 6671
3912 3235
7683 3947
4528 3947
3384 6786
6809 9659
306 7060
5730 377
7095 6492
1125 5686
7291 5831
6809 8372
2972 2565
1408 404
1400 7948
6136 7631
2172 4913
5768 1408
2108 7060
3510 1871
1646 1227
1399 6786
3071 116
3340 4413
8175 1245
1951 8372
3235 8137
4413 105
7963 8630
3516 2108
2438 2972
7390 582
761 5686
1399 418
9586 7841
4528 3956
660 3886
2438 5170
8004 7210
7390 9096
3495 3994
9866 3800
908 8004
377 9871
5179 3107
6136 2164
9726 4600
1086 8389
2482 4015
4667 3495
2571 9866
116 7244
3107 7092
7948 9755
8416 1646
1245 1847
4015 485
-1
4097 7095
1782 3782
9096 8368
3139 7092
3927 4097
9586 29
2164 7492
5952 2571
9755 5498
9033 761
3886 7304
2926 9033
8492 1847
163 5952
5498 9506
1951 1397
7105 3510
7136 9506
9689 8137
7573 3956
6149 5151
1216 7136
4819 4667
7573 3546
1086 4689
2741 4689
2386 105
6608 3516
4787 6608
9871 7589
6899 7105
8831 6899
2741 8109
8492 2737
2829 8822
1442 418
7304 5180
7492 8859
2261 1397
8298 1416
5926 4600
5180 1662
5926 3157
880 7589
163 6719
3546 8129
4913 9760
3811 29
1644 8023
880 7130
1416 6368
1722 8368
6688 7877
3927 5981
699 4051
2720 3157
5138 433
8806 5981
1662 7661
4951 7291
3811 6875
3231 908
3092 8806
3231 9182
3010 485
5170 745
9760 4899
2261 712
8416 675
9086 7661
4993 7130
4787 9401
1008 8109
35 9401
675 6798
4899 949
9689 255
3092 5932
4993 6485
3729 4051
1216 4315
1722 5859
2711 8129
8822 8481
6719 4254
35 4835
2384 8921
2926 7174
9546 8831
9546 3690
5932 8656
2353 3729
8656 9051
8964 7174
2386 6319
712 3849
5654 6875
4254 368
3640 745
7244 7464
500 9182
6269 8023
4375 8630
6269 6578
8968 1442
8 4375
6994 3139
5654 9836
2241 3010
8310 9086
688 255
2416 3782
3640 224
224 8788
3042 8310
5067 4951
8890 6578
9051 9399
4265 3042
8859 1986
-1
5768 1535
4425 2711
6531 6798
3983 9399
4904 949
5047 4835
42 8890
1008 1636
3895 500
5197 6994
2416 5656
4425 620
5067 7698
4265 7558
42 4830
8968 8265
537 4819
4053 4904
3895 8263
5197 1883
6149 1552
6319 839
1775 4053
537 7926
7464 1898
6306 839
8265 6973
688 2330
2826 1986
8481 2059
1078 2059
2479 1078
1849 4995
9508 3849
3815 5578
8263 6189
7926 1221
2353 8379
9018 8921
8 8970
9508 9303
1883 856
2378 2330
3690 1244
77 5047
1552 1106
856 7037
6475 77
8790 2737
3399 9836
2805 9018
8790 5097
6973 3930
6189 8445
7262 4315
9701 9476
8445 6267
620 7097
5438 5097
8194 2241
8335 2826
1106 4156
3930 5329
7558 5775
9020 8788
4757 1775
5366 7037
8370 6485
8432 5329
6306 4866
5884 5438
2933 368
9020 1975
3732 5656
6368 4620
1221 6442
4866 1529
5529 4757
4237 2933
6316 4620
1200 8432
8335 1895
2720 1251
3732 3932
6475 2254
2611 8370
9653 1895
257 5884
1200 3304
2805 7656
7413 6267
8830 8964
8997 8830
2378 5242
1251 7131
7732 3932
9266 9303
4237 2363
3304 2252
7499 1529
9266 9125
3645 1636
8997 8732
2281 5529
9203 2281
1975 8694
9125 5156
4156 4188
755 6531
2536 5156
1898 8208
1448 8732
1448 3984
2170 755
5661 3984
3983 4669
7499 5695
4785 2170
9203 4060
2252 4936
9800 2611
3645 3584
8208 1360
2068 4936
2621 5661
6823 9800
3276 8379
7656 5354
6442 4289
7732 5658
3204 7131
1360 7437
4060 7204
2536 9505
4830 9417
1244 3743
5859 5100
6045 9653
-1
9417 8222
3584 3835
5695 2119
5948 7413
3399 2136
6045 9812
7698 439
3276 4072
9774 2479
9505 2019
9233 6823
6214 7262
9774 654
5948 5351
2765 3835
9375 9812
8316 2068
9300 5354
2621 2964
7437 3048
2254 9646
2765 7848
2354 7097
5242 1830
5100 539
7877 8346
3048 4126
4289 9259
439 130
1059 9259
2994 5775
3375 4669
2019 6041
9233 9091
6693 3204
4072 9676
2814 9646
2994 2543
4785 7816
4188 1452
8694 5030
217 8194
4556 1367
5350 6041
6334 217
3375 3682
5840 9375
2812 5030
654 7197
1727 5658
1367 2777
4004 539
9183 257
3788 5351
9091 5716
2439 9676
956 5716
7816 1998
7457 8222
8970 6646
1452 7357
2964 1610
867 4126
1535 4501
1860 8346
405 6693
1610 2
2136 1794
9004 7204
9183 1560
1830 8364
6646 7899
3356 9004
9300 9824
9449 2119
3356 2072
9435 9824
1213 956
1059 5167
130 6166
5698 9449
2814 4332
5350 6477
1971 3788
5366 825
5840 6311
2812 6467
3963 1560
2537 2363
6776 1998
1820 4501
6166 2891
2543 65
1153 7357
3684 867
3222 2891
4332 1585
65 509
6467 9535
7312 2
3541 9476
3743 2954
3328 6477
7677 1727
9464 509
4453 5698
4453 6868
8316 3031
8413 6334
2354 9862
3031 7119
8413 1688
1794 7059
3241 9464
6070 3682
3604 7312
6316 3878
1959 3328
6868 9847
3241 527
1959 3349
8508 5167
1213 8825
6480 6776
8399 3604
1585 3827
118 3222
3541 8922
6311 7757
6498 1688
7197 6399
7895 1860
3878 3165
825 8401
4004 98
4483 9862
3684 4360
9432 1971
6399 2131
2072 8494
8922 6586
1997 7677
3547 3963
118 7088
9432 9256
3827 4309
5028 8494
1831 2984
2227 9435
1153 3933
4948 8399
5318 4483
405 2017
871 9847
7951 4360
7757 6985
7457 5474
4492 7119
2770 7848
1820 8499
6070 4191
4416 7088
849 7899
8499 1567
3239 7059
871 2672
3349 8188
7951 171
4191 2907
9256 4985
4734 9535
5909 5028
4734 3918
3499 2954
8501 1997
4660 3165
2907 7469
8401 8410
3838 6985
8188 7029
5909 6234
3838 2008
4492 649
5977 4985
7288 7469
813 1567
8508 8808
7044 3918
4416 8767
4317 2008
1149 8808
3697 6480
7044 3812
9169 8410
3244 6498
4636 7029
1593 7288
2439 7178
3697 8313
1149 5191
3499 3588
8152 2770
2533 3812
1593 3364
3244 7426
3179 813
9561 3547
3004 8152
8313 9799
9005 4309
7397 3179
3608 649
4317 7685
8707 4948
7272 3004
2070 2672
5474 9874
8524 6234
7685 1490
3465 1490
6005 7397
2533 9895
5810 3608
3951 9799
2512 8707
3465 4692
8849 4636
8501 1526
1099 8767
8825 6810
8646 2227
2131 3937
3653 8849
2017 5324
8546 3951
3364 1134
9005 4321
9895 4327
7178 8741
3045 9751
3937 5215
3653 4385
849 2598
6821 2777
2537 7652
3330 6005
8546 2634
28 5810
8524 7625
7069 28
1414 2634
5508 1526
4327 776
5823 9874
4563 776
5111 7426
5111 2588
5977 9318
6586 6678
7625 4918
4918 8477
7725 8741
6214 8486
9169 968
8486 3138
5283 7652
9753 5823
1057 2070
6810 5592
5191 7833
4660 7990
6581 3933
5908 7895
6821 1270
171 519
519 5978
7833 5667
9625 1134
8477 6707
573 1414
3239 3087
1 1057
7618 7990
414 5592
2645 527
4563 8841
3138 5027
7069 8733
9318 730
573 197
2234 6707
23 4321
3247 2645
2686 2234
5215 1423
40 197
937 8646
7618 1087
384 1270
8002 1
8002 9829
7913 3247
6604 6678
8066 1423
1099 7692
6604 6650
9367 7725
113 8733
9000 6581
4758 968
8841 1062
7522 9561
7878 8066
9625 9804
5508 8805
414 6459
5709 2512
9373 7692
7913 2185
5846 40
3087 8688
4595 5324
3588 1760
23 5923
9829 4175
1580 2185
6459 7569
7761 9373
7878 2882
1062 2166
9000 7360
1760 9743
4723 7272
5732 4385
1376 2166
5846 6395
9358 4692
1657 5978
4674 1657
5415 937
2686 1513
9358 6437
5702 8364
2476 4175
3182 6395
4157 3182
9855 6650
3330 8644
4624 2476
6967 5732
8688 8843
4355 4674
421 5318
1401 7522
5923 6406
4157 6752
7360 4284
4499 5702
8427 6406
6170 113
1511 6752
9743 6423
8427 6595
4499 4201
7577 4355
1851 9855
6437 3776
5877 5908
8091 2588
3643 6170
1511 9587
8644 8661
5555 4595
6967 9644
7930 7761
6123 8091
4723 5919
2882 5509
7569 3738
1188 384
1580 1877
9804 1791
9737 6595
4118 9737
1791 6131
4524 5667
1877 4003
6131 8613
6187 4758
5027 1435
8468 1851
3410 8661
9587 9675
2396 5415
6356 6123
4807 6356
8613 2851
106 4624
4807 1249
2024 1249
730 3342
9283 3776
7930 5565
1189 9644
4654 3410
8908 4284
7395 4118
6219 5283
6219 8521
2680 5709
4229 1401
7707 3342
3738 8063
8588 5565
9675 6410
3643 905
1435 9309
1376 5189
6215 1087
7395 3533
8679 9753
8874 8679
6423 8132
3901 8588
4523 6187
905 329
3783 98
5057 8521
1513 3035
4287 421
5251 5057
9283 5418
2680 7155
3534 4003
832 5877
800 5418
2283 3035
4201 634
8177 3533
8519 7155
1332 329
8874 6430
106 9173
5353 8519
8908 7406
8468 5912
9173 9319
8063 7875
8805 4218
2283 5405
4101 3901
1230 6215
4218 1343
800 464
8166 7577
3880 5555
2165 1332
3534 7883
4798 1177
470 4287
4523 5880
4036 832
6430 3617
8843 9956
1165 7875
5405 4034
189 5251
1929 9956
1370 5912
1929 6879
1165 6294
634 6231
470 3853
9681 4229
2024 5585
2785 9319
7707 6240
4036 7794
1230 1909
4251 6240
7637 6231
9859 5189
189 7719
5880 1679
1343 5773
9681 2825
1679 6829
9309 8369
2825 2081
4654 8533
9471 5585
6233 1189
3091 7406
8154 3617
1712 9859
1712 2754
9471 9141
7794 9541
6879 4737
8177 1562
6756 9141
7719 467
4251 4324
8510 6756
6410 7766
4034 8336
6502 8533
9642 3853
5919 5271
1626 5271
6379 464
2953 8166
8132 6312
5773 5806
9367 5878
7248 2953
5282 3091
7548 1562
3783 5130
1370 389
2598 6691
4101 4447
4447 8713
4737 8755
9180 6379
8336 7982
1884 5878
2851 6860
1352 2165
6860 7535
2456 3880
2456 4160
2809 467
5806 7418
7248 1152
7535 8832
5433 6312
1232 2785
5353 8616
1626 6281
6829 6866
7766 3582
596 8755
8179 7982
8616 9128
8713 9643
-1
1315 6691
3712 3582
5959 596
6281 2477
5490 5130
7548 7856
3047 8154
2477 2636
7883 2305
1024 8510
2561 4524
2809 8010
7418 6285
3237 8832
5461 2305
4339 9180
1232 7005
8010 1036
9128 1071
1146 9643
9616 6285
1939 2754
5994 7856
7671 5994
1884 4240
2806 6866
2636 9216
9935 2806
2096 6294
1939 9788
1386 2096
2081 9016
3047 452
9513 1146
8852 6233
6388 7005
9935 8005
5148 9788
6649 5282
6536 6649
3439 5461
6047 3237
999 3712
389 9669
7649 2561
9642 2443
3201 4324
9989 1071
452 8838
1386 56
4339 1175
9616 3797
9513 716
5148 8155
1024 1528
767 1175
9016 1686
1713 8838
4100 1315
8697 1909
8369 201
8005 9345
6388 9074
201 7476
5490 396
8411 8736
8697 9137
5433 8153
56 2432
8852 4506
7671 4369
9989 3443
9541 520
8268 1152
6049 1686
821 6536
1036 7389
4990 1352
4366 7649
7401 2432
4366 2294
3201 6541
9216 609
4687 5959
7106 4160
609 1404
4162 3439
6541 4984
6460 520
4990 4755
9045 4240
5238 999
8155 9105
4755 4659
821 1754
4506 9199
4742 2294
5238 8083
4742 6330
5509 2973
6669 9105
2475 6669
758 6047
3474 1713
4659 9077
9077 8705
763 3797
4687 37
8913 6330
5193 7389
6346 8705
9074 621
2011 4984
5193 2766
5938 621
2197 2011
835 6049
6346 2309
1528 1302
6360 7476
2766 8135
-1
1291 2475
4859 3443
758 4044
3323 1404
2396 5891
4044 9806
8179 5681
7106 8272
1302 9581
5689 6502
3900 2973
3323 8653
1754 7071
5777 396
5681 6704
8135 4271
4271 3661
-1
1188 8952
8653 5633
9345 9068
1487 2309
8272 5779
8939 37
1495 8939
7637 6443
7425 1291
3852 6360
5745 4369
2197 8216
5844 5891
5938 5360
2443 565
5745 2874
7268 7401
5689 4822
4584 9806
9979 763
7071 8122
1306 716
9137 3370
5360 350
9084 4859
4512 9084
7789 9669
5633 1661
5777 6
1639 6443
767 4968
7980 4822
1433 9068
8122 6913
9864 2874
9946 5844
1487 3361
1433 2480
350 1982
1108 4584
8153 5690
3306 4100
3403 7425
3361 7508
3900 5966
8292 3474
711 9864
4140 3852
2480 4946
8268 7666
270 1639
7605 8292
1864 7375
717 6704
5915 1306
4162 4841
5968 7508
7666 213
5779 8258
3528 3403
7511 9581
1495 2159
2625 4946
1108 2284
7219 9979
7914 1661
5966 2648
9482 5690
4261 5968
5340 4968
2029 565
7605 4657
438 5915
6894 8083
4729 8952
8327 438
8704 2625
2291 9045
4225 2284
4854 4512
1651 6913
4841 1640
270 940
1822 2159
717 5495
7789 5333
8323 3661
2403 9199
8487 1640
3370 4582
8327 4096
6959 4582
6103 6
8913 1632
9562 835
773 7511
5743 5578
4657 2669
773 5416
3429 8323
1632 4372
1254 4261
571 1982
1717 711
1707 5416
5340 9500
6481 4225
1707 3957
4096 6629
3961 4729
13 3528
1651 1995
4260 6959
5333 8303
5907 7914
9584 4372
3147 2403
4665 571
9946 648
2648 6713
13 7355
8163 5907
8070 2669
3957 7740
1254 6471
2179 8704
8718 7980
6629 7531
9275 213
5363 7268
9500 8428
2538 6894
8487 8782
7123 8782
7584 9275
648 4569
2179 6351
7710 9584
5495 1507
6780 3961
7659 8163
1717 3322
1833 7531
9482 2454
7710 5196
6103 6089
3288 8070
4260 8341
4854 3867
1995 9126
7584 1303
6460 6286
9964 8428
4665 2865
7355 330
4569 4098
3429 1138
5363 1894
3144 2865
5196 7062
6713 4066
2029 9430
4647 8303
8765 6471
6822 1507
7484 2291
9126 3781
3069 3781
8341 2253
6763 8765
2613 6822
4754 3144
5342 8258
262 7659
7219 6841
3493 1822
3069 320
4647 1974
1271 7123
2454 5209
7062 3766
1916 5209
1833 4878
4878 2500
8215 1916
6674 6351
2253 5334
6763 2693
7196 4754
7196 107
7989 7740
3306 6193
1472 7989
3766 2699
4098 5422
1472 8018
3288 3571
1004 2613
330 3639
5628 4066
7807 1894
1303 2691
3409 3571
5628 2124
2060 2500
2699 9639
1436 2060
9562 8818
6787 9964
3409 5459
2693 2969
1436 4580
9565 2124
9830 6787
2054 1138
5031 6674
1745 3322
4140 4110
8121 6089
940 2410
3887 1271
6768 8215
3867 746
8885 7807
1263 6481
6223 2538
8018 9172
4570 2410
9430 6466
356 9639
1510 2969
1785 6780
320 6499
2691 870
5011 3887
601 6223
6193 210
6850 356
262 4269
2602 1510
5334 2996
5459 9426
3493 926
7462 8216
9830 1052
9172 1589
210 2929
601 8556
746 3780
3070 4110
8944 870
2054 2117
8608 8818
2996 5798
1915 5342
2532 2117
3147 1747
2890 1745
1004 8173
926 2373
5798 6754
1263 7149
6286 22
1046 7484
9412 6754
752 8944
3089 8556
5422 4
9426 7768
112 4580
112 2211
3639 3593
2602 4887
8444 8885
3089 7373
6850 9718
5743 1563
4953 5031
7768 8988
7289 4887
9412 298
959 7462
8121 9906
8495 8173
2890 2734
752 927
2519 959
7149 8996
1747 3924
8608 1045
6738 9565
2200 7373
927 4079
5079 9181
8996 5558
2519 3336
1052 6200
9189 8495
2052 4269
7138 1915
6738 4552
2211 884
3593 3379
4079 6031
2734 6153
7717 4552
8988 3074
450 6200
5011 7497
5558 273
5475 3780
8724 9189
3379 2065
7012 7497
3924 3228
5519 6768
9867 3070
7375 5517
2395 1589
2065 232
8071 5519
9867 4113
8682 2532
4882 4953
7316 2395
1107 232
8453 107
6031 7215
5304 450
273 8469
8682 3735
4882 4467
7458 8718
2200 516
7289 814
3023 3228
3134 814
22 9819
2463 9718
9906 6263
8724 7991
2929 6525
6073 5475
2463 7811
6841 5634
8469 2849
3248 7717
3134 2000
2373 1217
7316 3734
7811 4906
8026 6153
4782 516
8026 9035
2629 4
2736 3074
7997 1045
-1
9517 2736
1901 3735
-1
3149 4782
3149 6593
295 2000
7713 9035
4424 4906
510 3023
2411 884
9244 7713
4424 2869
1107 8326
6618 4570
6525 8940
3248 5934
9244 6740
1046 1678
2652 7215
1512 1974
8453 3018
8881 5634
7099 5934
298 398
44 3336
894 9517
2849 9390
6263 5604
510 6682
9721 8444
7991 8730
5290 1678
9828 7012
8730 1458
3583 44
2239 295
5458 1217
5145 6618
7138 8883
1512 4651
4113 4844
6772 2239
9828 3137
9390 6303
2329 6682
7453 7997
5604 819
32 4467
8562 1901
6466 5829
4844 936
1857 8411
2662 6740
3137 1141
9080 8326
7099 555
9522 9080
32 3318
3018 1289
3734 6085
7453 5381
1128 1785
3294 2052
3485 9721
4651 4604
8883 9389
5174 3294
-1
5381 2267
7458 9221
1852 6499
309 2629
8041 2652
6695 5304
6114 8881
3614 9522
6772 2957
9433 9389
4346 2662
-1
9002 894
9379 8562
1314 9002
2267 3449
2411 1815
3583 2288
7017 5145
3449 3275
1458 6371
3275 5188
4346 2088
8740 1314
8071 2696
5910 555
126 2869
9490 3318
5922 3485
2743 6695
1141 7583
6085 4677
1278 4677
9948 2088
8623 2961
7017 5838
1815 4272
9490 101
9948 6116
5829 397
5763 5188
9028 2696
7440 9379
1278 8395
5174 7643
3614 6010
5790 6593
8041 2540
2739 9028
5815 936
9221 901
5763 2894
6114 786
5838 1954
5434 2957
5679 5922
8395 373
8904 2894
6938 5790
544 7583
1889 8904
5526 2540
792 6116
101 7565
5962 6010
4123 126
9801 2288
6801 4272
5679 5348
2554 5526
5841 1954
6668 5290
1289 9664
8454 309
5348 1813
6761 5962
1813 7918
1844 6938
6441 9433
5434 2139
5841 928
1889 6865
7643 4701
4123 2628
544 2919
5783 5910
2919 3678
8247 4701
3678 2048
6801 1359
2554 2372
2628 569
5458 8532
8600 928
3826 2139
397 5765
398 428
5765 441
2743 1762
8940 3972
6371 8943
8454 6082
8943 4037
6073 324
819 915
6016 1359
5687 7918
6016 8703
1783 324
4037 2510
9680 7440
9574 8740
1570 792
1892 6303
5783 5431
8113 1570
8817 2048
1892 6716
7565 4615
373 739
8703 4961
9680 7320
-1
168 2372
4961 6128
6128 9061
6179 2510
4545 6865
8267 6441
2739 1130
3972 9317
5611 168
2569 6179
8621 4545
8247 9145
8621 1121
9235 2329
786 2684
739 7325
9317 2604
9362 6082
2604 5253
9819 9011
2684 9735
9419 9061
9419 144
5611 1203
9235 2815
6239 9574
6761 9720
8113 770
8817 7365
7325 6679
2980 144
3358 1783
9801 4055
1055 1130
8600 8491
5929 9664
9908 8491
1844 9889
2569 499
441 860
2114 5929
8926 2980
9889 5563
3015 5687
5253 1025
3053 428
4615 8201
437 5815
1117 3826
6734 6239
9735 4900
8889 9145
7320 8344
6556 9908
6734 3259
901 8281
1121 9247
8906 8889
7452 1762
3280 4900
3824 8532
8076 3015
2406 5431
2496 3259
9362 6813
3272 3053
7365 6369
1117 8559
2909 6679
2976 9247
5150 6369
437 4076
2092 1025
1055 731
1203 3188
2909 9269
4604 2302
7819 3358
8535 8076
6716 6476
2496 9056
9748 6813
7452 4104
2488 8559
7230 5563
9748 9177
9056 5010
6556 1193
3188 3544
499 5359
7122 2092
7819 3438
7230 3368
268 8344
9177 5453
8267 8700
8201 3720
1852 8711
7696 6476
2327 3438
268 1475
1229 9011
8535 6453
4055 9662
3591 1193
6453 917
4885 8926
9720 7672
9315 4076
2508 2815
5010 5124
9269 8516
5316 2488
770 223
3720 904
9662 972
3428 3368
5359 3898
3824 7596
9443 5316
3335 1475
9678 3335
8516 4293
7615 4293
8901 2114
2126 2976
9443 317
1350 1229
4104 3313
6518 5124
1335 2327
2579 904
3428 6180
4676 972
731 5894
3591 722
8906 8396
8873 4676
8396 8845
6206 3313
8797 3280
569 6884
4111 2406
2722 917
7672 6264
6518 1288
2647 9678
5605 860
8901 5224
4679 1350
317 5803
8711 666
722 5973
587 7696
-1
8652 4679
7924 5150
1677 8845
2062 6668
6180 8421
6884 5824
3544 2273
7615 879
6159 2273
666 5120
5224 8040
2722 4408
8520 8700
2963 5894
284 1288
6264 2269
879 20
7924 4609
2126 7699
2097 8040
33 4885
1335 9784
455 2579
4608 223
9708 9315
20 1150
3169 2647
3169 7168
5973 9413
2608 4609
1958 33
5120 9104
3200 8873
6159 9914
3200 8861
8421 6195
1534 1958
7168 4564
2508 4780
9882 284
5803 358
6195 3481
6636 2963
2946 2302
6078 5824
9882 7053
6078 6655
7340 915
4217 587
4821 7699
8339 6206
4408 6190
547 3272
7332 8339
547 4294
8797 5374
1677 1383
5693 1150
4032 9784
8985 3898
7596 2716
3959 6190
3489 4608
8985 3657
9413 1159
7053 5013
4458 4780
7273 4111
4877 4217
4398 2062
1159 6129
857 6636
277 8281
3959 4063
9484 3489
2091 9484
6450 3657
5463 7122
5605 4264
706 358
2256 6129
2091 8745
4063 1716
5637 4458
5637 9838
6479 2608
9968 2097
1383 9772
9914 701
2222 7273
1534 5261
1716 7054
706 4144
6507 6479
8745 9409
8669 2222
2323 8861
4581 9708
7332 1417
6420 7054
8347 701
6655 6708
9634 5013
5988 4581
193 9772
4533 5261
5441 4821
4533 6804
455 6288
6507 3077
4144 8828
7340 5729
8828 2548
370 4032
9968 3862
5729 1068
6470 4294
8198 5463
6708 2026
8669 9841
5988 2145
4022 9104
4876 3862
-1
2427 2548
8945 857
3238 1417
7249 4564
1692 2427
1068 4114
2748 4876
4877 8000
6288 5425
9817 193
7821 2323
8347 1248
4941 2748
9817 5733
2026 318
8198 1823
2946 1881
8000 3648
6800 2716
4114 9099
2145 6018
5586 5425
3077 5906
3648 4831
5937 1248
7888 5453
3481 4554
9634 6997
318 631
6764 2256
8602 6804
2859 6800
3420 8945
5937 6059
5293 4398
2140 3238
7888 9044
5293 6429
370 2304
1607 6997
1881 3189
7821 6148
5441 2666
6429 4784
4941 2132
723 2140
3420 4148
1692 7234
2269 1724
8632 4831
6658 7249
8108 9099
5586 7153
4148 5133
2132 7553
4264 3414
1724 5447
4331 7234
8902 6764
9793 7153
5391 9409
3479 8602
4496 8902
5733 5198
8652 2990
5391 9705
1211 3414
2859 4703
277 978
1369 9826
4496 2756
5374 2374
9149 1823
9705 9925
5198 5772
4784 1440
1100 6018
7199 5447
8108 2461
6059 4277
7199 4983
4733 8632
5133 5624
8078 4277
670 9793
4554 6832
5693 5920
2835 9838
8520 8363
6832 2210
3479 7704
6450 2866
4733 2085
8435 1607
1477 723
2461 7941
34 8363
9044 1728
1477 1858
9841 1131
644 7704
6658 7330
5747 5772
9665 5747
2835 5582
1440 6996
7686 7330
1728 4840
6099 2527
610 2666
2773 978
670 1460
4703 9629
2304 5414
6420 5949
9925 9848
5287 5906
7729 5287
8880 1131
4983 5456
1460 4726
3014 1100
490 4022
1749 5949
1128 3310
7911 2210
140 7911
2866 684
8283 2085
2557 5920
7632 8880
5082 7686
3380 8078
8283 1774
644 9194
2557 60
8029 9629
684 8001
9194 1485
6438 7553
34 3931
631 6033
5624 3094
5887 3094
5248 7632
3473 8029
7941 4402
2813 8435
5587 1774
1405 140
3512 5456
4712 5887
7206 3380
610 1118
6470 6374
420 3189
9897 3310
3792 2990
5082 4273
982 4331
1362 60
982 1695
5414 2875
2341 3014
8001 3699
7881 7206
9286 1485
4273 779
6148 692
3512 122
1960 1405
7729 5330
952 2374
9286 7674
2875 9343
6996 4194
4712 312
4726 5250
9179 1960
9179 7616
3346 1749
7386 7674
2349 1211
2756 8331
6896 5582
1635 6033
1518 2813
-1
3234 2349
5621 3931
4599 312
5250 4967
2988 7881
160 952
9665 4318
7265 1695
1362 7296
4599 5808
7366 7296
3473 9031
1518 7873
2796 5330
9031 7863
1573 8331
7873 3447
480 5587
5808 6745
2845 7366
1118 3430
3447 1395
4406 779
4318 8530
6374 4302
1573 2999
2341 5882
3792 9347
7386 3879
3879 3549
7435 5248
2999 8012
683 122
6896 2255
490 3315
7265 8827
6745 3965
4303 9848
160 1226
692 829
240 8530
4774 8012
8827 9037
3913 480
7280 9037
4194 7480
2143 4406
5737 4967
9054 683
3577 4302
1374 7616
9054 6362
5953 2845
6362 744
8448 3913
5107 2796
6105 420
6940 4402
9431 3699
9220 6940
1702 5953
2161 7863
9220 282
6976 1702
3606 5882
4774 6494
7087 8448
1858 8758
5876 1374
6665 5621
9431 6168
2773 2471
19 3346
1119 2161
3865 6438
5227 3549
1030 2255
1226 4648
1030 674
9414 3965
1395 876
3606 7613
7480 640
744 6445
6168 1625
6549 5876
4303 1937
1508 5107
3234 181
8758 238
3760 7613
19 886
1119 3082
3430 2220
996 9897
983 3577
1625 403
3760 5676
714 674
6250 5227
996 9403
5766 1831
1508 5776
4479 9414
7435 4426
640 7999
6549 6143
8383 6105
6976 5616
6494 1457
363 2143
5737 9400
9775 9400
8773 8383
1937 6434
714 8047
886 6642
8047 5549
5676 7052
3865 5479
8381 9343
6143 4711
4711 8897
8297 2220
7861 9775
2932 238
5759 1635
282 2189
6421 5479
181 5123
2189 5544
3315 6726
5549 576
205 7861
355 7087
7358 8381
7052 8451
3339 4426
382 8773
876 308
7378 9149
4252 7999
8451 228
2811 308
2300 983
2623 363
671 8897
7358 6849
3082 6527
671 41
4557 8297
1926 6527
3274 2811
205 3242
5998 6445
240 4230
9347 8149
6665 1145
4675 6849
2623 771
1457 1016
3721 1016
382 7494
8151 6642
8969 403
7822 228
7280 5141
7292 4479
3537 4648
9717 3721
7679 5759
3537 9155
3242 4892
7177 5141
4824 8969
1867 6434
6155 9155
4675 9001
576 831
7606 6155
1867 1825
5998 5896
6726 4860
6043 8151
9297 2988
4557 3624
3955 1145
577 4252
831 1544
6290 7177
2034 4892
6290 4577
9981 5776
2932 724
8552 6421
2572 6043
8202 9981
7292 5660
724 5893
8872 4577
449 3339
9671 5616
7441 7679
8872 9514
5896 3378
2792 771
6201 7378
7494 5048
5306 7441
222 5660
9034 2572
7953 5048
8202 6246
6246 9674
9034 4662
41 8610
9521 2300
9717 7064
226 9403
8610 5976
9081 3624
222 1804
1366 9674
5936 4824
829 1611
7064 2180
8165 4662
449 4641
4230 7466
4818 7606
8149 5821
8165 3946
5976 6697
970 6697
7466 2042
8540 1825
2955 5936
2955 2822
2792 2473
355 3759
3203 9521
4365 3378
3114 2034
7556 2473
1544 2104
2104 8596
6250 8674
7282 1804
3955 8848
8923 4860
9297 9446
689 4365
3633 8552
1926 1735
3491 7282
5893 9407
6324 9081
3633 8735
9514 9555
9447 3114
970 2560
9671 9520
3491 8513
5306 3672
7556 6130
6130 8182
4641 3832
8625 9520
8204 3203
2296 6324
4106 3759
6422 226
3282 689
9457 2296
6703 8513
9447 2857
4818 6023
5881 9555
7470 9457
1366 4568
8242 3832
7910 4840
4568 5428
6418 8735
4276 2857
-1
8625 4470
1735 4596
577 954
8674 8936
59 2180
6661 4470
2558 3282
4106 5531
6661 2912
-1
6077 5881
5428 2383
8596 2186
4231 3672
6703 9553
8204 1780
6570 8936
393 7470
2912 8057
8923 1043
-1
6077 3821
9446 4519
8503 7822
4519 8690
6895 8690
6468 7953
3821 1696
1611 5485
4738 9001
6468 6236
5762 6422
9407 9519
2893 6201
2186 6322
6570 256
7910 9928
4738 6857
3133 393
2558 8033
6418 8780
1696 8315
4596 8781
515 8780
7754 6895
66 8057
6064 59
5986 2822
4579 3133
5986 9279
457 4231
7754 1316
2710 1316
8540 1927
9219 9354
7504 2383
2893 549
4579 154
4852 457
2282 8182
888 515
8361 2560
6322 750
7496 9519
2303 8242
2282 5713
272 5544
8781 1629
3146 8315
5821 4658
6858 1629
6942 7496
9279 9437
7171 6942
4422 9553
7564 256
9789 154
8848 1848
8361 4962
4208 3946
9437 3527
6307 4276
3434 954
704 1532
8033 4392
9288 4392
4852 6799
6023 7154
2196 3527
5332 66
1430 6064
7132 9288
5762 2400
7986 7154
1927 6535
9148 7986
888 4257
1449 2471
1801 5713
1043 7769
3146 9706
769 7564
5531 4421
7504 7287
6923 6857
2230 769
4962 5175
6056 6923
6535 7523
-1
4686 3434
2732 6056
4257 3806
4045 6799
1801 1685
5552 9789
8065 6307
4421 7746
7523 4182
6572 2042
4045 8458
2710 7716
5175 9122
7769 9265
3769 2732
9265 5147
3769 1923
9340 549
696 2230
7716 9140
4182 1837
635 8065
6245 9706
750 9024
3274 2244
5108 6572
265 9122
7746 820
4208 1606
627 2303
8465 7132
9340 5727
5332 1214
1214 8576
7287 4086
5394 8458
8233 8465
5554 5727
1848 7581
311 5394
4686 7392
1430 8662
627 4585
7171 1273
7694 1923
1606 3140
3140 1336
1685 9228
8233 7140
5147 7823
2196 6515
2244 1772
6236 7500
4086 7402
6858 342
5537 6245
5537 4145
272 2163
9148 3120
2400 2704
4009 7694
1273 8020
633 820
4059 8503
7500 5424
9085 7140
7392 6058
696 3305
9228 2801
9024 6364
6999 311
9270 1336
6836 6515
4075 9270
8539 9928
4075 7104
4145 5771
4445 6364
251 8020
7588 1772
5771 7256
8979 251
5123 4521
8576 2038
966 7256
8126 4658
822 4059
8496 5108
8496 5337
265 9392
2163 1734
8774 2801
7950 4422
3120 7764
2038 2846
2846 6435
5552 8684
4445 5061
6944 8774
3305 7491
3921 8979
9085 119
9600 4009
6836 1101
5269 7950
5269 7760
822 2290
4585 4778
9090 633
1734 9441
2821 4521
9324 2821
6944 1687
9324 8617
1687 961
961 3341
9078 3921
2704 3483
7764 3613
8126 7285
6300 3341
7760 2486
4383 8662
8684 7515
5337 5099
1053 9392
354 7491
1837 4642
5987 7515
3976 9078
5485 7992
9600 3718
4383 8957
2961 8110
6848 342
9090 7467
4778 5819
1101 3841
635 1083
4682 7285
3976 7512
6300 7574
-1
2795 119
5627 2290
7104 5619
5061 810
9396 810
6777 354
6777 8966
2486 4630
1083 8337
2982 1449
548 7467
1780 5958
5819 3596
8539 7241
7512 5864
3613 7758
4630 6617
9140 4542
5099 3311
7604 3841
966 1334
1053 1500
3596 125
4542 6361
1561 2795
7388 5627
3354 7388
3483 5711
4642 7524
8624 7524
7208 6361
6456 4682
6672 6058
7758 2144
9770 125
3718 7253
8617 4505
7241 2025
6999 4390
8278 1500
4336 7208
4336 6083
6672 8768
6083 3791
8459 7574
3791 8299
2270 1561
992 5711
5554 219
3311 5662
219 8658
5619 6347
7385 2270
598 7402
5864 976
5206 3815
9550 8459
8957 4612
2123 5958
6268 7588
7823 2597
3806 6880
9550 695
6268 4285
7604 6372
6848 760
8624 378
6639 695
6257 8299
7398 5662
8998 760
598 2782
9351 8966
1070 6257
380 1070
2448 6372
6880 4449
548 4212
6435 4442
2276 976
6652 5424
3183 9770
2982 865
9470 2144
5451 6347
2870 5987
2276 6747
7184 1334
2870 1788
7253 8909
8578 2448
8998 7970
8909 4817
3869 9441
7184 958
4442 1124
7608 2123
8658 9361
7549 9361
3770 6652
378 159
1788 526
8578 9594
9396 7454
7454 2064
8752 2597
9515 2025
5583 8752
-1
6747 4872
3411 5451
4449 7518
1357 8278
5481 5583
159 1953
9470 2338
8337 2308
4212 2690
9594 783
6377 5481
8249 3770
3183 1714
7490 7549
8106 4505
4390 8864
8882 992
6275 6617
1124 3535
6882 4612
3411 3127
7124 6275
9351 5038
5817 6882
3539 1953
5038 4019
475 526
-1
475 9242
2854 958
2799 865
7992 7743
3024 6639
9242 8534
9814 8864
7530 2782
7003 3127
9652 8768
3471 3354
8882 5339
6685 4285
1494 7385
9495 3471
9822 7124
6685 5489
2690 9623
5339 5014
9515 6386
9898 7398
1714 3822
2414 4872
7518 7805
1363 3024
2338 9117
6377 4594
4856 4019
3535 1918
7608 7235
4943 7243
8249 9769
7442 5489
7442 2922
6730 4856
2507 4594
6705 1357
1766 7530
1246 9117
9825 2064
605 6456
9977 7970
9783 1494
380 7639
2414 2740
5971 5014
2740 6765
2040 2799
7581 9397
6730 607
9898 3130
3166 9495
9984 9623
8223 2507
5101 7003
3725 1918
525 8223
7940 1363
9769 8891
6765 5118
7639 1979
2040 2430
5742 3822
5673 1979
9917 5673
5118 338
8088 783
1085 4817
6440 9917
9977 5468
3166 9119
7940 2099
6705 4334
9822 1978
6386 7501
4128 1978
7235 522
4522 4128
9754 9825
3725 3673
2099 2399
7743 7509
4029 607
5468 9813
8088 8013
9388 9783
3673 6690
338 7688
4207 8891
605 7614
6690 9993
4750 3130
803 2922
8013 9010
4307 1766
3928 7501
9119 3086
9814 4313
9767 7688
4307 4509
4334 3692
2399 4349
8082 9397
9767 6243
803 7258
4378 7805
6440 2580
3086 8353
8276 9984
522 606
2780 7258
4509 3944
4949 4029
5742 4039
5022 8082
525 6329
9652 3299
2780 4959
3044 9388
3044 3390
3805 4959
8478 5101
4313 127
3539 4685
9993 6876
5746 3390
9010 5785
9558 4349
6357 9813
4224 7509
6243 5262
4378 6805
3869 477
3805 5390
-1
2580 9872
3858 9754
4341 9558
4750 1238
5262 2575
7975 4207
8786 9872
1281 127
8534 9025
-1
-1
3692 9672
9537 6805
8951 8106
5390 8239
1281 6574
3299 9366
606 3891
8276 5979
3858 7436
892 2430
325 9025
6259 477
9672 4829
6928 5817
5746 7027
6357 9230
8786 1294
4732 325
4949 3829
7024 5971
7027 7527
4323 3944
9961 6259
3073 9537
4341 9041
1085 4779
4829 9854
7527 3476
2936 9041
8916 4732
5785 8604
6329 6007
9733 2575
2308 5664
4845 4224
1599 6876
6574 9162
4522 4825
3928 8385
8916 1267
892 6619
4870 3829
4043 6099
7767 7975
2998 4685
236 9733
6619 9272
8978 8951
7298 8239
6304 5664
8210 2854
2320 8604
9404 9854
5874 6304
8482 8978
2936 796
9782 8478
7866 1294
9496 1267
796 4489
4825 4197
2251 3476
2998 7857
9901 9162
7020 6007
4870 4916
4916 757
2320 9885
7121 4489
9164 4039
7298 218
2991 7490
9230 5694
5874 1516
9164 2938
253 8210
7493 1246
557 757
3073 818
1260 253
7020 2156
1260 9539
7767 3160
9027 2251
9366 7066
8046 2156
2938 8392
2100 557
4772 4323
9383 1516
5683 9901
8385 2110
-1
9213 7866
7317 9027
7857 1591
3055 218
4838 6928
8615 4845
9089 1599
9337 3289
4779 9523
2367 5979
4890 2991
8615 9069
9089 9159
9248 9523
2110 6907
9350 7614
2404 5683
9870 5694
8847 8046
8482 2051
7066 7220
5446 8847
9539 7284
655 9782
6384 3055
9832 9159
7436 5432
-1
7121 6486
8353 6941
-1
1238 9504
2100 2150
8857 6907
7284 3392
8036 5022
8036 8570
9069 1897
5432 6505
9885 7507
2218 9698
8675 9870
579 7024
7507 8894
9690 7317
2404 6228
6551 655
9768 3160
1420 9248
528 8894
6124 6228
9690 6877
8038 9404
9154 2367
5142 7493
3161 6124
6877 6676
9386 6505
9198 9768
3467 4838
8038 5273
1591 2531
7689 9961
2051 5643
9252 9154
3392 1691
9350 9641
4789 1691
9198 5045
2150 4601
6323 9641
9832 9193
-1
7424 8675
4183 9504
3168 9193
1438 7424
3293 7689
4789 6562
3293 4410
9536 9383
8980 4197
305 3289
153 8857
4772 1326
6886 5273
6886 599
1420 2497
9252 3262
5446 7593
1326 8075
9536 7186
3467 4812
3891 2863
5677 8570
579 5556
5677 1082
506 4601
3998 3168
3046 236
9386 7145
4800 8392
7279 3998
6204 9496
3046 687
4345 6676
7145 3193
8980 5750
506 2215
4183 4593
599 7792
1082 8977
183 9213
7186 5739
6562 3197
1275 5750
5045 7252
2215 7350
818 9510
6258 7220
6261 1438
1067 7593
9043 1275
4800 6210
9845 9510
3979 4345
3979 6824
799 1897
5556 2775
-1
528 4278
2497 2357
3197 3892
9845 6825
8835 2531
6641 687
2620 3193
4410 9312
748 6210
3778 6941
6641 2789
2789 9116
9192 5643
4890 3636
183 8934
4593 5655
1976 3636
7279 7157
1514 3892
5402 6551
5376 3289
6258 69
6478 1514
9312 7226
2620 2764
9608 9116
7221 6478
9608 4465
8464 7350
4991 6261
669 5655
6486 3347
6824 7744
8075 5786
6384 1201
5476 5786
2863 5049
1139 7157
6512 3161
4054 2764
5561 7221
8835 6681
4562 5739
4189 799
6489 4278
748 2158
9932 2158
9593 5402
6349 69
5476 3059
7792 1841
3191 7744
1139 7302
7302 5263
9932 3290
2775 1839
9192 4875
1789 3347
5589 6489
1428 3290
1279 5561
580 4189
3778 3973
1005 4465
1539 6825
2850 580
7198 8934
6349 3105
3999 5142
8977 6035
1201 2364
3296 1539
8405 5049
1525 9593
4093 5589
8796 2850
4199 4875
1868 3059
1558 9043
2828 7226
4199 5470
1558 2921
1618 1279
8439 1428
5277 6035
1256 3296
8439 7343
8778 4093
3105 511
8456 8464
3432 1256
1005 1237
1237 6908
1096 1789
535 5263
3504 1841
8456 7838
9451 3262
1462 4991
9341 1525
9341 2817
7420 6908
7198 9302
4399 1096
1067 1671
2357 7645
3148 5277
3676 7420
5477 1868
7252 7488
2758 3191
7156 3148
4054 3265
535 7275
8461 7343
7645 3773
7891 8778
5470 7032
7838 8708
153 1590
8003 4812
8796 443
4562 9325
443 8775
3265 4664
9302 2916
4797 4399
2916 9328
2817 8441
7033 7275
5040 2921
7156 4837
2452 9325
7033 1466
6681 4300
7488 2781
2828 5472
9272 3680
1839 7621
3973 9613
8003 1344
1466 6244
-1
5718 7032
9451 7231
6945 1618
6308 2781
8775 6432
5472 657
6843 6512
8441 8544
5323 9328
3938 5477
6184 5718
6265 8461
5625 4664
6204 5758
3020 3676
6843 2899
8708 6715
3999 6098
3020 8834
5758 756
1135 5323
7412 6265
2350 7231
5856 1671
8544 3326
669 523
2899 8224
4797 725
1019 7891
4061 2758
6945 2316
8528 6432
953 5040
2452 6634
3278 6715
6209 657
3680 3603
7094 4837
3326 7817
1019 2178
2316 1821
9512 2178
1135 1577
8356 756
8356 6107
4300 8605
1429 6184
6990 1429
3230 1462
4412 1590
6634 8048
3991 3504
6971 511
9262 1577
275 2364
8430 8048
4724 275
3401 8224
4320 3773
3278 7371
6686 9613
4243 6971
1115 6098
523 5160
9147 1344
1706 3401
9512 3388
-1
100 8430
2671 8834
6107 8654
3432 4071
6567 1821
4020 6244
5593 2350
4071 5361
6993 5593
4397 5361
3388 2873
7817 5918
5650 4061
4320 3365
3991 5325
8729 2873
6567 1703
4020 9156
1613 1703
5918 7040
642 7040
8373 953
4177 8729
9127 100
1122 9127
6686 6345
5325 6702
2468 7094
9262 2779
4397 6903
6127 3938
4243 6897
8357 3230
8373 5322
1613 8329
8592 9147
4796 8329
-1
7880 7621
9218 5856
8770 6127
75 1115
8592 1991
9156 8072
4796 5562
8605 2245
6532 8770
2687 5562
1026 2779
7213 1026
1896 725
1896 843
9423 8654
6342 1706
6308 150
8377 6342
8039 3365
5008 8072
150 6864
8528 6855
6855 4857
5990 4724
6939 642
8436 8039
4177 1856
616 4857
9677 2671
7169 6532
6939 6436
9884 7371
5160 8234
6871 8436
774 9423
616 6146
2687 7042
7042 4329
8586 4329
7213 9575
5538 6871
4502 5008
8586 9263
1976 7826
6897 2216
9109 774
6209 5126
2216 2624
903 5650
7169 8912
2713 2624
1224 6993
6903 6727
4954 6727
843 3817
1331 4412
7007 6436
5126 1258
9357 8234
9575 4274
7412 4253
5452 1856
903 7909
8309 7007
9677 3798
4274 9314
6571 8309
8912 6112
3798 897
1224 898
5315 6702
3820 75
5223 5452
9131 6864
8357 6585
3817 2075
9202 7909
9357 9138
5223 2619
8377 9837
9138 9986
6397 9837
5322 1961
5625 575
2137 1961
6833 898
3668 9986
2619 9580
6753 9202
9580 1148
9715 2468
6146 8228
5538 3170
9131 1930
5106 1991
4477 8437
5285 1258
6869 9314
7610 6753
2075 6387
7845 8228
8676 2137
3668 4170
3513 4502
5343 3513
89 8405
575 6321
1056 1122
1056 1596
2245 5260
6869 8429
3876 6833
7826 9448
2713 7681
3058 5106
5990 5995
8348 9263
4170 1564
1331 1265
3916 7610
4226 89
9106 5995
5285 4650
9884 1793
5315 3748
7516 5260
9465 1564
4376 6585
6321 2733
8429 4468
9106 7983
9465 3456
1647 3916
5791 7983
1647 2279
4456 3748
9554 4253
7495 3876
2733 9922
9218 4746
7647 7845
8715 7516
663 1148
897 859
8715 4216
4746 5665
8348 5770
4216 4704
7681 1228
4704 2915
6571 1439
4468 3381
6345 3180
1596 2001
9715 61
1439 2382
6112 1617
5770 1388
2037 4376
7495 3637
3603 3846
3022 859
5576 4650
4226 7935
2279 8302
1708 5665
7309 9922
61 8959
4954 4136
3637 3396
1756 3022
3674 8676
7880 6501
1265 938
4960 3180
1756 1949
4296 6990
938 4731
7326 3381
8307 9554
4296 2727
9448 1007
7326 5081
4456 4691
5343 4242
4827 4242
7309 4903
6397 8601
3058 9439
2915 1799
5870 663
4827 7227
3108 1799
1521 4903
4030 3820
9597 5791
3674 8400
5081 3496
1949 8932
8100 3456
7116 1388
1793 1866
9597 5249
7192 3846
7227 1633
1829 8601
3819 4136
1075 4691
7479 8302
8400 8680
8307 3404
1767 4960
8100 8185
6387 7590
9949 9439
7489 1866
3830 7489
7935 187
2793 5870
2382 8793
1767 8687
3967 7647
1617 4721
8793 7965
1521 4998
6614 2793
1633 8875
4998 2778
4753 8932
3256 3830
-1
8138 187
2037 6222
6255 4721
7479 6687
2249 8185
7116 1689
5629 1930
6687 3319
3170 5229
3576 3396
2727 84
2451 8680
4117 1689
7112 3319
6075 3256
5644 2249
7590 6555
1075 2285
7200 6255
4753 3872
7200 5069
1437 4030
1845 5644
84 1948
1437 2112
8418 5629
1829 6025
1845 5984
652 5229
3404 5724
3814 1228
3819 2868
340 2112
3804 8875
3496 729
8577 8687
340 8971
9660 729
5249 3478
3804 5043
9949 6164
5984 2265
74 3576
6555 8105
7576 5043
1708 1113
7192 9009
6501 271
8529 3967
2001 5946
7572 652
3111 8959
2778 6167
7965 3628
1113 2594
7447 4731
2726 5069
8925 8418
5814 3872
6164 9161
2451 4574
271 3543
9021 3111
3246 8105
9927 7576
9273 9660
3478 8116
1007 2298
4292 6614
5814 2437
3677 8529
7112 7536
2868 2844
5356 2285
4574 7774
7536 9321
5820 74
2505 5356
9321 2233
5946 8244
7445 4292
9109 5594
7774 558
7274 2726
817 5594
6706 3108
4994 6025
2763 5820
1393 2844
1893 7274
6075 6326
3677 8168
7993 8577
5473 8116
6326 9528
3628 5421
1764 2763
2594 456
1764 1163
381 9927
558 26
9781 2265
7447 3749
1746 1163
6222 8547
4762 2437
9533 6323
4117 4513
9702 817
3751 2505
5473 4748
5576 9393
9009 6611
7448 9528
381 6758
6758 828
7445 5901
7993 3589
-1
2298 3670
8160 5421
8789 8490
9218 124
6566 5395
3559 3361
3908 4252
6909 2652
5120 5075
226 8574
4546 3113
7836 8485
5274 3796
3054 6586
8398 3470
5090 9235
3124 5271
7801 3343
7474 2934
5386 4835
4570 4040
689 3163
2395 9214
6414 4230
7747 8934
8757 3441
9904 9732
4253 7087
3203 7194
3885 4657
2337 4965
6245 6619
8108 5073
6002 7324
799 1401
377 3066
1923 412
2740 9036
2012 2825
8280 3438
605 3556
9963 7226
8774 1665
448 9202
4510 558
5607 8635
625 6601
5274 6859
8571 5070
8629 4290
3989 363
7434 2645
858 7617
6458 2857
277 2591
8845 8387
6394 4075
3731 7539
967 1923
4471 1288
4721 6043
8401 2724
7255 9199
6822 8340
4937 1574
8349 5672
942 2177
3433 4877
5939 4908
5221 4231
8674 9702
6251 8993
1980 2081
7041 8936
89 8603
2648 8017
6597 4989
7049 7736
1133 7947
8633 4359
3714 774
9460 1112
5005 7750
1736 229
5686 3471
6291 9735
809 5651
1987 1561
2925 6718
6026 422
650 4439
873 8761
1769 9149
9995 9216
7833 2185
9867 1992
3126 8687
9458 2606
893 857
2104 490
4133 9143
124 3738
4944 4645
1673 9269
3581 6746
9792 1535
3204 2279
1043 6106
3275 7495
6096 3747
107 8379
9105 8994
4102 9027
776 327
8615 4472
4203 9529
5518 2146
6793 17
4291 3507
5189 1570
9921 2361
5508 4858
3356 5242
3968 149
4989 6624
9773 6437
5590 6152
530 4626
9297 4228
6131 7409
5541 9399
6068 524
8933 367
6994 9852
6988 1417
5436 1929
969 361
2059 6198
7937 8970
2064 4357
7153 4840
5764 2912
647 2603
1717 2343
80 3222
9431 4927
7443 8043
4529 2188
5657 2326
8299 5397
1799 3328
7651 725
3717 7452
2763 7535
3682 5880
3758 7243
3192 8857
948 8322
7668 422
7632 503
2717 2463
5003 411
309 3501
3395 8351
4230 389
8514 5604
526 2365
3045 9473
7029 1121
2862 7757
834 6452
160 9958
-1
4086 2428
6950 8521
8901 8490
7742 7257
5598 2530
4304 2348
4752 168
3341 6872
5315 8137
6542 4448
1236 7500
3346 8976
6113 2444
4728 3627
2729 2515
4648 573
3588 6841
6778 2887
8645 5741
9586 4277
4637 7960
3080 5546
3862 4746
5102 443
9029 5385
4011 843
765 6385
1989 6825
7308 5186
-1
7535 7677
6328 3569
7546 2823
1969 915
7593 5048
2411 1321
8683 7897
8886 782
854 7257
8338 8883
3155 8312
858 6683
8234 2444
2545 8460
1383 6698
9997 2617
9677 2284
9704 7112
2149 1847
4930 5733
7163 4149
4978 5013
8 3887
4860 3991
932 7245
2312 1827
5004 2721
3365 268
2809 4408
8145 4856
3302 9815
6692 7609
2869 9076
494 8345
2982 5643
9200 9994
9338 9295
9449 5940
9468 2799
3403 4506
3232 2525
4486 1164
4753 6380
4295 733
6918 2564
4031 2953
7879 287
8835 5618
4866 9289
3701 6755
1595 6367
5639 2571
2203 1385
4193 4834
6600 8234
967 2284
4539 4886
170 4394
9253 3514
514 109
5395 5516
966 666
1336 9321
1278 1486
4959 5285
1232 9466
6493 7137
7234 7431
1252 5744
3565 778
433 7974
8170 5728
5698 6063
5415 7581
4718 6752
5734 2693
653 3826
5867 8790
9959 5811
6340 3021
4950 9486
319 4378
3345 9969
7809 7669
9103 3092
7639 1192
5785 1261
9449 5468
5528 4025
1123 8039
7177 4982
4746 7283
4632 749
5436 8167
1964 3424
3464 7630
7376 8957
2856 6256
8121 3858
1550 1128
4226 4850
8032 9348
4532 3228
1476 3858
9956 3422
2995 2127
847 2445
114 749
8598 6985
5247 8527
6288 9019
5085 3648
4696 2079
1711 1748
3241 8834
5971 338
9958 8096
864 4604
7376 6255
8618 5153
1721 5528
9930 4087
7911 7678
7038 3168
8646 806
5742 4694
1324 9626
6771 864
1742 6497
9833 2257
6128 3804
1458 3530
2805 7107
8239 1103
9377 8811
3281 2217
7975 3677
3857 5588
9562 2505
4023 6426
9387 3932
6726 2143
59 6955
2670 5748
8598 1129
1974 9978
3811 6669
9066 9936
7539 4891
7940 1902
6329 4987
1334 5220
8370 2099
1334 4285
9955 3907
9194 6231
6429 3842
373 4596
4684 2260
7198 797
4901 5650
5492 7133
7006 4839
1594 1795
1159 7563
8811 2079
939 433
8836 1662
6639 9017
4917 8969
7501 5453
3897 8058
3806 8129
4768 7813
9254 5158
359 9370
7003 2220
1248 8530
9054 5378
5705 9699
198 3104
6073 4688
-1
2631 6796
6984 8033
6585 5925
4044 9914
7671 2155
3654 8231
7674 4680
5656 2675
1870 7664
5488 8023
-1
9620 8042
6222 9862
6890 8600
6518 3043
8966 9085
6164 2344
4619 1645
7217 4647
7892 9858
6001 444
1604 6569
387 3052
2093 8512
6695 3824
1033 239
5979 1330
2945 2904
4949 6942
9959 1035
5016 239
7144 4466
3689 880
9966 2355
780 8664
551 9187
7814 6913
8113 2220
6826 9591
5127 2603
6888 7960
4810 169
2814 2953
3330 2244
3365 1476
4046 2947
3826 1451
3824 8070
8926 4995
9753 6991
3561 16
8617 4413
3424 6358
3992 9503
1420 2060
269 9937
6062 9360
4755 2887
2527 9517
7572 2734
4711 7231
8327 7755
9844 8376
7520 6580
724 3928
320 1295
9562 148
2570 3701
6813 9511
4090 9615
7100 5555
8552 1168
6739 8193
3899 4489
2029 162
8611 4495
3078 1753
9219 7788
9502 6990
2299 9275
9595 5578
4282 7710
7210 8193
5384 3367
2605 6406
8315 7092
6804 5517
933 8025
6654 793
5490 8622
298 2146
9438 6979
4547 9190
1509 3906
9787 8611
1396 1759
2182 4814
-1
