5000 5000
2662 4231
719 97
2307 3980
3204 2718
991 3526
3102 1423
2403 2911
3863 515
1580 949
1106 1460
235 683
4589 1313
918 3215
2222 4529
3302 2590
3988 2558
1722 1154
4636 4085
1082 1423
831 3622
4390 4035
2252 3111
1257 4219
4887 1034
623 3412
213 1876
3916 2718
3924 4219
2212 2915
4238 2969
129 865
4151 3949
4526 1154
3550 2946
1957 1189
2902 2212
2935 2786
4971 235
2761 1650
2403 275
2175 1706
618 3475
389 3980
1620 2839
304 392
252 4108
2175 3937
4990 129
3785 2688
3017 2839
4737 2151
3017 2703
2761 375
1082 2170
3794 2892
4737 1487
220 2774
4004 2818
2207 4035
626 2590
1952 3851
567 873
3937 3539
1588 4990
3539 2709
4731 4321
1056 1038
159 232
1870 2170
3465 3121
4555 3324
2245 558
4762 4942
4234 3405
31 2644
1878 3526
4465 3651
2471 3772
1531 1179
1829 2082
-1
1627 3535
1487 2080
1878 2857
1123 319
1070 1588
2512 1778
4299 518
4679 3280
3412 3266
1012 309
1524 2255
392 376
3378 4762
128 343
1420 4691
2327 1835
3728 3924
2358 2143
1125 1248
-1
3785 2000
1952 3739
351 385
3215 1795
-1
4340 1793
1070 4161
1805 285
252 1290
3415 2539
282 2208
3993 1785
1538 1012
946 220
4413 285
2902 4354
4212 1892
1835 3231
2558 3893
376 1006
1458 4059
4707 4059
2081 2370
3431 908
2501 3916
2482 721
1725 2537
2405 3936
4052 4413
375 4157
2939 1267
351 1425
4555 2184
1789 299
2942 1789
346 54
152 1290
4465 3629
4293 227
1635 2208
3357 1795
319 3195
1194 42
3012 4030
2690 3629
654 42
1870 4578
2857 3509
2624 3280
3840 1635
218 4085
501 2381
389 2053
3728 3762
3524 744
1275 208
108 2691
4286 1876
833 3696
71 2000
3688 4535
626 4865
3357 2848
4537 2471
2808 4731
2411 218
4234 4198
2184 1121
876 3550
4585 2792
1545 1448
3231 143
275 459
2644 1278
3622 2535
2893 232
1179 2262
3312 2157
1594 4819
1280 1264
2703 510
2537 179
1538 3987
939 980
4535 2722
488 4526
3517 908
2166 3840
1516 4819
1168 4239
2691 4100
1480 1056
-1
208 4678
3440 2405
2848 2801
416 2015
3660 2818
3509 490
3739 2311
1089 4157
4354 1466
4589 1507
2740 3293
4231 3797
503 4238
980 916
3861 1420
3536 1425
545 3762
930 987
2561 2358
240 2166
501 4394
1130 2722
1764 3440
1516 156
130 3893
2195 1006
2561 4552
4267 2311
4578 2352
2942 4955
2262 1865
464 2080
2801 3250
3794 2402
2399 4678
3122 1630
158 130
3670 1121
58 2821
4161 4003
3295 227
2939 8
485 1627
2624 3327
4889 4994
3861 1416
2698 4552
4991 2047
3845 4489
2252 4787
4787 2570
3359 490
2249 3536
2287 1969
1480 1917
240 136
4783 4489
2370 3860
913 161
1395 346
2287 935
2935 1498
3266 2120
197 1248
3459 132
3359 4402
2709 409
151 1048
2207 4183
4248 152
2690 4927
4160 3195
2645 2378
4887 3069
3177 4350
4971 1273
151 2959
960 2120
1042 971
784 1778
3416 2202
3399 3797
402 2535
2068 2222
1983 2157
4055 510
136 3944
2047 3603
2168 1581
1339 2740
478 3399
2249 4518
3567 744
4863 2808
3267 567
4100 4429
2509 930
4456 2163
3494 1507
3670 2122
1892 2219
2284 2698
2232 4858
2746 1168
2782 132
4744 179
1961 3660
444 402
2509 4881
2719 4707
1106 27
2267 1417
1220 2953
916 1904
862 1353
1051 878
8 3148
3328 4133
3714 1293
156 2985
3567 4559
937 503
3944 3147
4375 4537
3494 2825
4540 999
3171 4375
3529 464
1752 1466
3147 1303
4169 2402
4518 1491
3529 4159
4060 4744
664 645
4781 960
3011 4360
498 3669
4363 937
3401 2985
2800 4602
2075 264
3581 2570
1130 3890
4363 3368
1734 1417
4055 3544
884 1339
1278 3671
333 2284
3671 3605
1890 2202
520 4858
2124 545
639 4863
1028 2352
599 1790
4269 4402
1752 3471
197 2256
3899 3171
58 4849
1189 3601
1785 2332
1730 4849
3012 4528
3383 158
833 322
2742 143
1101 520
3605 1393
4151 1611
2300 946
2122 326
4726 1790
3383 4300
128 4099
2583 4052
1028 3587
3222 4040
1806 862
1429 654
452 3587
2124 2020
3438 4528
798 1865
4389 4927
4559 2478
697 4099
2332 828
1428 618
4601 4060
639 2173
2526 1101
1429 1844
1611 270
3222 3386
1089 481
1498 4747
3481 2719
481 3025
1273 2034
1730 3040
3485 900
3420 1904
3517 4856
3420 2729
3374 2825
1499 4412
3122 920
4248 1156
3250 2831
3673 2020
2019 4394
3829 2806
1031 4133
4141 1491
1764 1617
4455 2195
3295 3066
2893 109
4159 1251
2948 4269
3578 2782
785 971
2583 4309
1297 2585
4429 3716
3386 3733
4880 3890
828 4648
4300 1007
2937 4865
1326 3603
444 2435
333 2830
3669 1053
3442 2453
109 4318
2245 3724
16 409
4443 3733
1907 64
4359 4994
2053 2682
4389 691
4538 2453
3659 4811
3829 2273
1237 1297
4978 4076
1220 245
71 2824
3378 1091
2219 3895
1893 4455
2501 1331
1890 1247
1986 264
2173 1134
1540 4781
3481 1374
2551 3899
4985 3148
1988 4985
3471 704
876 586
4337 2526
1167 1280
-1
1292 4003
2937 3757
1951 1844
1993 1395
1156 1250
1580 871
2082 3612
2256 2058
4198 140
1435 1250
1572 97
1384 1007
4601 147
4337 4273
3807 3683
3352 4880
786 2478
434 4955
2798 884
2388 2824
2263 1988
1938 1983
1374 1684
1917 1599
4597 459
3856 4318
2757 2682
2399 648
1140 1167
2645 792
3658 2746
1331 3965
2273 336
758 920
4515 2959
336 4369
1277 1540
3284 4286
1599 3074
4008 1292
3305 4273
798 714
2683 3374
1986 2674
4016 758
4397 1393
721 967
4460 1237
4969 4169
4356 3074
2830 2002
4796 2002
1893 1640
16 3209
4983 3121
878 2928
1247 81
4397 791
4008 3584
2283 2435
1134 3649
4969 856
1251 4792
1065 4978
3860 1199
1449 1384
805 4983
3961 3612
4587 4783
2263 1731
664 2443
3098 2068
3757 1854
3713 4369
3401 1663
4468 4796
1390 2683
2742 4395
4304 1663
4034 3987
322 241
3078 2034
2015 4459
1352 1640
2920 478
2035 3209
3438 79
3897 3267
4613 1390
1623 4141
3305 1771
791 3604
786 3251
4500 1572
140 3344
840 2411
4139 488
2507 4613
326 182
1618 1352
4349 1031
2240 2400
3856 3046
506 935
2507 2210
3018 4726
3601 2017
3892 1199
3284 3054
3773 2831
2300 4290
691 80
2443 153
1322 27
3040 3989
2279 805
1222 3716
3773 4105
2757 3920
2226 3897
4597 1252
4856 2580
1684 2018
1618 1182
3673 3428
4747 2386
2279 728
2539 3680
610 3714
3995 3066
1961 3377
2984 3054
1978 1793
1978 4931
1734 4665
4881 4876
3029 999
1806 658
1854 4614
4654 452
4165 1938
3523 1581
4160 3150
959 2283
1326 1433
856 625
3892 2223
1448 1079
2920 4801
1449 4885
4739 2339
4396 3352
2386 3065
1065 3085
1435 4082
728 723
3982 3658
784 1003
700 3895
1911 1252
1931 704
956 2017
3327 3341
3995 4430
3484 2035
4654 3152
620 485
-1
3604 1255
4430 1712
2602 4105
1617 656
1951 3569
1300 4665
270 2447
1815 1053
3657 3484
1428 1905
1193 3341
3363 2163
2223 3833
3724 210
2078 2602
959 3811
1905 192
2230 3098
4121 1931
116 792
3065 2791
4626 4016
3713 1508
3078 540
3144 2019
1380 4538
1322 3709
434 2261
3807 4191
2246 3584
4304 674
1300 1337
636 697
689 2791
689 4310
181 1433
620 1208
3915 1317
4835 3569
3368 1639
2798 673
2551 4496
2131 4299
714 822
3011 2001
2955 648
3344 2886
3972 3018
3698 4801
1080 4500
1340 3649
4922 2001
4344 1815
647 700
2879 1639
768 3025
3428 3521
318 4569
203 625
4132 3680
-1
3835 4290
610 3823
2388 3022
1337 4175
4497 1222
4344 3625
3490 2261
3965 2483
4395 613
2483 4162
4267 3777
3085 4525
725 3069
2231 4183
3022 85
822 145
649 3363
2246 32
3919 1303
305 2210
3480 80
875 4309
1286 1255
1079 4011
2231 813
4468 221
2879 1768
3704 2674
813 820
3833 2139
673 2041
665 4175
636 3620
3523 328
4690 4459
4132 4745
4692 3046
3377 2112
116 307
2596 3709
145 1501
3961 1370
4651 1003
2596 3817
1163 4587
768 260
2886 1578
1775 3521
3114 3251
4835 3057
1674 3144
1731 1851
1944 1370
32 962
1771 3901
3057 538
967 846
4121 827
305 3056
1520 2139
3056 4851
1286 3718
260 1703
4525 1476
2379 245
3645 81
3028 3581
2220 586
2220 3705
1584 3718
4515 2430
368 2226
1186 2430
4745 2633
1317 2819
4254 221
1383 875
2062 647
4931 1704
483 820
359 4792
3811 3252
665 670
2522 1186
324 1383
85 3322
3534 4885
2816 3150
1768 477
1993 4137
1712 1019
2037 538
-1
3901 3501
483 242
1976 4443
2928 671
4254 993
3866 3823
3919 4438
3779 4034
1467 1623
4460 2172
477 970
3499 3620
4396 3871
324 1763
3157 1851
1140 4629
4712 993
840 4914
4614 383
4114 613
368 3599
4922 2655
1091 2416
4853 4082
1143 2633
3480 4272
841 4632
147 3234
1508 449
540 1013
1476 3522
790 1182
4878 4359
4418 1380
996 2800
4832 4853
12 3704
1903 3252
3748 4712
3008 4629
4558 1944
1282 2984
3152 2827
723 2363
2655 2796
301 1501
4310 1392
4497 1746
2522 4532
4 12
2894 4832
3501 3151
2544 649
3711 2729
380 1976
3234 651
1467 536
4137 1823
1266 3322
301 1902
4114 3951
4690 3747
4165 1421
318 3496
4914 19
1340 69
3157 417
717 3544
4349 765
1210 4438
4878 4007
4007 3087
192 594
2750 3705
2988 4011
3677 1193
4851 4805
3695 2948
3470 2172
3297 790
3947 656
4264 4876
4275 2827
2131 766
1800 417
1823 4163
2796 3836
4288 449
1208 1133
4251 328
3645 855
2894 2030
2992 827
2816 4554
1392 1554
3905 3866
4015 69
658 1981
4869 3470
3496 4795
4015 2883
83 19
3656 3779
3177 4527
1207 674
3835 1745
2269 2255
1143 3686
4251 1418
4418 2639
210 2581
3246 241
2492 1693
1133 1059
2096 307
2096 3095
581 3748
1266 2628
4648 283
4554 3183
1911 4084
1727 2058
1465 203
3360 3087
4026 1703
1727 2837
1652 1080
766 2708
3656 2749
1114 64
3249 2037
506 642
548 3905
4961 2819
1059 3636
41 1775
3598 79
996 2760
4937 3677
1763 2932
181 1097
1277 2609
1711 1207
4331 2030
596 2628
651 2022
242 4153
977 671
765 3934
3711 1864
4937 732
4906 3008
977 1360
3698 3447
380 120
3203 4692
844 4805
2837 2317
3053 1864
4869 4621
4507 2230
2423 120
3699 383
2949 2750
2615 4621
1683 3947
2078 2218
2581 2454
1683 3317
1405 1902
594 2432
4173 3989
1097 3514
1163 4109
3828 182
3151 3190
4974 536
1981 1234
2062 2616
950 4084
3843 4153
4191 3279
838 3203
1227 2883
2544 3441
953 3447
1977 1465
1210 663
1478 663
1742 2949
4026 3393
3275 2416
2639 4989
2387 3499
3598 4067
736 283
921 1418
670 1447
838 2186
3029 632
4558 3288
1766 3578
2323 2379
4028 1447
1903 881
1818 3777
439 3982
2323 1375
841 474
4163 3720
3625 1954
1282 3244
581 3590
2112 2410
1774 3522
2616 4517
3443 1499
4285 4028
1704 4411
2363 4083
578 3490
1945 3288
3297 2028
3095 3390
1946 1013
2592 717
3246 3803
2186 1341
4517 101
1954 2780
2362 962
3156 3441
2749 3702
3849 2410
2093 1584
572 950
1520 4680
1114 1679
49 844
4 1424
562 2028
426 4264
2672 632
3599 1607
4824 3920
2447 4522
4975 4331
751 3249
4139 87
3974 3803
426 0
4177 596
0 3247
4162 3615
877 1360
877 3235
2468 1019
1227 2238
624 3053
3702 964
2708 2841
1375 638
1657 3534
4989 441
2052 642
1234 1213
1451 4173
141 1766
783 101
2955 1219
471 572
4177 3286
1258 3114
2041 1967
141 4280
941 4496
3275 1046
-1
359 2963
653 1818
41 234
3636 4305
2838 3615
1831 913
1338 2432
4272 26
1197 2339
2313 4527
2875 3393
2992 1539
2838 190
4330 2240
970 3737
4761 653
736 46
956 2986
3590 3063
4574 2362
3514 2643
2963 2100
2371 3247
900 3572
447 1674
1977 4659
2656 855
1652 1608
4826 4275
548 3182
1711 2642
2875 3329
2592 430
2615 3373
3279 2077
624 2889
1742 3425
2100 2832
4507 117
3843 2767
4109 2239
4356 2721
1456 1945
3657 667
4906 1131
2932 3375
3817 2587
852 1745
117 2036
1696 3244
471 3272
2792 3689
3701 1478
49 4144
3329 3538
4146 2832
123 4522
3898 921
1131 4618
3619 430
1657 3853
3042 2218
4550 732
1717 1967
638 2989
3894 562
4574 4057
4701 2760
87 3824
4680 3557
4214 2767
1717 655
1216 2587
3063 1759
2988 3123
1341 73
4411 606
3390 122
4334 4975
1258 1728
3538 450
2052 4387
3190 4509
3737 4757
3945 3853
4532 3049
4057 4918
845 3720
4946 3360
4826 4325
4092 4280
2313 1205
4941 1679
2093 291
4946 4544
3782 1046
622 73
290 4550
3824 4610
3828 3515
3699 2502
3182 2599
1444 3695
845 1221
20 1405
2668 1946
3628 4761
160 290
4068 1539
2502 3850
4882 4288
1842 2077
-1
601 3782
38 578
1602 4882
1451 289
3606 4757
2693 4067
3951 3968
302 3042
2315 4918
2989 1616
123 3045
3049 3400
655 634
26 4877
785 2110
3634 1554
3425 3595
450 879
3373 3429
3286 3959
2580 4386
390 3894
2609 2972
3959 1615
2396 1616
2396 169
1239 3317
4676 622
-1
4701 2977
2925 1444
2387 2085
3850 3940
234 2680
852 4225
4092 2789
4891 1774
3429 286
2085 2660
2419 1578
1587 2780
169 705
4618 2713
4146 4185
163 2468
2954 3606
48 4330
2627 2721
3595 2785
2672 1880
4107 2627
1994 3871
3044 4824
1221 107
3091 3400
1421 3310
3264 4544
1338 212
2618 2680
2986 1874
3836 2884
4068 3220
2991 2954
3613 3940
163 1160
4065 3183
3613 121
268 1424
1831 337
2488 953
3128 4334
4386 764
-1
212 3647
4746 3619
2660 4836
2693 676
4426 4877
122 2717
4772 676
121 1685
783 3687
3898 3336
3974 4382
1456 92
381 3849
2049 439
1214 725
3194 4382
358 4659
4836 1388
134 751
1232 2488
3934 3084
1232 4498
2689 4498
2178 2972
3647 931
3265 3515
1874 507
1542 3156
83 491
2333 879
4185 1642
1914 4065
2991 3795
3633 2036
2938 1728
3272 3511
4920 4214
1800 2514
2178 3236
4230 3687
2333 3092
3423 2239
4222 20
1994 1200
107 2257
1615 4669
2448 2317
3722 3634
1574 2789
3381 4230
3557 1965
2855 3194
451 4426
474 2340
2656 2489
92 3037
3336 1888
2925 1359
1833 3686
2713 2961
1968 846
1729 964
1738 3423
2961 453
4604 160
190 3303
3455 3265
4669 1626
4746 1129
451 100
2619 3236
1833 2755
1863 453
266 3235
1078 1587
183 4920
110 4509
2785 3136
2884 4817
286 207
1646 3747
1930 1359
-1
3026 4610
1216 4323
3028 2667
1914 2753
4817 1919
601 1690
2578 183
2841 895
4767 2618
1188 2689
2666 3722
2753 4454
2018 2550
3922 2340
-1
1486 3795
1188 2265
4346 2667
2817 2110
1685 1021
4315 2419
3650 667
390 1348
1746 4992
634 3885
1608 4907
194 358
3026 1142
1477 4144
2871 4107
2049 4421
2003 2666
2869 1219
4626 1335
3045 3176
3468 1888
272 2514
1569 3945
4774 4421
2315 4002
910 3136
3128 2704
931 2084
3216 1729
447 3881
1602 573
926 1863
2950 2599
4743 4285
2869 2810
1757 3968
3701 570
727 2704
2578 3694
291 149
2467 441
3376 1607
284 4676
2629 4941
1626 1060
-1
2242 941
284 693
1759 2849
2844 2257
910 2732
3094 3381
976 3310
1298 4222
3881 3371
3303 3219
1416 1653
2423 2331
1696 557
4345 194
1239 4624
1883 4795
3922 2042
1335 3798
3237 1646
4891 4447
2241 1690
1757 274
705 4172
746 2889
153 1296
2241 1817
4323 1909
1963 1883
3633 4072
149 2228
3219 757
2426 4774
1058 272
1852 110
4083 1063
4447 657
3798 251
2306 693
4305 1589
1213 3162
38 3731
628 2265
2849 2710
3091 1658
440 4315
2269 4862
3229 2643
3628 1744
302 816
134 4062
1930 3896
2716 2855
1477 3224
2235 2042
3512 4961
2540 2331
552 2668
1526 4172
3691 657
2485 1526
3037 2054
1078 2804
3205 628
4713 3229
839 4387
756 4772
2065 3092
4292 2710
3119 4325
2427 2732
4448 2448
2242 1410
3071 3375
3565 2427
48 3232
253 3123
3489 207
4910 1160
3408 4907
2716 3330
1129 1846
350 4062
2938 3254
2916 4448
2084 3577
1909 1781
860 881
1832 1842
2871 1045
2228 3707
4767 372
763 1653
46 3439
1871 2629
2844 4834
4135 1296
1142 3131
3254 824
4568 756
1328 4346
1744 1412
3371 4575
4335 2022
2065 3016
3365 1658
780 1045
4911 440
3232 360
839 1310
974 2003
566 1348
3691 1858
3330 4875
1987 2235
3826 350
4225 2515
746 2071
4575 3929
1707 2054
4842 3650
475 3216
808 566
1214 1385
4576 1832
2026 3044
573 2180
-1
757 1178
4934 2755
4910 2842
1569 4278
289 823
4823 3512
2426 2477
815 1852
2804 4935
2038 4292
3972 4696
3039 2540
4393 2717
2550 4235
2812 3826
93 3205
1041 4842
769 3689
2445 1021
1621 895
1574 1813
2880 3896
3865 2026
4503 2445
144 1328
727 3819
3761 4568
4640 268
3439 906
763 4123
1117 4875
1385 3392
2619 3006
99 860
3355 3819
4755 3084
2467 3269
2174 606
871 2833
4713 4401
1310 4785
4072 476
4401 1675
3224 2979
266 1612
3455 2994
1877 1117
-1
1919 4619
3731 3497
2950 995
1857 2642
1707 3960
3094 1096
3365 1518
4769 3694
2810 1376
4224 1298
4960 1589
1388 2215
4449 4503
802 4393
1895 4449
4278 730
1817 465
1648 1877
4769 571
437 815
3355 1713
4110 3264
2016 2477
1485 1895
3016 2523
3474 507
3676 1858
2867 4110
3354 1612
1312 1781
4002 553
360 2542
539 4619
1289 2174
926 4901
2165 1713
4244 2215
2119 2979
4604 3592
1490 3119
3038 3408
568 2119
2071 4959
1666 2812
1486 2747
3943 4743
4646 553
4341 4624
4992 225
811 764
1963 463
1000 3592
2102 3220
1926 2916
2398 4224
823 616
1666 3543
3162 3448
4501 2306
1968 715
3505 974
3518 4123
3997 4345
3090 1096
2016 126
4045 1410
126 3391
2221 225
4959 4249
3497 1691
422 2102
2385 4823
2994 4924
4020 1648
1601 1490
475 4780
3960 1700
258 2747
4638 3354
487 2385
1402 4780
36 2038
4764 1871
3505 3413
1209 2221
2888 1738
3269 2650
2398 3642
3038 47
1694 730
2452 3489
4791 1621
249 1675
4094 816
4209 1060
93 1452
552 2528
2180 1016
3551 3518
2555 808
1495 3039
1553 3237
4573 2817
2555 4001
1052 249
456 4791
256 568
3448 4684
716 1601
4845 3707
1495 591
2833 4182
854 4576
-1
3734 381
4187 1452
2997 437
3006 3752
824 4879
3676 3969
2636 1178
1542 4850
3133 1000
1363 4845
345 571
2944 2888
457 1205
4901 2675
1804 256
1128 4924
591 168
1965 666
3257 2452
4488 3551
3558 4020
76 802
2867 1464
3644 4862
1887 274
718 2165
3700 1063
3929 3340
3392 2765
1464 947
1426 616
144 424
1485 793
972 4651
1020 4850
2658 3700
3193 1020
899 811
1637 1804
1052 1036
2393 2528
3565 226
3943 2700
882 4785
570 1004
4960 3875
2451 1289
4488 2934
646 47
1518 4478
2213 168
4775 716
1402 3326
2213 1783
470 947
2296 4249
2651 2880
666 2852
4596 2296
4934 2562
2675 883
2934 2108
922 4001
2152 3193
3752 5
1332 3558
2474 3133
2464 4478
3124 2542
1553 4111
4045 2694
3706 1426
3391 3715
2995 99
251 3048
2650 4471
1751 1312
942 4646
3257 1808
-1
280 4935
2658 2292
1118 2694
4094 4477
780 3262
3007 4640
769 4136
3030 76
2861 4911
3874 5
735 3048
2826 3007
3976 976
2523 3519
470 1511
539 2270
1857 2366
2299 2651
1036 4512
1118 3825
1997 3642
793 3372
4501 4097
280 2794
4839 491
1751 4506
2794 1810
2474 2947
995 2863
4477 4898
4135 431
3715 4164
3397 1128
3397 4180
3692 1209
1412 2790
2995 2470
3326 4649
4097 4566
3468 4211
3067 3376
4341 2840
1511 3396
3446 4454
3885 2032
1332 1040
-1
422 2417
2292 3953
3825 4243
3342 1810
2393 2412
3580 1926
424 1014
4940 4180
2840 590
2947 4322
103 2464
3875 2922
533 4182
1141 3396
883 3201
3192 258
4244 3043
1040 3079
2863 3491
3503 4164
1723 3413
4520 2299
2802 972
3262 2646
2177 715
3692 2421
1796 1058
1700 1112
2741 882
4446 4834
3761 4236
1702 2700
1694 779
1619 2412
1827 3511
4041 4649
854 312
1197 1343
4821 1827
1783 3927
2997 3533
17 1016
347 2489
4638 2846
4056 735
2966 922
4682 4898
1668 3491
4208 4839
4879 2670
4933 557
3969 2466
3176 7
312 556
3543 703
2270 837
2294 2670
2371 3273
2177 3389
3758 4471
372 2923
2944 2964
4567 3446
2417 2004
899 4329
3201 954
3474 2346
2701 4520
2108 593
59 906
533 2149
4208 204
2466 777
4974 1191
2154 476
193 954
3927 4871
3090 1192
2366 2733
323 590
2765 3214
2414 3389
777 3240
4950 4596
1668 565
1381 3214
463 2820
2294 2098
1014 2431
3483 4950
2646 3320
226 2391
4516 4322
2799 779
4512 1928
4784 36
1808 2060
204 759
3644 3648
1329 1619
3997 537
3192 4023
4952 4335
522 1004
3041 4211
3519 1597
323 1401
3758 2465
1796 3478
2421 2653
4764 519
2250 537
2238 4662
2465 4988
3124 2579
1834 1141
1472 1887
2508 457
2653 2383
4009 2733
2852 4579
1041 4467
2121 522
519 2199
487 493
1667 1191
3131 2206
1880 391
2334 4041
3957 431
885 4567
2383 611
711 3342
1928 1327
2970 1637
3027 4136
3580 2538
3631 1401
1846 535
2745 1642
2098 1049
238 4952
1363 1974
3320 3674
188 345
646 3753
3478 4452
2250 2748
912 3071
3300 759
2060 1593
750 1723
3801 2508
4592 2861
4374 3079
750 4351
3563 1997
347 3810
1816 4662
1570 1834
2536 1381
4320 2451
3801 3348
4189 1329
4904 3533
4316 942
3528 3348
4351 892
752 1974
3570 3976
3340 3096
1571 391
4825 1571
843 2964
3839 593
4821 4257
4236 4253
-1
4316 4384
2121 4672
4980 3674
2391 3351
1364 2636
4516 3482
3043 1281
2152 250
2725 103
2802 517
3450 4988
1364 3805
662 4023
754 752
2595 4452
535 2669
3964 3482
858 3096
662 3120
2470 3129
4866 1049
2011 4384
718 3014
2154 770
923 2748
3837 3957
3827 193
4176 3240
1127 923
843 3834
1610 3014
885 3751
2725 4921
4843 3120
4521 3563
3837 4383
1502 4904
2529 3865
4980 2843
912 215
25 3030
711 3791
4116 2004
739 4235
4884 4329
2701 753
2438 4446
2562 281
2966 1265
1667 374
3760 4521
1265 4433
4056 14
188 3434
4592 559
1240 703
3907 1987
1115 2438
2648 2923
4641 2485
3351 2198
2764 739
14 2495
3450 2918
3503 3245
2977 2392
1192 4710
3805 52
3918 4320
770 2735
3753 2298
3827 4391
1200 3318
374 605
3041 4571
2669 1055
4311 3760
3706 1023
59 3966
4933 2067
2413 1816
2945 2067
3734 609
2820 1622
1849 2536
1622 3164
3631 1170
614 7
1570 1073
3693 4009
3372 2906
3528 3493
4866 787
3907 4027
4825 4547
-1
1750 1115
892 4282
2404 1849
4755 3822
4374 1564
4257 4947
2011 1261
1559 4433
2967 3434
1743 4027
379 3648
3437 493
2970 2463
100 4667
1750 4711
4282 4733
4917 2579
952 1261
4553 1240
3300 4982
858 2337
754 1756
2696 1743
1015 4189
396 4641
4711 131
2567 4667
2945 1669
2337 4840
3918 2573
1559 4595
952 2418
605 3742
517 1074
4102 2967
1015 4266
1719 131
788 3570
4871 3000
1055 2167
556 3127
1127 2023
530 1756
4113 611
4391 1066
4645 4696
52 2726
1502 3089
3932 2648
4440 3067
2799 4939
1884 4440
1472 419
3127 2115
3427 4682
1564 4462
4820 3483
4573 2274
4010 3964
2850 4571
4897 419
3462 3427
4775 3913
2023 233
3347 4467
4939 1394
614 88
2745 2510
2510 174
4102 3766
4018 4243
4010 1076
1170 2803
4116 3617
1597 4847
2686 174
3520 1593
4506 2297
4814 3273
2515 1010
4473 2567
559 3080
4884 4655
3577 4664
3488 4553
2842 3118
4714 3493
2200 4253
4366 2454
3287 1010
2981 4209
724 2686
2731 3520
3292 2735
1856 4595
2853 2463
2413 224
1394 1081
3287 4376
3766 2566
3485 1499
3791 929
1839 2922
3424 4672
2457 3000
4311 2681
724 775
4187 473
3712 2032
2167 499
150 4982
2981 2234
4207 4176
903 2297
1327 3848
86 25
1761 4366
2024 473
4784 3996
1515 2731
2234 2505
2495 3531
800 1076
3118 3743
4733 587
3424 3545
1139 4820
1691 761
4579 2493
2009 2206
2357 4897
150 4999
4868 3617
3932 4428
3531 1419
3332 238
788 3930
395 2392
3743 799
3488 1183
3765 3245
4220 2846
3662 2199
3089 2500
3036 2200
753 3013
1941 3027
2449 233
215 4372
4607 3013
2281 2357
2115 4702
3832 4473
2298 707
1591 3751
2741 1009
84 2281
2697 2493
4981 1591
3321 3164
4388 4981
3346 4462
1910 4710
3347 3571
199 2346
4607 387
4840 2617
4255 2404
105 4220
4704 3129
2843 3808
3414 2418
105 1279
1105 2431
118 3808
2681 3926
3810 1782
2850 4895
1183 4343
2573 3781
837 2229
387 1005
17 4071
4843 1792
4388 2499
4919 3822
3832 547
857 4428
2617 78
1343 2104
2310 530
1238 2149
2532 1139
2229 4766
396 401
3729 707
2678 4704
3882 4999
361 1702
1515 2057
4408 1023
361 3191
267 4071
217 2414
3034 4376
4814 915
4113 633
4547 2604
465 1319
3742 4663
907 2449
3926 3725
4926 3729
456 1084
3765 3789
3984 4702
378 2104
1910 3516
1177 1081
2564 2457
4936 3571
4077 2057
3187 2790
3838 78
435 3839
4919 3664
1680 2505
-1
2597 3034
3882 4064
276 903
985 4566
1839 4808
3841 1112
2595 4987
3033 250
1680 771
295 2499
1813 3228
1927 857
2597 4810
787 1288
4284 633
1090 1177
4042 4664
1669 2487
339 4917
3781 1316
2665 2678
3513 3462
1284 118
4895 180
363 378
4977 1927
898 339
3953 1715
853 3346
3966 3820
4655 1942
2538 1176
3554 3712
1921 1009
276 3730
1022 4408
933 4940
2807 3996
397 929
4847 604
115 3693
173 4926
997 4266
4771 3984
1203 898
523 1610
1732 1090
3282 799
1281 4051
1719 298
1732 603
2564 4263
2185 4808
1279 219
4645 187
3941 224
4557 3554
3848 524
1749 775
1479 115
-1
3597 1316
43 435
4111 1224
3238 933
4051 1561
1283 4077
2141 1203
1565 199
4469 2141
1436 4263
907 617
1921 509
1445 3820
4064 1925
3816 295
2524 363
778 3730
1856 1450
2697 3226
484 3930
2803 4232
1787 2807
484 2659
587 981
1308 86
4439 1565
1955 3191
968 4684
3967 3941
1749 1072
379 3398
3107 1224
1419 1459
1761 216
4663 4599
467 2009
2918 4916
4514 1319
3137 180
3793 2659
173 3721
3242 4343
2475 761
3755 4469
3226 2601
216 2611
1787 4312
1884 4948
1510 2999
3052 3292
997 2912
1066 1550
-1
4756 1479
4810 4675
2586 281
3879 523
3880 1072
90 2334
2576 2185
2487 2006
395 1873
4207 2301
4948 4126
-1
3789 1026
1737 1005
4841 1022
617 597
4372 925
3210 4714
3332 2533
4771 2268
4855 1105
968 114
6 2529
4987 320
467 542
3913 2091
826 1561
4947 631
4383 4277
4599 2248
915 4653
3020 2764
1577 1445
2061 4042
4841 4049
4921 1291
3315 1550
401 2243
1770 609
4531 499
1238 1086
1176 934
669 1955
2933 2248
893 43
90 4024
3793 1242
722 778
4993 4018
219 2805
3879 4698
1670 3414
2301 3749
669 2005
2853 3756
4766 969
4993 3624
3665 800
1767 4024
4232 3260
4681 320
1941 3903
4284 1970
741 3080
184 741
604 1528
3721 1122
3838 4928
3242 4979
981 821
1148 1436
2601 2974
1459 4748
1108 985
56 2533
114 1367
3260 2188
3725 3165
4748 70
1737 63
4868 3296
4681 1916
2277 524
2345 2912
3513 3172
1242 4149
349 1376
1074 2211
2479 826
3388 1450
1162 4916
432 3662
2126 2826
3238 4723
2604 2613
4149 690
2345 695
1765 925
84 961
1942 3178
4912 1367
542 4594
4594 39
2268 4968
4371 4936
677 4371
4600 722
3020 4896
3903 706
3665 3735
853 2187
2198 3666
3923 631
4338 4049
1358 4977
2588 4928
3187 308
4675 2754
4268 509
3754 547
565 1095
1670 4474
4872 2933
2500 1655
3834 3421
2147 934
2183 3165
4888 3296
4855 2895
3315 51
3754 1998
2859 3178
3555 690
4673 2532
298 4291
2649 3749
3228 2775
902 3172
254 187
3548 2775
1071 2754
2187 4786
1483 2566
3510 4126
4888 2673
771 4893
1270 2673
3398 1603
1126 821
2006 1454
2355 2588
3110 3545
677 3221
4637 3516
3421 148
4142 3880
546 1071
1270 415
2005 2552
709 1073
3032 4531
4291 1276
4653 1671
1715 2929
1113 3221
603 2829
4403 2859
3555 608
388 2479
2061 4749
253 710
729 1162
3864 70
254 3708
72 2552
4327 1288
4912 1043
1454 1035
1533 3864
2524 615
1018 597
3841 1439
3149 1782
72 2584
4338 4167
388 3983
1956 4167
1699 3967
217 3319
4142 4861
3664 1596
1276 574
1037 432
2829 265
4274 706
2905 1767
2197 415
4718 4723
2665 66
1533 2712
2497 3052
3137 2162
3032 202
2726 989
2593 1122
66 3290
4756 4270
4861 672
4577 893
455 1291
3107 595
1613 3388
1366 1284
1644 4327
2126 2921
2446 1644
3461 349
1437 4786
2649 3917
367 1439
1153 39
2162 2380
1671 1638
4846 4979
574 1551
3530 2243
51 1088
1437 1181
3110 3402
4968 460
63 4495
729 3154
1084 2951
4312 4423
2896 2197
3923 1321
1699 2766
635 4718
2584 82
2183 315
1037 57
3862 4439
1568 267
4717 4557
3435 2905
2321 460
2097 2805
62 397
3854 1308
2475 1886
4872 659
4830 4495
2097 2835
2896 2133
1966 902
1916 864
4893 1950
184 2116
2593 4120
1770 4091
2469 1283
2073 2355
4883 4846
2530 3548
2211 526
582 1088
4689 1638
1828 4474
709 4170
3666 4612
2516 455
1966 1068
148 1991
4749 2957
635 3184
4377 2024
4698 1151
1483 4407
3684 1148
2044 3735
4828 3319
367 2876
2921 4973
3816 4398
3708 1475
3732 695
1861 57
1528 1809
1171 3154
2797 582
3973 1358
4407 1557
4741 4398
1500 1970
3141 672
496 2133
3083 4277
2613 2326
400 3210
1613 2739
3059 1018
1496 2326
4399 1068
1475 1438
1373 2895
3874 1185
1886 564
2547 3684
3181 496
2247 3290
3609 2547
3076 2247
3036 4606
2908 615
659 3294
403 62
4066 3149
515 3659
3349 3083
526 3472
3624 3175
3956 2469
2908 189
3911 4673
1950 3891
1382 4973
589 3983
2055 1373
502 3917
1455 3059
2565 969
2739 966
1171 370
4074 1956
3435 1662
1153 2663
1765 1527
265 963
546 4944
2147 4332
3202 2044
1659 3973
3530 2927
44 1026
2320 3956
3912 1873
3912 2407
1185 112
6 3311
2320 3921
1155 2091
2696 2736
1991 4228
3294 2737
4120 2734
737 4896
88 1962
2702 3402
472 3756
4129 2951
4514 1414
2506 2611
3458 1809
4586 4944
2282 2277
1484 2929
1166 1662
3141 1708
3467 4403
2506 4953
4274 191
3321 1011
1086 4938
3437 3591
2288 4586
4883 2276
803 1455
1792 3356
3457 1557
1962 1592
1145 2576
4308 44
4577 1629
4268 21
2783 56
4600 3780
3349 2129
2712 2135
3076 2890
1828 1196
2968 1708
4612 384
3911 427
2958 1126
1551 4193
2751 1659
3921 1482
3854 1624
1624 2280
4717 4352
403 3168
3909 370
2129 2335
4423 2050
1414 170
170 3432
3609 2319
4741 2343
4074 2295
4738 2050
2295 1585
2554 1196
3445 4332
3804 1151
3597 745
4938 458
2304 803
3723 4129
2586 3476
3031 3755
4709 4308
3891 4822
4037 3804
4091 4138
2738 2276
2968 2146
1655 3163
3060 4170
1093 3445
2702 3278
1366 1092
2039 1181
237 1321
2164 710
4399 1233
2783 2548
3931 4193
607 4822
3467 3353
2304 1972
327 1108
880 2164
3458 273
1861 1355
2319 4486
3184 228
4903 3909
3163 531
1204 458
3582 273
3175 4294
1155 4778
1482 637
2274 983
4828 2730
2870 983
4200 2737
4617 4903
3668 1568
3356 106
2927 1822
243 4617
2974 1786
3954 315
1233 4215
4689 338
3476 3786
2380 2040
1654 3031
2176 3954
2040 1567
4441 2321
2565 543
2073 688
1656 2835
1549 3457
2282 2699
4829 3318
3931 3404
4830 3227
384 3138
338 3362
3404 812
1204 3498
1975 1654
4217 502
2758 1095
1382 1897
2161 1603
65 4738
2797 4256
1964 4352
3813 3582
984 4255
4221 21
767 3138
2699 2811
82 3681
1972 4445
2530 4776
3942 961
4732 3278
3769 202
2614 1093
1408 2146
1585 167
595 1896
4530 984
1236 327
2486 3168
874 1236
2014 3353
1100 1527
214 112
4245 608
3004 688
3780 75
1847 864
3591 4415
386 2188
4095 637
2288 3991
4750 243
3914 3991
4590 167
191 2302
365 4245
2361 3461
4643 365
2876 2520
3769 965
4088 2906
2877 3813
4590 2324
214 1912
589 738
2734 155
246 1035
4095 500
3862 2845
3559 2280
95 1592
500 1346
2343 2384
2439 1496
2870 1462
2372 1355
1228 2135
2310 4790
989 1150
1724 4750
3380 1724
2511 308
65 287
2302 3846
3640 2758
3681 2971
4732 3200
1389 607
4461 4215
3181 2605
4953 2083
2998 564
4365 4709
3358 1822
1256 2605
4790 412
738 4560
2845 3112
2127 3914
2724 1389
874 2577
3998 4365
531 1471
529 2014
4728 2335
745 404
4302 4415
4829 4422
3479 2486
2216 4377
1061 2439
1549 3667
1660 2724
3502 75
3021 965
3877 4221
734 1567
1660 74
1998 40
4728 3568
2329 737
4485 3004
22 4256
1932 4422
466 734
880 4760
4854 4530
810 1629
1011 342
1228 1681
1256 3464
2516 4195
1925 4804
3667 919
1881 386
106 4482
3345 4854
2940 4760
1172 4461
963 4324
4005 3033
2176 4510
2216 2684
4560 3258
1932 1740
412 2462
1403 3227
1681 4223
4958 3732
2548 1573
1057 342
4502 3200
3846 1546
3640 4339
4339 640
2738 3852
3023 919
2384 550
2109 1057
4485 579
4804 2941
3479 3473
4090 4958
-1
1488 3258
3060 2768
2730 712
4166 3502
2318 3362
644 2663
4803 3877
4793 4445
40 1634
4066 1939
2885 22
4637 2862
4184 1634
2865 466
2885 407
1656 2936
2347 1847
3873 1740
3180 812
1166 438
2736 3553
2497 1165
640 2455
3723 1595
2286 2684
644 3746
3942 1726
3981 1573
155 1253
1519 2865
4088 3270
550 479
1438 4385
2490 3345
1537 529
4486 3410
228 1868
3978 2862
2910 543
1403 2982
1407 4166
2998 4093
371 1346
1726 1688
2069 2109
1897 4000
3384 1145
2397 2941
3844 4803
1992 4482
352 2462
3806 438
2137 1408
1881 2635
3270 687
472 2707
3410 2881
3180 3058
1092 868
2768 4633
1807 3112
585 4793
2957 1218
3870 3464
3358 2128
246 2159
4138 3233
1546 1069
3788 74
810 3589
102 1688
2116 3333
2554 1692
1462 4892
4818 4502
2751 1982
1975 3387
1113 4671
914 2490
4294 3256
337 3443
781 3998
3510 1936
2324 904
3456 3746
2980 1150
2971 4932
2836 3333
1069 3409
1161 2347
4213 2890
4261 3058
2549 3256
1201 2877
1488 511
3335 2446
1494 1407
3047 3473
479 3575
1537 2504
3863 2560
2498 3047
3852 2594
-1
4188 1500
4106 712
4037 1604
4809 2980
3387 3977
4809 2943
1519 4813
1494 4631
687 4202
4385 3169
77 4302
4932 2556
924 427
4776 2518
1135 3335
1566 2329
1161 1357
686 4631
2351 1912
4857 1964
2290 3456
4228 4494
4603 781
4811 1791
407 1552
544 3233
-1
1992 1504
1868 3635
2520 3492
3283 1357
2777 2511
1253 4986
3277 400
2372 3261
3575 2625
904 1062
1132 1061
4564 3202
2828 2397
3572 1510
2305 3492
966 3350
3635 1872
3869 4217
1596 2253
1872 2608
2128 3574
341 4564
3981 1365
2958 1803
3225 352
2766 1929
2973 341
3068 2039
1838 579
4505 4857
4184 4677
4261 4913
4223 3727
4606 1665
1882 3727
1050 4090
2305 4036
37 4324
3610 1604
2556 3547
1484 2007
3498 3952
2836 4549
4188 1379
3869 3946
2160 3788
1144 2608
4213 4409
3559 4886
4913 2336
1924 3873
1144 4381
4510 10
4818 1008
1504 3935
2150 868
1929 652
1936 1990
2707 2762
1269 3380
2059 2982
804 4671
2777 3073
3902 2518
1990 1146
1365 4152
686 3887
585 1935
1443 3169
1043 866
77 681
1814 2614
3806 4797
4145 2936
2625 4046
1754 1552
1748 2881
988 37
3444 866
3859 3547
4194 3472
171 1100
1801 2762
2083 4154
4270 2525
3160 3225
1693 2560
2847 189
4470 3021
2286 4623
767 3963
1786 4670
3672 3668
3068 1295
2525 4608
3741 4505
2828 1687
4860 1443
943 4441
861 4494
1803 4490
4457 3282
1672 3887
1896 4581
297 652
2943 2233
1235 2055
2127 468
1434 1132
4476 2161
1980 4549
1628 4490
1924 2917
1201 851
443 2007
50 1062
505 1882
1356 2910
4342 4036
1779 4202
4608 4998
679 2455
2860 2577
3847 3859
943 3101
1632 4152
277 1754
3370 2594
1172 3990
3314 861
462 10
681 2389
796 4046
3870 1440
2076 924
3963 4970
4081 2233
4603 3116
4615 2847
4181 4081
-1
3155 4886
2132 50
462 2375
2834 3568
4419 4194
4117 1807
4523 1935
4470 1159
278 1801
4899 1577
4524 3155
1411 3023
4013 297
1325 4633
3370 1512
3099 4145
3160 4768
3024 2940
4192 1628
3741 1391
4117 1984
1471 3992
2420 2059
2179 287
2179 2769
137 443
2361 1614
3990 3678
4524 1716
2420 4103
445 1440
4103 3259
1099 1980
1442 2769
2076 3170
277 185
1269 177
1947 4476
-1
4013 4984
185 413
1333 4409
1137 1512
4986 2657
2338 371
3610 4661
4058 4661
1235 1609
3384 335
2377 3935
1008 2630
3771 95
2253 2993
544 1505
3316 3847
2878 3978
1137 1342
2873 1411
2657 4658
1982 4425
2338 867
239 4797
1838 1522
404 4242
2 3992
2132 3323
3323 1075
660 3073
4242 3552
3277 2904
4058 2344
4563 4998
4392 3259
2193 2375
4658 4276
2527 4813
1748 2433
2259 1356
175 1632
1218 1315
3316 1249
804 1077
3444 4358
2328 4106
2046 3786
1391 2476
2640 988
685 2873
-1
1406 4342
3889 4623
3750 2290
1165 231
4867 4000
2813 445
4276 3652
1345 1099
3858 2527
4970 4777
2705 2860
4069 4195
4565 102
551 237
3101 4759
2158 3409
-1
2878 2293
2759 4425
1077 4788
3672 4683
1146 1230
4720 551
94 1665
4200 4644
3382 796
45 1522
1692 2864
1647 3314
3099 513
4949 4892
1908 3678
3952 1855
4581 4347
1259 1333
2743 2759
468 3770
3652 1915
661 3750
1434 198
137 4656
278 4131
3350 1371
2134 2811
3469 1947
3261 3532
3212 2630
1302 2433
2328 454
2498 3623
4802 2150
2907 685
1779 4570
1958 4358
4154 2021
1517 3589
894 2640
2743 4466
171 356
4951 1371
3771 398
448 4788
1918 4984
448 1862
2376 2504
1287 3283
1609 2209
2476 2851
4565 1901
4768 2563
4615 1024
2637 4069
3546 3024
4216 1075
1398 1345
454 3950
887 2376
1259 1513
4570 2353
513 1772
3366 1614
3546 3616
4561 1398
1138 2377
4127 4131
3170 1119
4759 4089
4644 18
602 3212
3394 3946
4457 1372
577 4392
4493 1566
1753 3116
1315 4716
175 4362
428 1901
1595 3104
2031 2259
1814 3239
2930 4670
1271 2021
3552 4674
2778 1159
1939 1415
1406 814
3394 306
602 4112
1918 2322
61 3574
398 1521
4677 2557
3281 2930
4192 4827
2209 4313
4493 797
1949 2813
1647 2661
4038 2563
561 851
2293 111
4625 2661
4693 4899
2031 1514
511 344
3616 4233
2111 4466
2336 3607
3146 4951
1415 3248
2637 3174
2569 3977
911 814
2993 1563
4434 4233
1695 2973
3842 867
2494 4867
1024 3306
795 61
3812 2
4860 2480
2679 306
2727 1230
2069 2903
4541 4827
847 4038
4005 230
3790 4112
4362 4536
1102 4643
4134 577
3611 1325
405 2159
3553 2676
1649 3844
1135 4453
4523 1211
1908 1797
4205 2160
3343 1379
1158 1687
4480 1050
2158 2868
4205 4700
2621 1342
1309 1102
4693 89
4736 1695
4625 3019
1505 3179
3432 1859
1334 2778
1263 1249
164 1915
139 1563
1716 3005
1268 413
806 1302
3986 1158
4483 894
4453 4125
1442 1689
4472 2705
847 1769
3343 4844
4174 3306
4096 2134
2344 2348
2217 4536
4174 3855
3179 3188
4089 4838
4181 3884
4134 4859
2779 2137
3174 4687
2048 3104
4719 1769
4656 4964
1735 1521
2095 4125
4716 2822
4778 1760
3842 68
2864 4685
2153 4483
2917 3900
3858 4451
1855 4405
4719 2029
891 2029
890 1760
2088 3366
680 111
1798 806
1241 4419
3908 4838
2990 561
2289 2990
4472 2254
2727 4032
1457 891
1825 1689
2822 2272
124 2111
3768 2322
4635 4674
177 1225
749 2318
4685 3274
1378 3902
2088 2598
2854 2095
2779 3103
3948 1295
1268 13
4298 3623
13 3537
3140 1798
410 1241
4753 3382
911 1349
4591 3469
2275 231
1753 1195
1349 3767
1334 1198
1306 4591
428 4179
4652 2353
836 1958
2140 239
28 4179
3527 3311
3188 4487
1544 661
1514 3738
28 2033
4859 1109
4657 2851
2598 560
1361 3884
3818 4216
887 3158
4313 4722
3463 1361
-1
4043 1306
4480 1894
1899 2549
3486 1862
889 2834
4210 505
1772 762
2987 3948
1672 3055
3500 2275
4405 801
3986 1311
3325 4753
1995 89
2676 4837
3003 3950
2534 1859
2868 3001
45 314
442 797
186 1457
4647 1735
3774 4096
3906 3532
3146 3508
442 2123
354 2348
4541 986
2638 3906
2904 2138
4890 1517
1195 2251
3508 2350
1937 1378
4104 139
4252 801
3900 4807
2685 4683
335 3717
3774 2647
3196 4298
3738 1979
3055 4972
4572 4700
2752 1198
1797 3454
2325 2350
1747 1309
461 3537
4412 2492
4800 1544
-1
3767 3573
4688 1119
230 4178
4210 3135
889 994
534 3325
2140 4815
1984 2070
888 1311
4652 776
1427 1211
2635 4852
356 1481
4647 1461
2325 1973
4800 1387
3611 3367
4130 4890
3661 4252
1481 3579
3776 2621
749 2897
726 4815
3223 3768
373 4563
2079 888
314 2899
1894 2191
1285 3486
4404 660
2008 3889
1246 4381
344 794
4347 4044
2048 830
1780 2534
1225 2224
334 2193
4044 3542
2572 680
4301 1271
1562 1287
2907 4997
1989 1387
1033 2191
1305 3005
1819 4972
176 776
-1
726 2956
1453 4572
1853 4844
4657 1509
4281 914
1453 4204
1949 288
1509 2541
2142 4720
2494 4930
4086 830
2408 1562
-1
1427 842
164 3928
4370 560
4628 4281
1979 2072
3082 679
2224 1923
2571 94
2647 1869
2987 2365
886 3463
2899 2368
2557 1344
4032 4545
1138 512
3313 4086
2574 1246
2437 534
1285 492
512 2519
584 2519
55 2251
1709 4487
1780 2236
2919 3790
4370 4271
994 3379
492 3562
2407 4006
901 1923
2341 1869
68 4695
2428 1513
4687 748
3097 748
124 3621
4945 842
3910 410
2999 161
3566 2571
4451 2687
4699 55
3239 2434
2123 1017
3560 2070
1054 1819
2079 1535
288 2582
4178 1645
2389 310
4171 4628
4436 4404
1631 4130
3579 2181
1773 2408
1995 2773
3908 2795
2671 2638
3770 53
373 3109
3289 405
1430 2541
1033 4054
2272 1547
2752 292
3001 4237
414 901
3818 2874
421 3158
3153 18
2237 4171
4115 3196
497 1054
-1
2569 2367
1217 2854
4736 4708
4949 2090
4014 4127
2236 2103
2394 4093
4227 3607
4870 4237
2365 3075
4006 2291
2444 3500
1422 3855
807 2368
414 4158
332 1645
2685 2258
1503 4436
2858 1305
4964 4017
2203 3153
2473 2203
4708 809
682 1109
1372 1124
3928 4740
1469 4997
2103 3285
2374 3566
807 4047
53 104
4218 1747
829 2773
3140 3726
2913 354
-1
461 206
1324 104
2606 3103
2480 4029
1532 2858
4301 897
4444 4047
4204 1463
2897 316
3815 2181
3135 4307
809 936
2517 2437
692 762
3639 2289
3430 2582
1474 4434
3736 2956
3223 1758
3281 527
684 986
3105 3075
1474 1788
2090 696
4848 3019
4695 418
2314 3776
1473 3109
3736 2612
2142 3697
2795 504
4807 3506
4104 146
2919 4995
588 4837
329 1853
198 366
1548 1503
125 3105
3035 4722
886 4742
2314 2342
3361 497
1548 294
3812 1446
4966 4995
279 1446
592 1017
2473 2013
4686 310
3274 4156
1937 248
2428 2260
1344 2788
1555 125
2074 2008
650 4930
206 1396
3527 2962
1631 760
2349 4802
2390 4740
2374 3403
870 2903
3975 2679
794 3338
2138 1347
4561 3166
1323 316
-1
2201 3542
1396 2809
2254 1860
1030 692
2574 612
4115 2106
2781 2260
1664 4545
2444 1736
3726 23
4609 1532
905 3035
2606 2898
2342 3857
4029 4902
2217 627
2349 480
4777 1094
1039 1469
3125 1094
2901 2962
3088 795
2996 2809
936 2695
3088 2278
3289 3744
4511 332
3637 4227
2695 1985
4635 1710
4724 1736
1030 1492
1943 2258
2291 2436
1157 2898
3562 4789
3857 1215
1136 2517
2620 2913
3115 890
1676 3361
2237 3072
446 4609
4416 2612
4598 2153
3454 3814
2814 4416
96 2572
176 979
504 2866
525 1463
3364 3815
2677 1263
3125 3211
4598 4779
4582 2394
3745 4724
1324 849
4271 2978
-1
1555 643
3100 186
3072 3106
4551 2351
2390 1920
4033 905
11 2814
1368 2046
279 4450
2118 23
4966 4190
4699 1067
1773 2092
3367 951
2201 4542
3637 4186
1922 4779
2914 3285
1758 3337
979 4012
3433 2074
1067 1605
4373 584
480 4380
3717 583
2677 1705
4582 2266
1492 4079
973 366
2196 973
2652 3166
3975 113
1473 4548
4307 694
3888 2781
643 1633
3910 4730
870 2607
3113 1535
3248 321
2373 4848
-1
2189 4186
4730 1636
429 3113
247 527
1920 4050
3379 1400
3009 897
2196 1794
2106 1959
2620 2882
3466 1323
4688 621
3337 4909
1347 1262
2887 3573
3745 1841
24 4158
945 1676
1523 1605
2043 4945
2092 2926
4218 3268
292 4773
532 1860
1422 3241
3763 1705
1841 3
146 1682
4190 2101
1157 3077
11 4367
2436 406
682 834
4548 3925
4605 1636
2559 583
3453 2434
3618 1922
4965 1899
675 248
4458 2341
4833 849
1215 743
3213 4909
4012 4368
554 1136
2976 113
2776 836
1217 1350
195 321
1825 1643
694 4697
743 3070
1368 2156
1039 1575
1643 4306
3639 4622
2607 733
3002 421
3142 334
3433 2105
3364 1953
896 1575
3608 3115
4156 4962
4373 236
4450 859
33 2266
1430 4639
2623 2033
2770 896
1788 835
3661 1556
4770 3618
1701 684
4314 247
9 4014
3646 4306
588 3583
1169 525
1686 4380
3108 3213
329 3395
3198 2189
2623 3339
3814 1799
4954 406
3904 3925
2012 4789
1400 4705
1733 2043
3878 627
3003 2531
1254 2770
4319 3608
3426 2012
1244 4367
3338 1625
1274 2914
2101 2063
3207 4043
3142 668
4627 3009
4279 3198
1536 4033
4894 236
4168 4962
1190 3207
1875 4368
2543 859
4168 4905
1190 2553
3395 3809
4279 3185
3775 2367
495 1710
3307 2887
3453 2983
34 3108
3268 303
2027 3646
2369 2926
1794 3452
3697 3549
3583 528
3086 4551
1530 4965
4686 2756
2456 4894
4751 4605
3460 3077
495 4432
4246 2373
3208 834
3878 516
4054 4956
4296 3208
4147 4697
4543 1461
1973 514
1777 675
2369 223
3809 4642
4616 2996
733 4379
2553 3979
3430 1110
1733 4361
4048 1244
1600 2105
4705 293
166 4833
3313 1187
2983 1582
3802 2901
2874 678
3061 650
1686 1294
4812 1625
1468 2027
3211 4357
2589 2278
1590 1556
4017 817
4773 909
2866 4140
1254 1336
1714 4140
1536 1850
133 4956
446 598
3703 3185
1336 1087
4147 3872
957 3549
1149 1262
4078 24
514 1866
166 3385
678 1720
817 1811
1169 872
223 3334
4246 569
263 4314
554 4424
1885 3
3339 1164
3061 3740
2559 2064
4317 1777
4197 1110
2064 4353
311 1274
2788 3308
3407 1649
668 1558
4078 1891
1175 612
4622 494
2513 1175
429 2610
2409 1720
3307 2089
1243 1087
3596 945
2823 1164
4229 34
4519 3460
4458 2815
1590 4148
4022 3744
600 2543
1149 4155
696 3594
2155 3097
1948 1866
1633 948
3596 2440
3186 4424
3740 2099
494 2401
269 1350
-1
773 4444
4098 1523
-1
1468 2626
1875 3792
119 2671
157 3241
600 4247
1843 909
3783 4542
2787 195
1560 4519
1600 2171
4751 4900
1558 2364
2976 4475
67 4098
4050 2264
4967 4048
4357 4241
4556 592
2409 4504
1582 1718
2626 4333
3070 4715
3082 3958
330 418
154 96
1530 1047
3436 4247
3800 2364
-1
269 4929
2787 3255
818 1989
848 1243
3308 4297
3621 2634
2010 4770
4905 4492
990 532
2664 3452
4063 3792
119 362
2823 4660
2010 4101
1103 4812
165 2882
1661 528
2652 3143
4703 2013
1173 990
271 2610
4963 311
4639 1098
4491 1701
3876 2155
3784 948
4039 3775
4079 1755
3787 4101
1047 2900
4063 3830
259 2171
2118 4080
355 4556
4491 1821
1799 2312
3407 377
4967 2130
957 521
420 1560
15 355
3876 4431
2089 1673
157 1470
9 357
4627 4118
516 2975
1493 1682
3106 489
3655 4492
1173 4650
4196 569
3999 1103
3627 1124
4226 357
2589 3593
3594 2107
872 1184
1260 3143
4588 3086
3872 2720
3093 1187
2264 4634
3299 1959
580 1718
4201 3466
1304 2130
1837 4852
1697 4241
1180 4660
1821 127
992 3403
772 2401
408 15
3561 4361
1762 4902
2513 3243
3418 133
4929 2194
4039 4295
4957 2312
4562 3904
3299 1226
2815 4666
4128 3436
1837 1320
2900 3867
2114 4201
3173 3830
4954 211
580 4262
4900 1677
2632 3979
1714 2395
4128 4124
4504 3994
4593 4022
1116 4124
2441 3173
259 3145
29 1294
2025 3763
2481 1948
3614 3787
362 1598
3802 1299
1441 3426
2891 772
1180 2728
2072 4464
1116 576
1441 1906
3276 576
1661 3654
1304 4437
4870 2909
1002 293
2771 3385
154 819
4262 2965
4328 2025
2440 3417
1673 3271
2496 1891
4580 3100
2359 33
3161 2975
29 1431
271 575
3186 2190
2706 3655
1985 3933
67 3507
3600 3243
2756 142
4666 2354
2450 848
3062 1184
4196 196
3449 4475
2354 433
3485 3443
740 2496
2952 489
4155 1245
408 3586
4611 2194
3334 4668
2591 2891
3561 3630
4283 420
3602 2063
3630 313
4616 2205
4925 2190
1307 142
1397 4432
486 1431
1432 4611
3449 1678
3602 4694
1212 1678
4765 211
2395 4758
-1
3994 2285
4534 4715
4203 165
4080 3886
1351 2107
2429 4642
819 3230
1104 127
2192 621
4630 4229
1351 3217
3422 4283
2622 4296
3971 2632
1320 541
1002 3132
1098 2309
1413 3145
508 4630
1152 2720
1397 3883
4118 172
3271 2117
4437 4250
3417 3263
1843 4417
563 1152
2458 3886
4197 4287
2622 4206
1840 4148
1064 1260
2227 4417
4957 2460
713 2099
755 4511
3477 1104
992 3821
2872 3276
1840 393
3117 3560
1529 2458
1677 2641
4758 2144
4734 2227
377 928
4075 1906
1369 1850
205 4287
1889 4203
2772 1245
263 2125
4206 1960
3139 3117
3507 1776
3593 3690
998 2909
1064 222
205 774
3230 4752
740 255
4317 1933
1697 1541
2460 3764
1432 3301
2450 3799
2771 832
4765 4053
30 3883
3703 4799
917 3888
3970 598
521 1879
2484 2144
2484 1318
3638 2205
4326 4075
4925 2113
541 2631
1784 172
330 3710
3778 303
630 4703
162 508
1107 433
4508 222
4303 4226
3586 1111
4333 1174
4546 1755
829 4513
1386 4250
3477 1044
4580 3504
3301 720
1362 1044
1943 209
955 313
2952 138
393 742
3189 4295
4289 3217
1206 2481
4053 1029
1885 932
789 3783
3638 3134
331 774
4021 3958
3062 3411
4240 2978
3540 998
2711 1709
4479 1362
3985 3784
257 4593
3487 4289
4265 3540
3159 1879
4734 1354
1107 135
1497 486
3759 2192
630 1820
1497 1606
917 482
-1
1354 1120
4442 1784
3821 2442
944 3263
4258 135
3291 4963
3641 3759
2117 3831
2456 3126
2169 3506
30 3309
575 3955
1762 4400
835 850
4668 3588
4481 951
3253 1820
3451 2285
940 1470
2114 3331
3831 2094
1147 4742
3126 3939
4508 4150
2960 3309
2244 4799
2692 4481
4706 2309
4588 1698
549 4265
3632 1547
1111 1314
3939 3081
1999 713
3081 3199
1330 4400
2641 3675
928 4348
3962 3999
1812 2429
3159 1223
162 1826
3199 1721
3663 2711
4328 555
2706 2744
742 1083
4410 1299
4431 4754
436 1721
2763 3971
4070 2442
1525 4348
720 2546
940 2330
2856 2631
1506 4650
1934 1493
958 3093
1776 1399
3002 3064
4976 1598
331 4798
4258 1489
2136 773
4410 4122
3051 3955
1543 2094
4816 4562
2244 2924
4729 2872
4143 4694
2687 2308
2776 317
1174 2424
2531 1830
3690 978
4119 2772
3451 4420
4976 3167
4729 4620
3933 3495
3369 1226
3422 3130
4259 4513
3868 257
2763 1001
944 4499
2575 4546
1318 4584
3298 2156
2316 1489
2491 3130
4150 4923
2415 1525
3985 698
3495 708
782 2415
1369 1739
262 1083
411 1147
1934 4539
-1
2793 1314
3653 1223
1606 348
1206 982
4806 4240
832 1272
209 1848
1543 1085
4794 255
2066 348
482 2521
4420 619
3139 2382
2303 4143
1330 4463
3719 3800
3206 1272
4406 3189
708 4031
3938 3253
549 701
747 3938
369 2441
2603 1029
2051 3764
975 3675
2356 2303
3685 3291
1001 2425
3167 394
1032 958
3411 4533
978 4721
1202 4634
1826 2461
178 3051
2591 2087
1377 2793
4378 4923
2784 3600
4996 3255
4435 975
4378 1802
825 698
1971 2575
938 1664
2148 1202
4379 2472
340 2924
3868 1900
2214 747
3134 1641
4073 2066
4484 4620
3015 4479
1960 4061
2715 4031
2204 411
317 2045
1583 4533
702 2087
1848 3626
3369 1867
702 382
2723 1120
60 755
423 3504
244 3653
3298 364
4798 4943
2472 1651
3663 3564
2225 3015
2503 932
1529 1845
2425 4364
760 4414
2308 3525
4915 1506
325 4073
1541 4864
1971 4874
364 98
4874 4873
1027 1583
4326 399
1212 3682
955 1996
2056 782
3796 4119
4260 2359
699 2214
2664 2545
353 1889
3218 3588
91 4534
1409 2965
369 2182
1824 423
2784 2600
1231 3487
1413 1576
1812 4725
2459 178
229 2424
938 1940
3418 4735
200 1698
3962 35
641 4806
4406 2360
2125 2145
3419 3626
2360 4199
4831 353
4061 4583
869 1867
1 1824
4725 4763
3576 1409
1845 4087
3132 3679
4019 2356
3218 3010
1534 3710
3206 2406
3685 629
1996 1229
3331 296
4427 2491
3419 3406
3556 2728
3585 200
300 2145
1301 1953
3970 2568
340 4782
4735 1913
4484 2086
261 1301
4021 4355
4706 731
2654 4915
4463 4727
2931 2182
4721 4908
3304 2546
296 927
629 1025
1586 563
1586 4025
2852 4988
1329 4634
4802 1640
423 3326
387 4892
4449 39
1048 2510
1947 2046
770 2673
378 2971
38 3920
3055 1743
4710 2080
1031 4662
3782 2499
3878 417
1268 1169
497 3853
2326 2693
2321 2981
1553 3359
3951 1630
4163 3728
4631 158
3870 2300
307 4011
4865 862
643 3909
-1
132 4553
93 2023
4796 2195
1139 2885
1433 3944
185 1796
3494 2719
274 4408
4026 1788
3469 1188
1559 2318
3946 1588
732 4691
1712 4386
1184 4903
4819 393
4286 2768
3814 514
3312 1389
2633 4996
2132 983
1311 4087
2953 1441
318 2305
3593 2953
2908 116
247 4867
1578 2916
4847 3584
1057 1752
2178 3629
1144 2567
3182 2019
3041 4512
2165 3921
277 2251
131 2409
4418 1971
3486 1062
2680 246
495 1633
4226 3884
2430 692
2907 4629
4555 2829
2632 294
4908 1898
978 3388
192 303
2235 21
132 2606
2425 1977
2051 390
875 498
3507 4932
4378 2437
2968 3690
1060 3139
4932 1187
3721 4928
3946 2114
2714 4547
1149 1582
2134 3590
1212 796
4035 1396
4335 719
1046 746
4491 110
2136 3417
471 3585
2066 1090
95 4683
2236 2036
1575 519
1131 274
206 4215
3746 2319
4885 3919
2202 4698
4969 3890
1210 2234
-1
