20000 6252
1446 4022
3900 14909
4019 9817
19192 1446
9723 10664
1446 16967
1446 9839
12747 16991
5408 4986
19538 1446
6659 1446
-1
9555 1446
1446 10482
9249 3023
11665 9824
5724 1446
1446 4030
1446 8117
1446 6469
8124 12415
3955 8828
5144 11675
702 9824
7170 10399
3132 7373
16504 1446
7331 15261
11147 10750
11240 8283
8196 12730
14539 11294
16984 3006
1446 19809
1900 1446
9995 10197
2255 17197
5042 1446
1343 1446
8588 1446
4697 1446
1446 2386
1446 2924
11997 17076
1446 15654
2784 4401
19698 18715
14430 3771
854 1446
1446 2233
1596 18765
1446 2282
6729 1446
5792 10942
16257 19081
2353 12746
15961 19559
15654 14515
7171 16447
6216 1446
1446 13706
16477 3260
1446 3886
13232 5640
16677 19278
443 18913
15761 7752
1446 6183
5295 10009
3868 1446
10202 1446
207 8545
14682 18840
7921 1446
12787 1446
6261 4846
8419 1446
3122 17288
1446 17159
2267 1446
13393 11831
16875 1446
2464 1446
150 1446
16216 1446
1446 10567
1446 6547
6094 6744
9433 10083
1446 18110
8992 1446
1446 3119
13631 19965
16827 2782
1446 4127
1446 5505
15558 5411
1446 16304
7225 1446
9650 7529
1446 5331
-1
8617 16276
17316 18777
10087 17588
1446 5764
1897 3651
1446 4532
13737 1446
11349 14083
1446 5582
3967 1306
-1
5520 5721
9398 11946
1446 13428
520 14630
1291 3886
1446 14232
2427 17983
13233 1017
17370 10834
180 4116
4061 10691
10170 3806
1446 16589
19443 19998
15268 10927
1446 11380
8899 19964
12660 1446
2247 1446
7749 1446
9981 1446
5325 11847
3165 17001
9258 1446
1446 2134
15334 17511
1446 2679
7888 17489
11698 1446
1446 10796
11283 1455
8452 12691
19189 11811
1446 3263
7033 4632
10801 1446
4941 14466
10030 1446
-1
1446 9384
17046 13860
6157 1446
10769 18743
11526 8809
8870 7962
14276 2904
1446 15651
8228 4257
17796 3999
10896 3433
18949 11247
7373 10421
10096 13660
18502 7633
1446 2012
17651 2653
1473 14996
1446 9349
12049 11842
13675 19151
12714 12272
7619 1446
13676 1446
697 3809
1446 7532
7939 6406
1446 9755
11356 17184
10454 5444
1446 12953
5452 16859
18052 1446
7889 11294
13102 1446
3053 15994
18653 1446
1446 12760
1765 3595
15605 8092
1446 12141
15955 9724
10002 1446
3023 1446
16859 14031
19677 9406
3902 13834
1446 9699
16036 184
10810 8704
17415 17855
11712 1446
15960 13872
6895 10356
1446 5382
1446 18187
8745 1446
219 6217
4907 17143
1446 7027
3381 3209
1680 1446
4363 19339
19317 5507
15240 2679
19188 14257
1446 4178
14894 1446
15004 1446
1446 458
12867 1446
14378 10898
3621 2812
12479 1446
4015 1446
11366 9496
6295 1446
1446 12765
3015 1446
18388 11040
10241 13422
3165 3539
7689 5161
18191 1446
7474 15735
9853 4183
350 16875
2832 2787
5840 9699
80 6559
10711 9123
15613 1446
15602 16580
1446 14362
1446 17690
1971 1490
13585 6798
-1
8323 2476
16227 13797
2194 14270
4545 18655
1446 6492
1166 3122
467 1446
14790 1446
1446 18671
7003 13024
19188 5758
1446 9709
8507 1446
1446 13080
1446 6907
17431 14314
1446 839
17077 9603
15322 1945
5765 15052
11081 17892
1446 17106
5427 4376
18737 8507
9060 2012
1446 5409
104 7701
1446 6903
2575 9798
5395 12493
1446 8208
1446 5561
15540 1446
1662 1446
13024 1446
3112 11722
1326 175
8452 1446
19064 3175
7941 1446
1446 15003
1074 1446
13272 11025
1446 12360
2194 4673
1446 9995
18350 8208
15178 19155
10847 6976
7474 3603
8492 15266
1446 13161
1446 7502
1446 10424
2923 1446
1446 15988
512 11336
14232 18202
9512 1446
6769 4934
11128 1446
9817 12787
9354 1446
17870 13540
1446 5609
17940 1446
6781 1446
13694 1446
11628 1446
6174 17091
19378 2210
3567 12750
2903 8213
14044 1446
11308 1446
3485 12007
13797 16066
4802 16470
12415 1446
1446 14589
-1
4398 1446
6825 1446
1150 7308
17217 14956
10592 2553
17113 1446
9024 14848
1446 18881
15788 19383
1446 10606
14627 1446
2100 1446
4724 1446
18913 13061
11973 12513
19444 9074
13524 9715
7251 549
1263 10520
3778 1446
12523 11386
9694 1446
13973 5289
10644 6515
4801 5133
6515 1446
1446 16513
1446 9305
6936 13574
1446 12633
-1
19206 1446
7265 15993
-1
8766 12135
16524 19639
15017 13666
18452 10590
14145 4600
1446 916
5394 9456
6551 4952
13910 17731
8515 14054
4251 17582
18048 1546
1446 6787
6659 7447
1989 9615
7769 1446
18738 1446
15860 11948
9903 11009
14996 1446
1446 18013
1320 4096
1919 1446
4768 17025
17834 14750
1446 12250
14434 1446
9243 1446
14708 17742
14602 12920
7841 18856
9972 3309
18629 15833
11233 15233
1446 1644
2601 6876
4862 4681
1446 8604
7104 13966
13585 2927
6391 7414
706 2028
1446 11526
17841 5217
3788 1446
8130 1446
17252 7958
11619 1446
11310 15306
1446 4606
2381 1498
1446 11472
12822 1446
1816 15578
17978 1446
14549 16205
2812 1446
19427 17128
427 5289
1446 15847
4315 9162
8137 10429
1446 18343
10303 15875
9582 17568
11001 1880
-1
1446 11149
17048 1446
9166 5794
16847 8177
17187 8278
18331 1446
3577 12616
2885 1446
12540 1446
7821 5409
10852 1446
9882 9654
1446 1622
5307 14192
1446 6
1446 11943
1446 4949
1446 4358
8433 4257
4373 1446
2230 11922
1446 7218
8654 7145
1446 8421
2099 1446
17281 1446
4737 5497
16691 17804
16322 1446
4311 5027
13856 1446
6257 445
15900 15100
18737 945
7327 12488
18433 5721
7189 1446
417 18786
13519 14331
774 11780
15091 12643
1446 17532
12953 9696
1446 5978
1446 3459
11076 15830
14452 1446
4560 1446
1446 16764
18874 5091
17057 19461
16436 1446
9329 11539
1446 13141
1446 3013
1446 6863
1446 8341
12821 1446
10406 1446
1446 19598
6547 18009
14974 15565
14740 16601
19403 5022
16006 1446
1446 17637
1446 15835
1446 660
1446 18990
8297 1446
12147 8473
14915 1446
4952 1446
475 5215
13272 2240
17488 1446
7489 5694
1446 15824
1446 16408
1446 18471
1446 13679
5330 19897
1446 17860
15200 18667
14185 4101
10623 1727
9981 5313
973 14958
1446 9000
15833 476
2028 1446
2476 1446
5007 8606
8056 14911
1446 12871
2832 7917
16712 2306
9839 2247
19251 1446
9554 1446
2604 12135
14589 19849
10927 1446
1446 17651
1446 18842
4542 9859
5194 8125
514 1446
1446 469
1446 18175
7148 10973
1446 3832
2306 2976
15661 1291
1446 10480
1446 6401
8848 1446
12562 1496
4592 8515
11831 1446
16464 10002
17202 5273
1446 19289
9153 11954
1446 14071
12886 5782
1446 6984
10337 10790
17388 12757
19200 1446
1446 17054
14287 1446
5980 1446
10615 16580
1446 17486
11192 16302
1446 17390
1446 18765
6898 12854
1446 14202
1446 1320
1446 8137
18913 1446
18180 1446
1707 3778
6267 6040
1446 2003
1446 14733
10146 3716
1446 1886
1380 13801
1446 2061
1295 8928
1446 417
5756 7396
11386 259
9525 4623
3620 1446
16446 10277
1446 9552
16096 9730
15520 1974
17916 2460
3938 1446
16730 1808
17057 617
5840 14915
6836 9663
447 1446
10877 45
11883 1446
13706 19621
19660 3975
12539 9240
1446 6415
1446 11099
12691 1446
15558 2189
10255 5423
7919 18788
16543 6215
7231 14202
2868 11233
9807 1446
1446 12106
7619 5408
3011 9243
8809 13200
13506 16790
17001 1446
2903 1446
12746 17313
1446 2998
6413 3290
7353 1446
8104 3704
3917 12790
10142 1446
5078 556
15097 1446
1446 7113
19401 1109
1446 13683
1446 5215
8670 1446
2448 14384
8321 1446
12523 5483
1446 13692
1446 3827
10337 1446
8112 6113
1446 3629
6141 1446
1446 6270
1446 19867
15689 2728
13920 1446
10160 1446
3173 17073
7607 2568
1244 11946
15421 13973
16688 19686
-1
19681 1446
16542 18982
1446 5672
7701 19404
4373 11275
16601 1446
12389 11700
1446 17659
413 18029
1446 212
10689 14733
7428 1446
16091 12464
1446 7039
2489 4533
1549 1446
13102 8160
1181 17161
14998 1446
15993 48
-1
264 19348
1072 7240
13911 13592
1446 18516
18641 5458
3659 15636
18527 17647
2612 12510
1446 15661
4995 8419
11381 11788
15805 1446
11501 90
14464 1446
1481 1446
9327 1446
1446 18274
18578 1446
5883 1446
12770 11987
1446 15813
15200 1446
1446 14523
1446 8865
4278 1446
4995 1446
14214 13692
1446 2171
2048 1446
18446 1446
1841 2233
4053 15170
1446 6631
3900 18446
1446 6708
7841 1446
14030 12704
1446 3549
4840 4799
1446 12666
19007 5264
4428 1446
1446 16956
11380 19538
6997 9024
8117 4559
19133 1446
17478 1696
1091 1446
3032 1446
1446 9631
6546 1446
14831 11796
1446 1093
1446 17151
643 1446
1446 19617
9865 11821
9899 8806
1446 12237
12496 1446
15371 1446
1107 1446
7709 1446
1446 5452
1446 477
18069 1446
11340 1446
7811 18006
4545 1446
12874 4757
1446 17755
19927 6849
4178 12273
9637 19752
1446 787
16643 3288
13495 19133
2143 1446
1446 7145
12635 1446
1446 15072
17402 17520
2851 1328
5980 12025
16727 1446
11083 18558
15900 12491
1446 789
1446 16110
1446 16563
1708 1446
15682 18496
9474 14044
9573 2658
1446 1959
7006 4687
6658 3032
1446 1055
1446 12906
16436 16787
12843 14312
17160 11387
12314 467
4972 8025
1446 12543
9881 16390
19909 17354
5020 8208
15391 10384
6005 11627
1446 17500
11149 13475
1446 4898
854 4680
9406 1446
5168 5386
16143 1116
3185 11675
6985 1446
1446 9958
1446 17614
9677 4938
4251 1446
1446 14141
11330 3788
-1
17520 17666
19069 17073
1446 16272
1446 15053
17490 4949
1446 4885
12942 1446
9493 19481
1446 14540
7264 1446
13280 4151
1446 10300
12790 413
5410 9622
7264 2358
7674 3800
2981 13335
-1
16211 1446
2770 17620
5196 1924
3548 1446
-1
15178 1446
10429 7944
-1
5870 1446
8703 5192
13878 4600
17632 1446
1446 706
13650 1446
10537 18228
1446 12974
2303 1446
10570 18446
15184 3555
7976 3706
1446 9876
6520 1446
8125 1446
1895 12794
-1
14435 1005
14894 5884
14113 10493
6863 13625
4342 17176
3606 1446
131 1446
17023 6014
1446 19069
18497 1446
16462 11973
16994 6358
11111 5195
7340 4251
565 17981
9920 8917
12227 15315
9586 149
7633 7006
14189 1446
17729 5020
14084 17480
1446 4059
3736 14044
8364 15758
14071 5267
1446 5390
16 5982
7318 1446
19567 4059
14901 1710
1446 7329
5126 6252
1880 14221
1446 19064
10240 11089
1446 4941
10424 1549
1446 17647
11047 19276
2098 1446
352 12475
8515 1446
1446 13045
1188 1446
1446 10313
1446 15900
19867 13377
1446 15389
1446 12958
1446 9138
19564 19792
1446 3302
6045 233
1446 184
-1
1496 1446
1446 16152
90 1446
11823 1446
4744 19288
13522 7828
15404 1455
1446 638
1446 792
16386 1446
6399 7802
6597 14607
15258 4751
12696 2122
1446 4010
9334 11366
10424 12307
1446 17937
16460 1446
11038 5
1624 9351
10796 1708
12750 1446
13478 4559
4023 5462
1016 13045
19593 12075
15813 18881
18891 12763
1446 10570
7719 1446
9348 5232
1446 3180
4930 1446
5576 131
5783 4499
10864 6113
16536 10927
8478 4744
1446 11627
17962 13407
19744 16390
1446 11780
9122 5628
18945 13761
8297 7451
12542 1343
1446 7084
1446 2819
1800 2239
19637 6979
1446 13522
1446 11207
17620 1707
13237 1446
1446 7976
19205 11199
7174 1446
18493 339
5327 19779
10134 3527
10416 2106
16096 1446
10384 1446
6259 12347
1446 19468
164 16480
1446 9577
6758 7769
1446 11603
8177 1446
1446 8562
3606 8617
8960 1729
2463 1446
1446 13398
1446 4737
1446 18654
10002 11211
184 11336
1446 6048
4848 10588
13333 13482
5458 10481
566 264
-1
5192 1446
1446 4713
8283 1446
12847 1446
16744 1446
4168 1446
8533 12888
5640 1446
15097 11883
9899 1446
1446 18523
19548 488
8220 7039
16678 11001
-1
14869 15218
8501 7789
1446 1244
3036 1446
1446 4533
2135 11149
3868 8196
19809 8627
2267 13590
16491 16873
7148 1446
19110 1674
8808 14875
12491 7791
18578 19654
19521 4697
1446 4881
1446 6997
4376 9637
2476 14693
-1
1446 9535
1546 1446
18523 14848
18926 8120
1446 317
1446 19659
5990 13248
19120 17364
5220 12695
1446 3376
10643 2521
15661 15974
5448 1446
2031 1446
4632 1446
18959 1446
3902 5505
16491 1446
3603 1446
13524 12911
12378 18050
19186 7829
15391 1446
17273 6496
4311 1446
10678 17649
1446 2916
17647 804
1941 4524
1446 11233
17106 4398
6618 5441
1446 19514
2207 15554
1446 3800
1816 14298
18325 1662
15452 19007
1446 13834
17145 1446
8685 1533
1628 11842
5461 1446
6461 981
19594 1035
1446 12562
1446 17526
4521 1329
12519 1446
5096 17370
15258 18394
16998 2092
15147 4374
5567 660
2771 17651
18052 14523
11202 1446
1668 4681
17860 10796
8972 18856
9608 5355
17480 12616
19585 1644
11722 13304
13731 16030
1446 12147
15429 16056
12974 19985
1446 15593
4252 1446
6584 9169
4022 11308
14537 12665
2909 4252
1446 12358
12358 10810
12867 475
1446 14635
16052 6274
1446 14864
6584 1545
9800 1674
1446 5818
14510 1446
1833 10520
4862 1446
17146 1446
1446 5556
8659 1697
345 2047
6233 19502
1446 11987
16043 14214
4932 4530
1315 9002
13631 71
1446 19579
14274 1446
1446 11652
1446 4972
18687 1446
1446 3026
8653 3294
16164 1446
13054 7846
19514 11954
19083 1446
4810 1446
4929 1446
1446 582
1446 1586
804 18512
15991 9662
9876 12950
1785 1446
1446 18444
16833 1446
1446 8917
13080 1919
1446 9474
7033 7694
1446 11366
11614 9227
1446 107
1446 4188
13253 1446
17281 12335
17793 18947
1446 16480
7331 1446
16913 19082
19829 1446
1446 17585
16394 1446
1446 19224
11094 12521
1446 3935
10750 5034
12906 5381
7144 1446
17112 6547
9281 15369
12711 6709
17628 4898
14342 12192
16751 2767
15343 1446
19028 13232
13732 384
11632 19224
1446 18868
3595 1446
7023 1446
19068 3013
11065 5672
19468 5813
13106 14626
5192 343
2575 18743
5804 1446
7149 1446
379 17686
15452 5027
1446 15073
18778 13467
507 10560
18164 1446
641 15421
1446 9123
9820 19095
2092 5744
5390 6803
1446 19213
-1
6447 2359
9290 1446
9191 1446
10855 1446
1446 12431
7225 5073
18081 5326
12805 1446
10644 1908
9567 17614
1446 9108
580 16490
5445 7324
16875 19645
18508 17143
9060 1446
8115 11619
1446 1966
1446 17666
16250 1446
11847 1446
5324 1446
9384 15875
1446 13592
16111 1446
12750 3561
5322 11460
19339 1446
1446 3919
8480 11860
1446 19578
983 9903
1446 17536
-1
10134 1446
1446 10009
2150 19129
1446 4681
11042 1446
1446 9859
6117 8174
8936 9073
836 12039
1446 8230
11935 12742
8533 1446
9699 3426
1446 9663
15190 19860
7149 8745
1446 10710
15683 18730
3832 15017
17489 1446
6461 10106
18342 1446
12888 6142
12704 5905
1446 6566
12464 3697
16030 6921
12159 12458
1446 8931
8141 4172
17855 15869
1446 18009
4217 12827
14089 13253
17991 674
1446 11147
5262 1446
18497 18331
1291 1446
15651 7134
1446 10711
19283 6086
16858 19413
138 3154
11564 4030
8037 1446
1446 10739
7614 15184
-1
1446 12911
5022 4771
1446 19110
12642 1446
1446 12045
8321 7532
4982 13786
4168 10983
19260 1446
1446 11443
14864 4539
14670 427
1446 9990
1446 13614
2185 1446
-1
7793 13428
4373 14918
1446 19752
10037 2725
4934 13102
11542 13694
1446 9704
19898 12949
6526 2012
1446 9433
1977 14525
18467 1446
2081 1446
749 13574
12441 16223
1446 18874
17500 5264
1446 9586
13614 12690
15132 10694
13834 18604
8526 15276
18164 8403
1446 18737
1446 14730
1620 1446
9696 12874
16015 11909
1897 2976
1446 5427
17316 1446
2785 1446
1446 9791
15144 10996
13280 10118
3539 19845
2452 2185
1446 18346
10605 5295
13071 19898
7255 7328
1446 1777
13841 17540
443 1446
10335 1446
5530 1446
7842 10877
13844 8005
7294 5450
13053 3596
1446 8056
2900 17371
16833 19659
1446 8905
7709 18973
1960 1446
17553 15739
2915 1446
716 16851
3410 15735
19831 1446
18228 1446
1446 97
11922 9467
15966 1008
12783 17652
18143 12594
15288 1446
13141 2131
14362 1928
1446 5158
14853 10801
7233 1446
18493 8376
1446 17792
12039 2970
16222 12114
1446 16043
138 1042
1446 12971
-1
13054 12820
-1
7639 16655
6461 1446
4863 7159
3635 1446
11349 16525
11788 1446
1446 5
7341 18487
1446 9681
6469 3704
4011 1446
17352 1446
9209 3363
19641 1446
11394 14206
19363 1446
9645 14464
477 15291
4857 1959
17796 17454
11176 13942
1446 17202
10724 9351
-1
18049 14895
1446 512
4663 17132
18840 7058
2785 18325
4552 11891
1446 7754
14464 13164
493 1446
1446 19548
10106 9340
11034 10070
1644 5096
192 10941
17939 1446
2782 1446
5366 13711
260 6
3527 4930
6014 1446
1446 19049
17478 1154
18453 19251
16203 18175
11640 3505
8992 12192
19337 1446
14869 1446
2021 1446
17077 1446
1446 19542
3312 1446
15941 1446
1446 5480
1446 11399
1446 15965
716 1446
4192 19542
2812 3555
11002 1446
13679 13224
3825 16504
15871 8604
1446 14630
9882 4127
1446 1295
1446 16134
16056 1446
14686 3282
1446 4128
7769 3771
4949 6917
4028 1446
268 9168
7639 14045
1446 1765
6602 15268
1729 1446
17735 3282
1446 6758
14998 13517
19286 1446
6919 839
18395 8501
9130 1446
-1
6795 6
5567 1446
11640 1446
5497 1446
13707 17084
6781 3759
-1
15937 16691
4713 12898
15683 16118
15321 1446
1446 17136
12513 1446
18055 4976
13778 1446
1446 3268
1446 15565
17916 1446
1446 6005
4207 11858
2601 1446
3319 9613
1446 15364
8797 1446
12159 14405
1446 16010
3549 10286
2243 7752
1446 8307
180 1446
15473 1446
1446 19051
1446 17553
5424 12798
1446 10824
19598 10564
13971 15043
9315 9384
5883 7262
1446 13632
712 1710
8130 12129
17332 4029
14730 13212
14884 16809
7199 1446
9389 1446
14168 556
1446 13973
7879 12945
6795 11227
3868 14227
1446 6413
13215 1446
7170 1446
5608 1188
1349 8636
904 6958
6876 9865
13415 7151
3771 1446
1908 12775
19568 1446
1446 12158
12766 1446
17929 16487
9737 6172
4685 2312
7341 1446
1490 1446
1446 12458
5636 13010
-1
1446 9414
1446 8991
2889 17628
1446 14827
4663 7027
1446 17620
16223 1446
343 1446
11540 13212
17288 1446
6442 19068
9258 11286
4537 1446
1446 13519
1971 10185
4461 4311
13692 16872
10150 1446
12757 1446
5195 10706
7174 3381
836 1446
1446 1161
8822 1446
17182 17567
13592 17273
1446 13051
15219 1446
3446 1446
17084 17959
7251 1446
19697 15905
6040 1446
4878 3764
1446 1989
1803 1446
6045 3687
16536 1446
644 1446
2401 1446
2885 18821
8100 1446
15824 18660
1446 18029
1446 5057
1468 8357
1446 7689
2946 1446
17363 365
8819 11330
15040 4606
9315 1446
1446 13942
1446 1594
18717 7448
17511 1900
1446 19008
15846 19705
9110 3026
1446 16926
11109 12890
13292 1446
1446 347
16381 1446
4846 1446
10957 9039
12695 5797
5614 17536
3578 2612
15704 16281
1446 9646
1446 3405
10902 8905
4867 16487
1446 19590
14761 1446
16530 1446
14884 1446
4284 1446
115 13407
4178 12224
16385 6171
6633 1446
3178 14915
17491 12254
15747 1446
10532 1446
1446 5322
11001 1446
13786 10590
5628 16470
1446 3341
444 1026
8478 1446
13044 12448
17652 1446
16928 6825
8627 1446
1446 2852
1446 404
1446 12890
1446 9798
1446 2054
8098 10890
-1
11543 1446
1446 13478
1586 10491
18490 18124
1446 6823
1446 9626
17526 2553
1446 12286
3037 9871
6621 12349
1446 7757
1446 18134
19110 5177
17048 1185
6906 19603
1960 1231
4656 12590
9123 12836
15788 4848
4365 5758
303 16303
8991 4306
11797 4342
9191 11377
19538 5378
15966 9731
1446 14519
1446 17247
6526 1446
1446 8124
9002 1446
3406 15890
16375 14221
9340 1446
4131 8056
2352 11407
19697 1446
19481 12665
6677 1446
1980 19137
1446 115
13120 13735
10044 1446
7890 19468
4365 1446
7821 995
2097 82
12307 1446
1446 4360
1446 11757
4577 19167
10669 12920
4685 2915
12208 3793
5614 19337
1446 9731
19299 535
1446 18982
9166 11906
2771 18556
18009 8545
11319 5378
16978 3373
1446 10946
1446 11835
16143 1446
14286 5073
9882 1446
1446 8433
1446 7324
18506 1446
5057 12621
1446 18445
1446 1525
2757 2728
3446 8386
12542 1446
5697 1446
6543 2048
1446 19481
1446 3424
642 14524
14635 8086
4167 1446
11043 7152
14286 1446
13655 1446
1446 1838
17632 17187
6546 1343
3424 14202
12911 180
15830 1446
1446 4151
15682 7323
15800 15147
17759 6233
8321 7685
10441 4917
6849 16187
17076 14978
18730 1446
-1
1446 10519
7218 744
10270 1446
1446 597
1446 12746
15822 14170
5855 1446
15170 1446
7719 10030
19645 17222
16847 1446
8125 3550
2200 16988
15040 15846
4797 19325
14287 18375
638 16601
1446 15578
19551 957
4663 1446
1446 3736
1446 7207
14168 1446
6211 10364
12490 3938
224 1446
5576 3697
2544 6064
8473 1446
4412 15276
339 1446
16995 14831
571 12208
12028 224
14895 12539
1727 6157
1446 1693
591 17218
2168 6590
18932 11860
476 1446
13434 13643
16840 14978
342 1055
1446 7294
1446 2262
17272 1446
10364 3549
2140 75
14740 1446
1446 6049
1446 19137
10786 1446
12521 1938
2168 19904
1446 18183
12798 1446
11365 6333
18471 10142
1446 16118
15004 8376
10547 1446
18284 1446
397 15652
3311 9664
9951 8706
17077 1231
7173 16525
9958 13176
1446 9197
4096 12007
1446 19131
1446 2489
15616 7311
15609 5561
9831 11025
10279 9745
1446 5073
6763 1446
5002 2356
1697 1446
19594 8601
1202 1562
2150 13065
12349 15655
80 8736
9240 1446
3900 1446
8653 8803
19064 18052
11821 1446
14084 11905
2911 1446
5307 16926
-1
1446 3154
1833 1446
11009 14182
7229 1446
14549 1446
17430 1446
18409 10896
16901 1446
13628 1446
1150 8251
1446 15528
9535 4131
8419 11906
17904 7885
16390 1446
8906 11883
-1
6261 1446
16457 19363
11387 1320
1446 13280
14676 15003
11454 1446
1446 12843
1446 10240
2266 17994
16847 3825
5003 1446
19246 18912
1446 12117
7199 4592
3849 1297
11002 1559
9871 3726
11823 5158
2079 13467
1446 18135
1446 19403
12182 3302
18241 6094
13694 14921
7962 15024
6163 1446
9477 10096
7366 11109
1446 15261
1446 2378
15873 1446
1446 11094
1446 8181
7982 7547
8653 1446
14206 4995
7420 16310
1446 16470
11059 1446
1152 339
1446 15602
1446 3967
1446 7085
16489 14639
1446 13936
15576 1446
1446 9422
5743 1446
1661 4539
1174 1446
19551 5870
17218 225
14405 9668
1446 15083
1446 11842
9724 14881
8220 1446
9414 19344
1446 13492
471 1446
12490 1446
18667 8336
2951 11853
1446 3985
1446 9453
7539 1446
1446 19404
1446 1977
17827 16530
2922 17731
9315 19705
17585 15689
18916 6615
12349 1446
11202 3748
9296 19129
14031 3744
12043 1446
18512 1446
19505 10070
15100 1446
1446 9664
1446 14645
1446 4445
7255 15455
1446 7860
18050 1446
9244 1452
18971 17857
1446 6711
1446 18804
3499 2266
6399 1446
5014 5331
15864 1661
17768 16744
3621 7658
3428 13905
4656 8685
2171 8643
1446 14921
11039 17755
15109 1446
13942 16765
17106 18211
1446 10623
1446 13658
5651 2081
11997 12760
19444 1446
14852 1446
1446 6204
19831 674
4912 8364
18553 9808
8828 19542
1446 17994
4878 8811
17255 18564
7132 1446
1446 952
1446 8980
15576 7698
4542 12561
19439 15371
8848 5382
3620 2386
1446 17124
1446 7448
18829 1481
11230 8115
18409 1446
9002 2382
12358 11758
13365 10308
1446 13964
1446 14257
1446 4577
18359 9495
1446 4415
18945 97
1989 4306
18319 1446
1553 9755
1446 3568
7105 19095
1446 11047
13940 1446
12631 4435
352 1446
6442 9807
1446 9185
6869 5057
789 3130
1446 7611
16543 4023
13535 1446
1446 16655
7030 15732
16899 7242
15283 19071
1446 17050
1120 1446
1446 7879
8936 1446
1446 13057
1446 4029
10495 469
12765 2998
1446 4521
1446 6381
1446 2821
1446 13053
2679 13282
9853 1446
11034 4690
1446 3870
-1
6381 514
5901 1446
1446 19904
449 16056
1233 4059
17937 16193
1446 19948
1446 12516
12247 700
7898 17499
224 19214
1446 12631
3808 16727
1446 10330
1446 6602
16691 1446
7612 14531
6412 1446
2081 19617
3675 12503
1446 9952
19257 1276
18135 15369
-1
9398 5901
9624 1446
17755 3030
18444 7064
12949 1446
1150 1446
2900 8207
18934 9552
18962 17938
5042 12111
15404 2521
15276 1446
17510 1446
595 11757
5177 1446
18821 6520
14829 9605
11905 9354
6419 17533
2047 1446
6807 11712
9419 14230
9096 13802
1446 11388
11472 15053
-1
5133 1446
14306 4797
18822 1808
1076 1446
11530 4409
1120 6994
6755 1446
6979 10996
15109 15315
13716 10392
15473 4318
3753 19230
11543 1924
1504 1446
10336 1446
13443 19083
1446 3634
9024 1446
131 13246
1446 9573
1446 6064
3312 14384
2981 1446
3099 1446
9065 9227
4673 18510
1446 2483
14080 16098
-1
18443 1446
-1
8301 1446
1446 14880
1446 17983
9862 9162
1446 2126
1386 6200
8988 8156
5744 1446
1446 6869
12913 1446
6772 13233
19705 1446
1446 16731
12820 1446
18347 7294
7311 1446
18604 19299
15941 13535
14477 9493
19260 4183
2452 1446
1727 1446
1446 1835
1519 18525
14858 14605
1446 16487
1446 14125
8905 219
13957 1446
9535 16115
14407 13706
15229 5570
11076 13802
1446 18526
1446 18983
10052 18465
17005 14728
8278 1446
8037 2544
19636 1446
15847 5058
9731 8826
17916 10818
6011 1446
8473 2267
11753 13683
2200 1446
14474 5104
16004 17489
1446 9957
1446 12031
18163 1239
13647 6621
6650 15605
16745 1446
1009 4724
1763 1446
15670 11858
15266 1446
18101 7420
19418 1446
8478 324
12953 13130
2682 9622
9706 19261
16731 10662
7569 9260
17176 6066
19637 12063
12369 14843
18117 10657
9681 6985
15636 16200
6472 15083
1553 17711
15761 8797
10689 1446
4709 19183
10335 6211
15200 1900
1446 8586
8055 1446
8279 1446
14962 18929
4680 5480
17841 16213
12854 8220
18177 12971
5461 11213
15091 1446
995 7246
15187 10283
3011 9881
15799 1446
12628 856
10587 10283
10703 5448
19035 9876
11811 12086
12224 1446
4950 4555
17907 17390
7890 1446
12540 17550
1446 6618
12433 18786
801 934
12448 6215
16066 17054
4667 6386
4856 6267
1446 16807
12049 15520
13232 1446
1446 13365
1446 8501
1446 6709
16437 1446
7916 1446
16004 1446
5408 1446
3204 1446
823 5978
7547 7888
9586 6270
4506 1446
6520 5390
1446 18116
13375 1166
17220 1446
14276 1446
1446 19776
10197 1446
17055 15499
13201 6677
-1
1446 10347
19261 13337
5738 16205
1305 1446
694 1446
6590 12871
19636 19634
8906 9329
4284 3503
6449 7685
11671 4977
4696 484
12691 11935
5563 1446
4023 1446
1446 9096
8278 19909
10303 17649
10332 5529
1446 14857
13773 19521
1446 17588
19257 8704
5118 4912
17364 1446
18409 2208
13819 1446
14927 5556
19206 13522
15499 12889
18945 1446
15470 1446
15558 1446
5478 12954
8439 1446
11013 1446
5505 18151
3550 3781
1446 14843
12768 4028
4897 13398
17913 12244
1446 19068
18946 1446
7373 1446
587 1446
3935 12747
10141 7204
1446 5007
4235 2781
2401 10560
12790 1446
9920 1446
1239 7225
6252 1446
14182 1446
11390 6006
4115 655
18616 1446
-1
4750 225
2047 17264
10818 1446
4863 13215
1446 879
11269 15052
11415 1446
1446 17605
1446 2767
17626 1448
1446 17735
1446 7765
17533 1446
8766 1446
1446 17369
1308 19812
15610 1446
15991 1446
19849 1446
12347 1185
17066 1446
14949 289
17402 4926
1446 16489
1446 7308
1446 13372
13957 4053
-1
10107 1446
8086 8431
14858 1446
14918 1446
2201 14743
16580 1446
1446 14193
152 816
7246 3132
2054 13282
5289 1446
1446 10657
1085 13057
15771 17486
2569 5232
15752 1446
1446 13913
1446 6172
1446 13187
14531 4217
5183 18678
1446 11286
8970 12269
1446 2207
5191 4252
1446 14338
16420 5724
17892 1446
11365 1446
1446 13872
10349 1446
1446 18065
10610 1446
1315 14192
18848 4041
1446 12464
1446 5169
14461 1446
15853 1439
17729 18452
15528 7612
3975 5609
19539 350
1446 15890
19222 19808
10613 16954
8767 18554
19248 1446
4398 16322
1446 6045
11065 2201
1446 17023
-1
15083 3849
1446 2240
1446 9264
19137 12971
6997 13575
7982 10378
14884 17074
16399 4429
2200 3309
597 18191
1446 18146
1446 2536
1446 15040
16322 466
5829 1446
17657 1446
11356 12958
16250 20
11144 14230
1446 5118
19286 6394
9495 18151
2059 13038
18868 8132
1803 15386
16447 2968
3947 13856
1446 11614
18891 444
10009 3185
4533 9290
1446 12692
2797 2106
9859 8991
1446 8333
1446 3808
1446 16688
17074 17001
1446 15771
1446 11753
8817 6040
2446 1446
4916 12250
16840 7191
17122 1446
1446 6936
15554 18494
8981 6825
17818 12635
7448 16954
1446 973
12273 2653
7327 1446
15643 15931
15758 1305
2098 16873
14504 16712
13430 6258
16068 1446
1446 14854
19266 1446
1446 13443
1446 6719
16903 1446
1446 4172
5138 1446
833 17605
1446 1462
1446 18949
14084 1446
14733 212
17657 16405
3706 1446
17857 1446
2810 14151
13010 15170
9729 17390
2919 92
1446 2382
1446 9057
1446 16036
1446 16790
718 18443
1446 312
3827 15961
908 1446
13732 5502
8980 6259
18715 10953
-1
1446 11356
1446 12448
14927 8279
11035 4846
1610 9118
19283 324
1446 8602
148 1446
8604 2066
19634 1502
12969 7341
4917 17834
16910 11235
8242 17120
19779 1446
17711 15860
4887 1446
11089 1446
1446 8752
15994 14176
908 6006
16872 3591
11399 15391
9685 19213
14270 13676
2880 1446
4115 1446
9555 17224
19928 4856
14549 2455
16276 14854
2255 1446
1851 12199
18654 7215
6217 4881
18490 10165
13141 6782
15043 1446
14560 9692
5355 14966
-1
13172 11472
4889 2905
1446 2079
1446 12011
1446 18531
3420 3065
1446 18423
9952 12867
1446 5366
14860 1446
1446 16091
10854 1446
7426 7921
1446 5195
8282 15327
-1
16085 5215
514 18660
10347 7802
1446 5424
1446 12382
13074 7927
12942 11434
4917 1446
5280 1446
12158 8010
16814 8638
8596 3556
1662 536
2166 6677
3985 5497
1446 2455
5737 16036
1446 12621
1446 10560
1446 13282
15184 1446
1446 8988
18772 1446
4412 1446
1446 4096
18180 11603
13951 1446
15634 16143
1446 14742
7889 8232
11267 1446
10389 12289
1446 11658
2011 1446
13176 1446
11213 1400
19818 10421
17128 9054
19424 19812
11460 1446
2905 1446
2189 1446
13911 18777
15814 1680
1446 9677
6274 836
13009 1446
16052 1446
1446 13272
12496 11403
7842 1446
3762 5412
8873 4061
6315 1446
6413 12733
4217 1446
3559 1446
8769 1446
4885 10090
8928 1446
5401 8915
12462 1446
6971 1446
3296 11042
9209 15434
17222 4192
11962 13658
3538 14145
6414 5697
151 1446
5462 17819
18111 957
1076 10786
1446 9668
643 13540
16287 1919
1446 3223
18773 1446
16677 3981
1446 15017
10454 1446
1446 14708
17159 2446
6994 5757
1446 3230
1446 10983
15087 14434
10037 13731
1446 16263
8769 41
6495 12714
1446 7323
9243 10221
10727 11013
1446 6716
1446 16920
6174 6381
3459 18175
12805 13333
6716 11948
1446 18606
1446 11434
2868 17454
2082 19617
1446 17626
18378 13527
7545 5445
1446 8387
11081 18211
6286 1446
1446 14639
8239 5324
12760 12889
1446 15229
16302 1446
16730 11671
8286 14857
-1
5025 1446
8721 1446
7674 389
13844 17136
8469 5003
18660 1446
9990 2149
1446 5742
8596 1446
1446 14331
5394 1446
7529 11486
16110 15919
1446 536
1446 11632
13580 1446
1181 1446
14298 1446
12886 9577
1446 5335
1302 2847
4929 9515
17946 18003
1446 4832
13915 1446
10349 6086
1446 16840
12766 15122
10313 12117
1446 2460
1446 13740
1446 4257
12692 6719
2797 1449
1446 12347
16927 8601
13614 92
1446 9654
16998 1446
12898 4367
3296 1446
1446 566
1446 14962
-1
9012 12479
1446 13590
7569 13176
1446 11846
18687 14829
1693 8232
1446 9169
19205 1841
7752 1446
2961 12543
8315 1446
1446 7198
9582 1446
816 1446
6859 12639
5646 1446
19036 9259
6711 15024
19935 1446
-1
1446 15499
6200 1446
4880 1446
17264 1446
14182 11928
7607 8670
3935 15219
16945 13806
1326 1446
11081 1446
1446 11870
1446 12733
11831 8423
1446 11985
15261 4799
8364 1446
4256 1446
9039 9563
10480 5980
1620 5502
17122 8181
12369 1446
1446 19401
18367 15266
14338 6406
9677 16967
12539 1446
11336 1446
6142 1446
1446 8813
16038 9349
1446 8814
451 18971
644 17160
792 1377
17272 11847
347 14921
-1
8061 1446
1446 10644
8534 16408
12467 18959
17709 1896
18378 19378
1446 11639
1446 9696
642 11415
2515 9957
8931 13138
1545 1446
1446 15819
11173 2770
4802 10185
18655 12199
1446 14901
587 6906
260 6758
4315 8915
13915 8990
17649 1446
4812 1446
4168 7698
1446 5441
8814 14125
3178 6048
3428 1446
8643 15988
11658 4022
8589 565
15379 1446
7958 472
312 4011
17181 8156
535 98
1446 17073
6315 10637
1446 16148
1446 595
8079 469
73 1446
4709 1446
5448 17938
16457 1446
18564 12335
2054 5888
9631 18029
6183 2359
1446 995
18551 1446
11891 1446
13074 10502
18804 2427
4935 8258
1446 16307
10694 10532
1446 12523
8612 10384
5104 8450
7133 1446
19387 17304
7749 15990
18516 16381
9305 11007
1446 2443
12043 2023
1446 14875
18754 1446
10588 10790
8636 12011
3808 9452
13778 17145
9358 11508
8061 16727
15876 1446
9822 11659
17159 16457
1446 11954
1446 19985
11207 19686
5363 13053
1446 18736
19283 1446
11835 2003
16926 16814
1446 16605
2730 13071
5138 19590
5507 11467
-1
18736 10308
2153 15109
8811 1446
16436 12147
4409 1446
1446 18101
11744 16945
1446 9737
1446 1386
1446 5401
11797 1446
8357 1446
13891 16803
7828 10946
10669 397
6064 12734
16751 18055
11035 1446
5053 16913
1446 12039
3032 17717
10810 1446
1446 14531
19483 7939
7898 1446
13891 14704
6713 8120
18867 1446
14331 7207
14932 12062
11128 4127
14149 7231
13905 6984
17430 4358
10795 19779
148 2048
10081 19677
398 13932
80 1446
9625 5207
12510 18508
4429 14630
7971 10519
19744 17617
1054 2483
1446 10491
833 1446
17172 19948
911 343
10902 6519
12628 1446
1446 2059
19641 4810
10567 19840
13237 18578
1446 8853
18990 18904
11943 9780
9605 1446
5455 3716
8047 10847
6835 14046
1446 2168
13103 19344
6836 12838
1244 17255
16386 8315
19570 1446
5169 6295
3410 10279
10724 18502
16611 5599
16787 18947
13909 19082
12382 13377
10502 9318
12028 1446
15871 11500
15528 17753
1446 18508
11377 12556
7034 19286
1446 7134
11270 1726
1446 9622
1446 19142
1446 5737
8477 18319
-1
1446 475
1166 1446
19213 1994
13909 10118
6782 7660
15819 7345
17605 16392
1446 2790
17151 235
14843 13711
-1
1446 16447
15568 6449
1446 5631
3651 1446
5267 1446
-1
1308 1446
14434 10544
1446 16278
3902 1446
1446 9770
11556 12490
2513 1446
8431 1446
14584 443
15653 8534
8358 5742
7790 15822
3591 19590
18346 1072
1446 19214
10941 4264
9631 6789
1446 13138
14978 1446
9389 13061
16152 10786
1446 12170
9037 1096
1446 6994
8803 15578
5202 1276
1154 8703
1446 16281
16995 2632
19382 6823
595 18343
18551 1120
17004 299
1446 18554
14314 12775
1696 13913
13940 16684
2916 10393
4241 5897
823 5870
16507 10606
1446 17685
3309 1446
1446 8403
4707 16398
8428 9451
13905 1446
1446 9168
8670 12307
15168 10798
1446 5636
1446 12985
1185 1446
7420 1446
18929 1446
13212 1446
10901 1446
1446 11377
18101 8283
11415 4623
14829 1446
12862 1446
16552 4360
11039 1446
9525 9549
4953 8946
12589 1446
12696 1446
3015 7502
1963 10689
-1
1446 10176
1446 9972
12340 3000
7539 15497
7265 1446
16420 6081
1446 3716
10392 19748
2158 1446
1446 11556
9968 4272
1446 12730
1446 13647
6492 5330
1446 8005
15565 4887
1446 16276
12715 12621
1446 14927
17183 19189
1446 17490
1446 15653
12599 14189
11853 5051
9968 1446
8865 2439
1446 4152
18006 4988
3223 12129
5764 10336
787 10834
16236 7829
1446 259
19915 5954
15214 18444
299 15568
1735 14881
422 12028
6258 1446
3460 1571
-1
12828 12723
9990 6917
1446 20
1446 19183
17614 11846
1966 19246
14560 17058
19461 8195
1446 4771
17628 1446
4363 1446
12289 1446
1446 17332
1446 2968
1446 5014
9060 3728
1446 379
7793 149
5322 1419
1446 5051
16899 11199
1446 2290
19654 9668
8141 1446
12396 18982
1446 264
1446 17025
4280 1446
1446 3269
18526 9700
7215 543
1446 2122
3385 6297
2428 18443
1446 8398
1446 14490
15386 4986
1446 13200
1446 14625
14089 1446
12551 14141
14676 1446
1446 12521
8554 1446
15429 1446
9264 7394
1446 1272
3744 449
9582 7879
1446 19539
15875 1446
5118 4360
3687 12945
13631 1446
15919 1446
1317 3314
4552 1446
12731 1446
1446 4762
5122 3985
1661 1446
7247 9972
18494 16052
12182 7030
14996 205
15634 1446
7403 19289
17055 17491
268 10034
1446 14785
8403 5161
16901 1188
7091 17061
1446 8518
466 3243
1446 16899
5363 5782
16398 1446
14405 1446
13036 2378
1017 1446
9317 16216
16193 1446
1446 8156
19502 17753
18445 4988
12075 18749
2327 5646
6257 11434
1446 10392
1446 11009
10406 4690
9422 13559
1722 1446
4737 8026
15651 16684
11659 697
19246 1446
19366 4284
3296 16834
6751 8554
15274 3260
14690 12950
3076 1446
1446 5976
13057 13024
5982 1446
18111 6261
7662 1446
5178 19200
1446 13540
16091 15947
10352 10706
12159 1446
10107 5196
-1
14125 11500
103 10852
15457 1446
10525 7149
6863 6719
9817 1446
10134 2463
9419 1446
1446 4912
17377 1446
12325 6517
14080 14639
11310 16446
5409 9334
16928 623
2210 14670
5202 8968
19224 9592
-1
16988 3269
16222 1446
4693 10022
1446 14602
15835 12628
9770 13000
17352 18187
9197 8286
15421 1446
18551 2743
16068 11508
6859 4938
13844 1446
15298 1446
17768 1446
2743 1446
7174 2208
5600 9727
12315 5280
644 4506
1446 1628
12062 12227
9515 19424
19545 14274
1446 9567
1446 18564
14728 1446
8341 11815
14880 10495
1446 503
14362 8257
1446 3783
9712 11765
19472 6204
9037 12642
14863 11987
7084 17978
15739 14045
10993 6332
12551 1446
171 1446
1446 19366
7488 14631
12765 7384
1446 13707
-1
5133 16193
5016 1896
4122 1446
1446 7151
2513 12488
1446 19643
18882 8903
1446 4680
1446 3188
5168 13201
7447 6081
13292 11701
10378 7811
1446 11040
1446 7330
11378 4001
13172 1851
18718 15291
1446 10691
1446 1532
3209 1446
13527 11124
1928 1446
1454 1446
9416 7104
9549 1446
10942 1835
1446 11240
9249 1446
1446 13377
4542 1446
16337 13683
12599 13103
16477 1446
7694 16530
12158 10044
1446 13407
6283 3938
-1
1826 1446
5636 11537
1480 12481
5694 1446
1446 18778
9434 2140
18904 1446
4376 1446
9455 5410
1628 17962
5700 14853
18717 11122
1446 1026
617 15670
1446 2082
18378 1446
2911 10064
70 18432
1446 17991
13398 289
17145 3675
1696 1446
-1
1596 6744
13054 1446
16236 1446
1446 674
18973 10824
12836 11206
14860 17860
8638 1446
856 8274
10632 1446
17278 10890
1446 11811
1735 156
2568 12045
2829 1446
1446 15735
1446 6333
3122 1446
12731 17739
928 4151
1446 7592
1446 17304
18822 2059
-1
14440 14451
1446 16808
9412 7189
18049 5258
1446 15214
19924 1446
8257 11013
556 1446
7793 1446
1446 6557
2889 1446
1446 2358
18395 11235
11038 694
1446 14932
16489 19977
8664 5189
1446 12334
1446 18487
14909 1446
3727 1446
15853 1446
15653 17025
19639 4011
15144 694
13423 8112
1446 18389
10525 1446
11500 1446
12768 17972
11454 10389
5178 16395
8857 5191
1446 11065
1446 4315
1446 11796
17490 5777
13628 8817
17488 14227
1446 8857
1446 16712
18140 17058
13430 18284
19637 1446
17281 12862
1446 1306
14176 1446
8365 7511
7265 17907
1446 10537
12314 19636
14976 17217
5628 1446
17681 19167
7262 6581
16731 12043
9327 18228
8492 1446
9118 15869
4296 3006
15258 1446
11835 3263
350 1446
1959 14537
1446 2666
4445 1174
6117 6708
13161 16386
1446 18496
15652 1446
1446 1596
8469 1446
5582 19943
5609 8104
18423 1872
7327 6005
5381 1446
9807 1055
9737 18983
11267 4020
1586 11173
6406 1446
5614 1446
1446 14083
1446 10070
14141 8865
14589 205
9163 1042
17005 1446
9525 1446
1446 8079
19829 11340
1446 12704
7152 7592
-1
14790 9715
8917 2122
16218 4977
7229 18558
17690 7545
3485 2303
235 458
928 11962
16187 1446
6528 1221
12360 1297
17714 1446
12127 12481
3397 10952
10610 14165
3000 3188
16236 19482
14306 3173
16337 16218
1496 13000
4656 1446
9577 9249
11213 1446
3116 13286
9423 19998
512 6769
17510 13161
6984 8307
6588 8903
14852 15716
317 2658
18013 3341
4280 2911
8612 1446
1446 13881
15389 1722
1446 5576
13588 6258
19641 16126
19363 16477
6528 12692
12467 10270
13130 2234
9709 6971
5002 11846
17506 1446
1446 8411
6295 8706
9567 3809
4545 16491
1446 5738
3577 11665
8480 18526
13010 1446
1446 11564
1096 1446
2262 10142
9662 8149
13138 15497
3825 1446
12269 3223
1446 2553
7403 1446
10587 1446
4019 1446
9981 14286
1446 9296
10335 4152
17218 1446
-1
7345 1446
4744 1446
12488 1446
5818 11227
1446 3748
7927 1446
7257 16148
3538 7532
18558 1446
19915 1048
11043 16437
11094 19593
3503 1446
9352 7539
10711 12031
1446 219
1446 389
6763 4812
48 144
11926 5273
8315 17690
12141 2821
16978 14440
15298 9798
17183 18606
17220 6011
11671 1446
1446 9723
2253 1355
14452 6496
1446 17819
14697 3420
12847 536
1446 6836
15990 14072
4506 9788
16304 945
9626 9603
1977 4256
1446 1985
1446 6921
14221 1446
12479 12031
3672 16200
-1
157 2233
3385 17363
12251 1446
3577 1446
2785 3756
1446 9382
11943 11639
7233 879
17123 13286
1446 15833
1721 1446
12733 6497
1317 15610
1446 17371
9700 1446
12251 1137
13559 5990
9072 14976
9456 18772
13103 1446
19266 5764
7198 19776
15777 1446
1446 13338
15891 15379
7841 16984
16015 1446
1446 4982
12631 9694
1446 10544
10691 5743
15411 8239
1537 1446
16678 1446
14911 2189
12142 14490
13866 12045
19151 4167
11340 7207
1446 16872
13881 13415
11197 11002
1446 13575
2632 14522
18359 1446
14623 15614
11388 15073
2386 3764
18653 19564
15819 13774
12590 9419
1446 12714
1446 17904
384 15785
18448 18970
2751 655
3856 9608
3649 17431
8534 1446
16187 6286
1446 4687
18050 16764
18143 1446
16171 15283
4560 6049
4801 4537
13920 4101
18674 6763
4192 1446
10735 16302
1446 7698
1446 1896
9170 18842
11675 1446
1446 13286
7850 8928
14192 1446
1446 7695
10499 8428
13735 19840
5395 1446
7451 14645
9170 12969
1502 18946
17123 12086
4173 1446
16385 1446
8882 15814
12589 10637
6000 13819
16399 8187
13009 8822
16073 1446
1439 12994
7628 11647
19222 12289
13519 18187
5053 1446
3178 1446
1446 14947
1446 6713
9957 2915
1446 17855
8882 1446
1446 9729
11042 488
1446 14072
3023 13666
455 5258
9808 1446
4821 1446
16991 11378
4412 12102
8079 4914
13009 12635
9401 1446
13492 3154
1446 11283
1446 7741
1446 535
-1
1446 7366
16111 4932
1446 629
11820 7353
5901 3708
9416 1446
7962 1446
13707 3559
2381 1446
5520 1787
11902 17172
1446 17520
18683 11267
6419 4857
6532 5813
3886 1621
18116 18949
10706 1446
7330 19643
14270 1446
1446 14477
14738 3831
-1
2946 17717
1446 19205
15919 144
3999 18280
8124 17136
13443 41
1446 10064
15824 17685
6415 3635
1446 13071
7921 13200
12633 18692
1278 4655
4762 15853
10510 7144
19922 15988
10877 1446
9573 14754
17491 1446
14062 2134
11873 10657
17061 11542
5252 1446
3290 10052
16978 1446
5293 17146
12666 8988
15814 1446
233 82
1446 4799
1446 8428
857 2253
2998 12111
629 12011
4167 6631
7091 1446
1446 5232
8160 1533
1446 9790
10792 13482
1446 7034
9422 14714
3595 17768
6834 3659
16427 1446
1446 5096
18727 12770
1446 13044
3753 12141
1630 4709
18116 3437
12896 13632
18736 18339
1872 2489
2079 13215
3603 5293
1446 3672
6731 1446
14170 10946
5366 4207
10240 11619
2342 1446
15614 1446
7971 19922
15788 1446
4768 1446
9555 2880
-1
7917 1446
9646 12556
878 9704
1446 15616
549 4115
11752 8848
9168 8423
458 5194
6631 17637
1446 4367
16152 7502
1446 5502
397 1446
1446 7447
6601 18135
1446 13833
8112 1446
4907 1446
5488 10525
1446 6081
1446 7758
10537 19251
4015 7203
9451 1446
14539 1446
1446 16227
5743 17005
7802 1446
11349 1446
6615 15122
15830 1054
1446 10847
18926 12102
12493 1446
10801 8992
13259 5582
6412 17582
2916 8990
16046 11956
1446 156
8092 1446
15218 7944
1446 1330
1446 4600
17123 1446
4187 14932
1446 16507
12768 1446
1446 15218
12593 15302
15610 3503
-1
1446 2285
5300 14918
3314 6835
12599 1446
1446 17680
2253 1446
8721 19008
6127 3493
3579 1446
1446 2682
11592 1446
11914 18497
5742 14312
16385 5724
10337 1966
1446 9978
6163 3119
4072 1446
9260 1446
5216 1446
4950 1446
-1
12315 1446
1562 1446
17146 16557
1860 17040
11394 75
9153 1446
14602 11926
1446 2868
19323 2464
1446 1908
18674 1446
1446 749
7311 8629
1571 16398
1446 15132
1446 7255
13248 789
15800 13045
9452 1446
16281 10707
11109 1446
1880 1446
6141 1525
7885 1446
18786 1446
8297 15087
19922 1446
18897 2757
1446 7944
1446 16246
6142 1848
13819 9654
1552 2283
1446 2427
744 1446
17197 5386
16462 1446
16945 1446
1446 16677
18490 1446
16246 471
16552 1446
1446 14670
4428 17892
2234 14623
11526 142
19133 3446
1446 12075
10710 10623
1446 12272
10482 17300
18738 13160
6659 115
14863 1446
9451 18772
1446 10481
1446 14686
3672 16287
13237 447
-1
9401 14302
16 12787
2513 14540
1446 16542
1860 3919
1446 9477
6401 6391
8279 16110
9169 4959
1446 13731
1446 472
18681 1446
18448 1365
15655 15960
7064 1446
18388 1446
13872 17804
6919 1446
8533 8411
4707 12913
11647 1446
14738 19867
1446 14907
7614 18527
15926 18274
3243 1446
8646 1446
11902 14837
1446 18339
4278 19568
18177 1446
2149 12516
1446 1328
7133 6789
1446 4207
5993 16744
10277 17666
2210 1446
4952 6469
14857 16460
6618 7758
1446 5600
19443 9352
6976 14407
11176 12764
9727 18950
3180 2143
17981 5183
5202 1446
19069 11128
18932 1446
6335 1446
5 12543
3975 1446
1446 9625
2730 1446
19897 1446
15752 2290
9541 2207
1826 1960
16213 6286
15800 1446
7222 19337
2903 17124
1446 8803
1446 5104
14494 10146
19860 1446
7204 13422
12593 1446
17532 13932
1446 14430
1446 18375
14990 5117
3263 142
8433 19698
1446 10798
1928 7084
2446 18512
16126 10406
10710 15274
4832 8755
7105 15515
19142 15364
1446 14750
16994 5672
1446 17182
1446 4053
19660 1446
472 1380
-1
7329 5267
15223 5896
6517 18433
1446 7958
8899 15873
1446 12129
9512 7592
19028 5895
15846 1446
5905 1462
17617 1446
15101 18013
1446 6835
1446 10308
9054 1446
15991 6526
12415 6718
10389 1446
1708 12286
18929 7754
7860 7113
5829 4278
7340 7901
1446 12467
16991 1446
1446 871
13806 10564
1446 4878
11652 19943
1994 10044
15652 5738
11376 3756
9296 17415
5412 19339
467 5158
4982 4810
5411 5488
16160 14858
12170 9549
1355 1446
11634 2536
12063 16830
7662 10330
9780 7901
1221 9578
12763 1446
17176 1446
1446 365
11269 1446
18678 7683
16536 7318
5570 1446
1446 9329
13936 14824
10621 12642
18110 16967
19183 11375
347 19927
1109 5954
10855 3424
4122 3405
16464 3748
1985 15393
1419 1446
1446 3185
6782 1446
7247 3459
17055 1446
11628 18959
1214 19041
4988 1446
8026 1446
6519 9791
1446 17057
17128 1446
1446 5273
16134 12934
7222 1446
2909 19935
2247 2011
19413 5669
1446 15283
7860 150
3099 9646
4750 14627
8981 18897
1446 9578
15122 1446
6903 3556
1239 1446
9685 1446
1446 6394
1446 1735
19418 11627
12828 7890
13841 1446
14895 1446
4318 12106
14494 13012
4306 1446
3204 2460
18048 4235
9108 14625
13913 6399
16524 1446
1278 6713
14113 3505
19949 18940
9912 15058
9976 6101
1446 3132
5804 6985
3764 1446
13187 13966
3727 18004
19382 1446
6039 6229
1446 16218
7658 2099
8358 1446
16222 3474
9434 783
16460 4152
8010 1446
1446 8149
-1
4399 3856
16134 1838
14524 5804
17369 16408
1938 1446
1446 15393
1446 6066
4976 10499
1850 13660
12162 9554
312 2743
11639 18916
8664 5530
7133 10150
17247 19860
3036 5561
6834 1446
17818 11147
908 5455
8826 2455
1941 1446
819 9401
11173 1446
16068 7713
11873 6052
5243 16605
17222 1446
1446 3373
8685 1446
15233 2262
2087 8037
14384 1446
12871 2282
10481 16765
18849 4881
11765 1446
1621 17122
6046 1446
18183 9912
4898 19681
1808 1446
11614 1161
-1
582 12589
7821 1446
4935 9692
2970 1446
1480 5331
19943 1446
1532 3765
19570 19559
8640 13246
1446 1008
9138 13535
3827 854
13175 1446
13833 15540
5797 1532
4318 1446
14790 19427
17132 1446
5563 7481
1446 6744
10034 1446
5243 11230
6485 14714
20 10143
1302 1446
19206 16690
12553 1446
15168 1446
1016 16307
10757 17023
1446 8636
1446 15990
3778 3015
15747 3268
7064 17680
1446 5411
1446 5207
1974 3568
11765 14496
1446 4296
7414 10605
4974 16288
13940 6497
18202 9729
1446 12162
9804 14519
45 543
1446 11922
15334 14990
4863 1446
706 9453
15864 15876
1446 12102
7132 5483
4916 1446
8010 16524
1446 6803
19909 1446
18394 13187
14176 15813
911 15873
4409 5527
12730 6283
5458 1446
10707 10270
18531 15752
8149 16803
16085 1446
1446 18493
1707 1446
6574 1446
1446 9456
14645 9455
19748 17617
1851 1446
1446 142
5025 628
3412 18471
13304 8387
3781 1446
15739 1446
16653 17151
1446 15190
10227 1446
3030 1446
6386 1446
1446 9122
12315 3406
13740 8055
1446 18718
1446 12888
6907 18191
17352 19051
5599 582
18681 8931
1446 12314
6781 8612
952 9808
8646 9650
5947 17430
1446 8643
18804 8383
5896 1892
14925 1446
1446 18432
19659 18868
8098 16216
1446 5016
8955 8117
1446 16984
11543 7251
9745 103
3727 2922
3460 7481
1446 18049
14432 1446
1446 9999
9406 2303
5335 11443
17377 8492
9290 3428
17819 7203
18867 11537
2852 660
10567 14276
8826 1446
16715 2923
1446 10429
17248 1546
19439 5777
13038 1446
1446 7191
1446 92
952 5420
7545 1446
13773 17742
8387 8756
15955 1446
2744 18990
7104 1446
5395 5326
1553 1446
15890 8386
15187 1446
1446 8960
18342 14083
7148 2354
7345 14966
9839 13365
3548 11797
1446 17252
1446 5122
1446 15905
1446 16684
11310 1446
1446 4499
18510 1446
673 1446
1326 455
14474 1785
13964 6030
4342 1446
12458 10221
-1
13478 4688
7394 11399
18950 9749
1446 11539
6919 13428
6335 13650
15732 1446
4880 16098
14496 14504
9305 493
1446 5326
16956 3651
18749 16437
4499 6803
1446 19545
4693 1446
1446 19028
6588 17735
1446 5888
1446 6117
-1
7218 10286
9496 15379
8450 1446
18389 18892
15058 1446
1446 5412
1306 2290
18553 5423
4688 16394
4041 11083
15306 580
14522 7198
3644 10631
8353 6101
4655 12396
8562 5888
1446 13012
1446 6658
9428 6052
9244 6559
1446 8629
11192 19131
6171 8736
17567 12562
1446 9592
11444 1446
1202 2356
10621 8452
1446 15994
981 1446
14257 8526
18211 1446
1446 7003
17659 18143
3381 1446
12890 8518
1446 17793
2924 9074
10906 11815
13625 10237
10795 16557
14742 18069
10632 1622
2087 9688
1446 11659
1446 10237
4935 1446
19461 1446
12798 17946
15072 14165
9258 18124
17252 5792
1971 1446
7633 1446
542 5169
17488 2927
17181 1446
11275 1446
15593 14072
1446 14145
12723 8627
1446 14149
4428 1026
12334 10347
1590 15622
2744 1446
13338 2970
1446 12920
18983 4950
14997 1446
685 7324
18601 3511
14209 1446
5325 8132
-1
12025 3302
15716 5478
16525 1446
6157 15704
1446 1963
1446 8480
1446 16098
1446 4690
6907 10313
14962 19660
1446 11501
6729 19964
5220 16821
13716 1446
7719 8358
12696 11467
11634 1446
1446 17834
7749 8333
1446 697
774 10081
18692 17714
15771 2829
1446 10864
2847 1446
8524 6472
9615 2604
1446 9073
1446 14045
18448 1446
10217 2790
1446 13774
7091 8870
19035 1446
-1
9592 15187
18274 13655
3955 1446
1446 13335
18625 16643
1446 10941
2158 16589
16768 12731
2770 1446
3165 1446
1850 1446
14193 11211
6141 3870
16392 15321
1446 7204
5189 7707
16988 1446
5818 2428
1446 1365
12827 6581
15214 16920
1446 8771
15457 16363
13051 1137
15634 1107
1446 13574
2463 8100
1892 9229
4010 2483
1446 11928
685 14189
1446 6769
11381 13960
1446 10061
1446 10896
12199 1446
1519 19383
6358 1927
1468 16288
19849 2810
13778 6297
156 12142
1446 14151
1446 235
857 1091
12633 16362
2100 5401
14510 8421
15393 18347
2327 6798
16462 707
18350 16257
19344 1446
1446 13172
5982 12540
15891 8398
18465 4540
1446 3426
1787 14067
17247 4191
10463 15065
3036 12925
1446 10592
1377 1446
9318 18312
4530 12378
14451 11634
9281 1446
207 14301
164 13372
1446 13960
7889 1446
18873 1446
9382 4612
9755 2847
16994 1446
3806 12820
1446 12335
1446 9822
13964 18867
4116 14515
4264 16807
5721 1446
3708 13697
1446 4401
7191 6163
9474 566
1446 16310
16033 12224
4280 12934
8411 2951
1446 11235
1446 8258
1446 1202
18829 10083
7917 18469
13335 6546
14728 8960
5651 4771
707 1462
2031 16786
2784 1446
11059 18388
7236 15302
783 3788
12974 9414
2569 9800
7627 1446
8477 14947
1446 13506
15101 5978
16326 11985
1446 15404
1446 9881
8640 1446
1924 1446
10454 18671
13957 2725
18727 9382
9073 2515
2904 1446
7489 9416
1446 4235
16272 19289
8646 17506
14537 1446
1446 8606
8545 1446
484 5993
8098 1446
3312 16490
11040 3606
8767 11712
6216 12887
477 9952
14301 11275
9712 3112
1446 774
5126 1446
459 8946
7030 1446
19808 1446
1446 18202
6801 17532
1446 8587
17316 8640
15785 16227
14251 2354
19214 15593
1446 928
1446 5455
18280 1446
1446 18527
3499 9358
1446 19472
18601 1446
1446 5777
13932 1446
4530 1446
6566 9968
18604 1446
1848 1446
1446 17729
12496 1833
18081 1803
3644 8336
11632 12783
4592 1446
19288 1446
19559 1446
16118 9467
15092 15434
10199 16115
11486 14852
1446 9317
1446 13666
4241 1446
2354 1446
7829 1446
12093 11059
12117 9820
16803 1446
15643 1446
12690 10769
7246 1446
1446 4559
3762 18773
1446 11665
19036 1446
12106 11698
8333 13164
10090 2166
2126 493
19564 1446
15931 1446
1446 5445
1886 17994
1446 16832
19505 9526
1446 6113
11853 1446
10547 4972
13643 1446
4435 17536
6931 14336
2401 17264
10703 1446
17763 19260
5450 6718
3433 7789
15568 1446
14618 17050
10202 8141
4642 7842
5757 1446
1446 1974
3596 19051
12433 10150
2666 1836
9229 1481
1446 801
7170 13951
5897 1446
9317 18606
3412 9452
2751 3548
11758 1446
10165 3065
1446 7006
11444 1005
15092 4762
11270 16956
1446 17550
4673 1446
1446 19427
5855 6936
175 1594
1446 7569
13175 10332
13475 16375
3376 641
9395 8806
151 11319
3876 1446
10170 1562
1446 6485
8857 13012
1446 14607
11508 1446
1446 8025
1446 8970
16873 1446
14523 13375
7152 1446
451 1446
14824 16548
7132 19776
6267 1446
9348 1446
6581 1446
1446 8915
19378 1446
1446 418
2382 12162
17939 4521
11870 5117
1545 7611
7426 1446
1446 5313
2255 1594
1446 15974
9341 1446
7758 13259
7736 1446
8174 1446
8638 14875
15434 1446
3474 14626
1446 9209
1446 571
11240 4173
15860 1446
3686 4537
3254 18849
702 14336
1446 1448
1446 878
8589 3243
19129 1446
1446 2976
13517 1446
16745 8207
1446 18433
1446 7694
2923 4128
8207 1446
10824 8426
17160 1446
1446 2612
19317 1446
8562 19200
1446 3460
9264 10480
1886 11698
16304 7320
8586 3635
15364 5016
16115 1446
2153 15229
5007 18754
15389 14062
1446 398
1835 18003
1446 1231
11752 4320
10491 4914
6795 1446
15654 303
18331 13044
8588 17857
6650 1763
712 19585
1446 1810
2092 1446
2306 1446
18119 14565
11207 18319
14990 1446
9260 11985
10587 2912
9130 9349
15160 1446
1446 2283
11076 1446
3579 17940
13711 1446
10973 1446
1446 19812
4713 18881
1446 16420
5382 1552
1446 2588
2028 10980
1446 17454
18065 2342
1446 1221
14067 19935
10160 13679
18469 1446
10125 16363
1446 19007
14743 10399
4840 16362
11556 2283
1446 11701
10199 1446
2981 10300
2968 916
10125 1446
1446 5884
17248 1446
16655 5313
1446 14046
8882 2243
8242 1446
3625 1446
6200 14880
11542 1446
12593 19578
6415 6515
1446 3756
2519 16148
18110 19248
12763 13575
7967 1446
4916 16427
17635 15004
10993 1446
17588 3130
10416 1446
10662 1446
9191 4751
1446 3591
7034 13951
8301 104
8745 10906
14452 11111
1446 14165
2134 2342
13971 15321
3772 19472
5694 8061
12954 2852
1446 17046
1446 14515
4577 13737
1446 18312
1446 16363
18085 17792
1533 1446
871 16010
8323 11197
1446 11906
14510 3620
1446 15411
12838 4128
14785 7240
9790 1980
3809 1446
1446 11778
11202 5082
2123 1446
1446 7919
1446 1895
1446 2757
1446 3697
14827 7790
2201 1446
643 5381
15515 9453
19192 18432
8336 1446
7329 16895
1276 1446
1445 13740
11592 4693
2604 1446
19041 12093
1446 8987
16203 8301
15777 18280
-1
10141 6921
10615 12643
13628 542
1446 6094
1446 14185
1446 12665
18359 18164
19230 19483
12519 4072
18174 12742
1446 19443
3026 12475
18339 6204
12475 1446
5003 11796
3013 9759
1446 10185
1446 16643
8274 7709
1446 205
5757 19598
1446 13393
19831 19579
14907 1810
2439 5051
17615 7426
10643 16369
17331 16809
-1
16004 15240
16171 9578
1446 18940
5700 11247
11788 787
3710 15955
9645 6495
19323 1446
14697 17181
14947 15178
1446 18085
1446 14080
5608 148
1446 13467
7718 1446
4187 19603
7320 12794
10739 13080
10852 14584
1446 18962
19276 19366
1446 17197
1446 3649
90 5144
4885 7330
11375 14519
5420 14089
1446 7683
6971 14565
1446 19998
12561 1446
1446 2521
11823 7222
3712 1446
19621 1446
8587 19602
9862 6335
1446 12934
1017 5303
1620 7229
9412 1446
16164 3116
1446 17717
1446 2149
447 9730
1446 17568
3000 1446
1446 2725
18516 2819
13915 1107
15616 16211
11540 17364
1446 4797
18556 5631
3947 1035
1446 13400
10739 14708
19413 1446
19475 1446
6772 1446
2021 11652
16369 8766
1446 18891
16160 1446
18616 19288
6751 1446
1449 18469
3288 2031
1446 18465
1446 5782
18006 1446
8814 2051
16737 8853
12836 1446
3831 9065
14287 12272
17046 6066
19348 6755
1446 18163
5002 1446
1446 13773
-1
3568 16807
8086 1446
19424 1446
1446 1621
1446 6039
13337 1446
13697 16883
15609 15805
9096 7619
3675 1446
13036 4415
1446 1710
19949 1446
1446 10631
1446 18829
1446 13495
1365 19548
3629 12325
6823 4415
-1
4001 13224
9074 1446
1668 1446
7901 1446
8968 16611
8913 15876
9340 7323
9749 13833
7292 15473
15100 6414
1446 18553
18882 4632
7308 5631
18718 3493
16263 16690
1446 8477
12949 18788
1446 15369
5669 1446
18467 10176
17143 1446
9978 17635
1446 16038
9110 1446
1446 819
8251 1446
6711 3376
15974 11380
1446 6497
1446 10902
10678 5424
13162 8629
1446 15758
16542 983
7428 9471
19261 1446
18848 10735
1446 10757
6574 9433
8955 8341
9395 6602
1446 16
1446 15961
16038 71
4363 3341
9138 2920
14539 7898
1446 3254
1446 16768
10255 18525
5697 5091
233 1446
16171 1446
19299 1446
1263 1446
1446 14301
2821 3579
1446 15960
1446 12049
1729 14907
1446 10502
12389 19248
3366 15576
17540 12561
13065 749
1446 17841
3319 4015
9389 3967
1471 462
1448 16394
1446 9351
17132 3876
16751 1446
13233 1446
1446 1449
11019 13580
11537 1446
12062 1446
1446 7685
11914 9341
3772 8755
8177 1777
6086 1446
3559 2588
1446 1519
5126 14925
10241 16246
1446 3406
18773 7113
299 1446
17184 1091
4821 11501
17224 1446
14693 15378
1848 8100
18754 9428
5840 1446
1446 14407
9899 6386
1446 3831
10107 3625
15302 1446
1446 6519
1446 11206
3955 1836
5325 1446
6049 11757
7236 1446
14730 8439
8873 1446
15139 13220
5335 15378
17615 8383
6556 10662
17709 11820
1446 10421
2126 7741
19120 1446
104 1446
3800 19605
549 1446
7292 12887
8307 18932
6046 18389
1446 5307
13801 1446
9057 18134
13400 13495
15298 17568
1446 2194
5452 3870
1927 5217
8756 1446
6787 7023
1446 1468
1446 4272
17659 3037
10017 2240
8752 13337
1785 981
1559 8230
10303 1446
1174 12542
18342 12906
916 12237
1446 15147
1446 8617
15168 8748
1446 6859
6556 14740
1446 10942
5078 4028
2135 1263
2810 1446
1446 3527
2312 1446
1446 17582
2601 12925
11778 6333
11454 7257
10197 13160
1446 12556
14901 9770
1446 641
8132 1446
17763 12701
1446 3006
7000 19621
9727 1446
7741 345
8228 14750
1446 642
4848 1446
1529 9153
2208 1446
1897 1446
4540 14882
14785 2666
1446 6906
16883 9853
12639 6039
12764 8945
12431 1329
1446 16883
8899 1446
1446 823
1693 11870
19568 18375
15132 16808
18667 1446
1446 14336
1446 15926
12553 11099
7718 8365
3712 1622
1446 4187
10792 14704
6183 19567
1446 19603
14168 5829
18453 1446
9625 6401
5744 13175
10519 19155
1446 3173
14251 18146
4256 14625
503 3736
18284 5216
1446 5144
11891 16715
6447 16563
587 14956
17500 12985
10664 16910
1446 8196
2784 8972
3793 9471
16851 1446
1446 1571
15160 8439
1938 2576
10798 19924
15791 700
1446 4667
9552 9541
2166 1446
7757 7967
5386 1446
-1
-1
3311 12462
16223 6557
2951 1446
4623 1446
14627 1810
19475 819
2021 5765
11308 1529
1048 1446
17048 10199
9831 14909
1446 459
3567 7173
16851 10703
8808 1446
2889 1181
19387 12958
1504 16998
5895 7736
10017 1446
19924 629
17217 1446
1624 1446
10983 8469
1945 18970
5570 451
2790 9512
3188 17626
6807 18343
1297 1446
1446 13910
471 12186
5756 5262
1446 18655
10052 1446
1446 10750
904 12114
16427 18506
17959 17300
1446 9603
1777 19579
1446 6584
12821 1445
591 1446
1446 12396
1446 6495
1214 17553
7695 10143
12553 4687
13854 15470
4072 3269
1446 8945
1116 1446
17742 1446
16745 3191
1446 16203
8853 6751
1446 12643
11530 19418
12462 5034
1446 7240
1446 10255
418 10034
9563 1446
1446 1800
1446 15785
1008 15343
8946 1446
9054 8242
13517 9130
152 1446
16832 151
15223 10064
15670 1446
16903 2098
19083 1454
17369 417
1461 10330
-1
17004 1446
8005 4010
14062 1446
16381 97
1446 18124
10570 18674
839 7885
17113 16830
18821 1446
8055 10087
9412 3191
9259 18346
10441 1446
1446 13160
10792 1446
1446 18678
1446 18715
1446 19186
1446 5599
2464 5783
16901 19681
12251 7085
5394 17248
3053 3434
10854 9791
17585 17972
5207 15091
17732 16895
5014 15847
11270 1446
1446 7888
16833 17550
6731 10901
13655 11956
1446 17255
7662 16278
1446 14623
1446 17331
17946 1446
8554 14060
7134 19578
10217 18140
5080 1446
8282 4211
1446 9012
1765 3783
8987 15732
462 1152
2352 1446
17161 3096
6787 816
4757 11305
1446 19278
1446 13164
1376 18629
3180 18625
13559 1446
13854 10356
1446 10393
6543 1446
14827 12942
1498 10022
16066 1446
11199 1446
1446 13482
1446 14714
1137 1446
1272 7967
13259 1446
12666 16605
12886 1446
1446 7247
12513 6566
14251 1446
9681 19845
1446 260
2153 1446
11111 1446
8195 1446
4832 1302
4642 14432
9995 15949
14560 1446
4445 13878
1446 70
19639 1446
8174 6895
1446 8047
17183 1446
871 5480
6708 19071
9341 14430
17685 18962
1832 4953
1446 1109
1446 17913
8659 9605
4606 2767
16513 16563
12590 1446
-1
18717 1446
8213 1446
673 16688
4374 1446
11305 16834
-1
11365 3919
7547 1446
7611 17457
17224 4122
12127 4880
18625 1446
18765 3397
11973 1446
1446 542
11283 10980
19276 1446
1721 5461
4926 1446
1446 17388
6048 10160
14209 9978
1446 5078
1446 15291
1446 7215
3373 15747
1446 9608
16790 6772
1446 3314
9108 9185
19439 1446
4838 7318
17732 1446
14477 2782
1446 19151
1722 16272
7027 4959
2575 1446
15327 5976
10336 16708
6557 15937
1446 12389
1446 11381
8752 5303
15947 6869
14618 2352
14626 1446
1446 9824
1446 8809
10980 1446
1446 7639
1446 11873
4532 5122
3759 18671
-1
19266 15429
1446 18727
19131 12247
10898 15931
157 1446
3649 4211
1446 14704
8654 13371
4401 1093
15791 4929
73 2912
6958 19539
8913 13910
10399 1446
342 11047
3578 5529
17004 16768
171 10227
2061 9122
14232 8936
6716 13676
13761 10300
2106 1446
1446 9788
11089 8026
8353 1446
4429 1446
18940 3294
1446 14113
-1
15636 1446
15274 1446
1446 11227
1446 1445
1446 11820
5295 1446
1272 3634
4555 11928
10993 17066
3268 14635
4907 11388
11375 1446
7252 3426
11700 19403
-1
4889 17331
1355 1048
1446 6449
1446 15327
2239 19081
1446 82
14997 15219
1446 11376
10757 17714
8258 19658
16808 14588
2787 1446
16821 3099
12254 17371
18048 1446
17066 1116
10855 2904
1590 6000
1446 10637
19081 1446
1446 7414
14149 10416
7695 7264
13372 9700
1446 18848
13856 12847
17304 4612
9318 1446
17278 12244
1446 1480
1446 16046
1446 15139
9800 1446
16043 8421
5053 2097
75 1446
13936 18496
1446 7628
12838 1446
1446 2909
1446 8659
7976 2312
1446 7511
5756 1446
1446 1610
1446 11176
19818 15926
19192 3686
1446 2658
4802 1446
13106 1446
19167 1446
1446 2771
1446 17796
9663 9976
1985 7159
15947 1446
1446 14848
19567 1446
13960 12660
1446 10037
18616 1009
16653 18069
1446 700
18475 4367
14060 1680
3130 1446
8181 13371
1072 1446
1446 18777
14682 7660
1832 8721
10544 6898
16211 4173
8376 1446
12340 4296
3254 638
1446 17929
13203 2946
13333 1446
14302 1446
13984 7403
1446 488
718 6394
5646 10482
17187 1446
7203 1446
12843 7846
1941 14466
7707 1446
5327 8398
19570 14603
18683 7328
1446 12135
1446 12186
19325 11564
17332 16764
12994 18687
1446 1559
2448 3076
19829 15602
1446 7982
1400 18131
9563 15540
15497 1446
8257 1446
17054 19545
11909 9822
9354 11443
7489 1446
13423 1446
4821 17793
1446 14618
10957 1446
259 8586
1446 2087
18367 5262
19035 7850
16126 1446
10669 1446
1446 14440
16111 6412
1446 4857
1446 1471
5954 1446
17112 17113
4020 1419
7233 10632
3561 1446
1446 11700
12985 16786
398 15941
19250 15160
1446 18111
18654 17870
11701 18842
19186 9012
16213 1446
2588 12250
1446 16557
8365 1446
716 1377
1446 15515
1446 7674
18367 1446
1446 1214
1446 3260
1446 17370
12723 1446
833 10441
1446 7242
8213 1763
8271 14435
16464 1446
13866 13984
1446 3096
7257 1446
413 1446
1446 15223
12896 11099
1305 9804
1446 1278
3410 1446
4461 2744
5216 16395
792 16073
3366 404
11390 1446
14342 1446
1446 445
5138 404
6229 2011
1446 15655
13220 18004
1446 13224
4867 1446
1446 3493
11539 13051
1446 8736
1446 17759
10727 1446
14378 12360
1446 17681
19845 1446
7428 14607
12701 8137
13860 3175
17076 1446
19049 4974
10694 1446
17202 14882
3474 1446
3596 1446
4399 17220
16827 3728
1446 12481
7689 17272
591 15643
1832 1446
1446 41
6650 1446
9613 1446
8426 2358
5324 8980
10463 14949
1446 19482
1630 12334
1446 2097
1610 418
17480 1446
-1
1446 1816
7736 19792
3037 1446
12950 1446
14170 1446
1446 12127
15993 1446
1233 2819
3096 4188
9709 18946
1446 9037
8748 1446
8819 1537
14676 3781
2185 13106
1446 10378
1446 14603
11935 1446
1446 10493
12441 4812
10146 1446
1446 7105
1446 2900
12594 8945
17120 10349
2905 18912
783 1446
17161 1446
7683 8187
1446 1439
18601 14151
9626 17533
1446 17981
11444 17486
16480 4188
13130 1446
14588 14958
1446 15949
3076 1537
5058 11035
4768 10510
10834 1446
2381 1330
1446 17827
801 7488
1446 10621
1446 13162
18716 19475
1446 5082
-1
1446 19155
4029 2885
5855 15411
3119 2730
1446 2230
8524 8353
5080 3030
1446 14230
15905 8813
14185 5563
6011 3706
1446 4555
10996 1446
1349 1096
1446 2781
11495 11744
171 17929
10606 9920
19897 7151
8808 8450
7023 16033
7614 1446
17632 2682
4539 1446
11658 19697
10202 14540
150 11206
1446 6171
1446 4953
13590 4696
4926 9999
18653 18131
18738 3384
3999 1446
4897 1446
856 1446
10906 1446
6588 1446
1446 5813
6127 19317
3561 4867
1446 4856
11628 18174
8811 16164
4887 8518
11144 12551
1446 10332
1826 6709
1446 11914
9706 19977
18873 3765
289 1446
13074 1446
14466 1446
6532 4941
1446 5700
4959 1446
1446 14882
1446 17313
1446 2439
1446 3511
11269 9999
-1
4030 6633
2082 19808
2234 1446
1446 17972
6755 4560
14976 1446
212 13580
10631 16006
1446 15322
14524 1446
15065 18506
15614 2066
427 1446
13203 16589
1446 5300
10890 1446
14894 13292
14565 1446
2061 9240
5556 15288
8813 4358
1446 13971
1446 7000
18874 14997
1446 18926
1446 934
1446 5507
12325 1446
1446 7058
1446 5027
5220 1446
1446 5020
1161 7384
-1
4778 9613
6216 6270
16205 1446
1446 6257
1446 3505
8870 1446
15965 14925
18119 14209
16010 13400
1446 17040
18950 1446
8251 15343
8769 17739
12874 1446
16278 16832
17829 2851
16015 8602
1386 17792
9057 1490
16085 157
17686 6332
4172 14686
1446 15520
7718 19250
1446 16895
1376 10854
15058 8431
1016 1446
15053 12766
10592 317
1074 879
1446 3981
19643 16858
7707 14854
14603 18312
9423 11390
16160 7366
14860 12237
3981 19482
16954 1446
17040 16096
15689 1446
1994 1446
19514 12431
1446 18003
15609 1446
7939 1446
11378 1446
14378 1446
12369 33
14306 1446
5264 1446
4320 9664
1446 10588
18904 973
571 9000
2171 19985
1446 9615
6292 12757
7396 10030
10237 6292
1446 7607
2924 4191
17499 12805
19965 16263
5527 1446
10061 8025
18475 1446
8092 11423
1446 18494
1446 507
4667 6030
1446 4191
13643 15799
11376 9072
1446 19594
1446 6895
8120 1446
8282 1446
1446 10615
7627 1330
9166 1446
13716 7189
11962 1446
17652 1504
7353 19049
365 2003
1446 10790
389 12382
9958 2123
9163 2131
16507 8797
11902 1446
11780 12286
14461 19809
10125 8748
19686 1446
19325 1446
1446 11722
1446 13201
19948 7003
1446 3621
503 19323
6046 11647
16326 7000
1446 19222
673 19904
1446 16362
7145 8047
18134 6633
6807 1446
1446 4524
1446 4612
11423 5252
19915 1446
15043 10061
1446 10605
1446 4838
15805 13120
-1
1473 1446
1446 13246
1446 12491
-1
14298 7199
-1
1446 18350
5567 4697
3288 1446
17540 1446
11019 5897
12821 19602
12660 16463
3917 6252
13038 10952
1446 6559
1446 149
3282 1446
1446 5608
1446 4889
6391 1446
1446 1461
152 18065
9723 18523
2829 17377
6597 5640
18778 18180
14494 1446
10818 13253
444 1446
10610 8507
744 14754
107 16250
17709 1446
19964 1446
6801 17732
6798 1446
878 5883
14274 17637
14761 3434
12828 1446
1446 17615
19401 15613
16920 4524
2576 2282
1800 17983
7144 7252
7765 8756
1446 18971
1446 857
1446 11394
8602 597
2519 17124
1446 18749
1502 1446
15052 1446
1446 12764
3629 5300
13675 5794
1446 10217
13588 8771
3290 1446
2452 14071
2100 18934
1446 983
945 1446
3230 520
1446 6718
19949 11758
1446 6292
2515 1446
1329 1446
107 11007
5600 2378
18510 8195
1446 16730
455 1446
1446 5896
1446 9395
12695 1446
1624 17506
352 3511
1473 1549
1446 3433
-1
18683 1446
7331 3384
13423 6903
3947 1446
16307 17657
7628 18681
1446 9976
1446 3772
5884 1668
1446 911
1446 17962
17681 19142
17388 5025
16006 9685
17680 9951
13588 1446
17288 2099
10973 4272
10176 7511
1446 207
11034 1446
9688 1446
1446 8601
1446 15024
1446 17091
7791 9688
7396 1446
-1
17940 10864
1446 8703
10083 1446
7757 18531
11495 10727
12519 7765
13632 7941
15371 5042
13891 1446
5462 1446
11230 1446
1963 5080
1446 2632
6315 19008
5444 628
12794 1446
11778 15097
17526 8987
15799 18183
1446 1927
1446 5529
1446 9526
15949 14193
17354 1446
3539 1446
18177 7058
1697 7627
13801 14461
13774 1295
13434 8130
9185 15322
18716 1446
1076 6601
16446 1446
10493 8970
98 3230
6492 1308
1446 11025
13920 5669
6731 11603
1446 11752
10352 1446
1446 17804
15777 12170
5651 1446
14030 9759
1446 422
14690 9327
11039 7039
17991 11640
17827 4862
1446 10090
4532 12822
1446 3659
15455 14302
12747 1446
3783 13647
2428 1446
7713 16463
1461 19404
11821 18117
12594 1446
7916 6729
5427 1452
9704 73
8596 11403
707 1446
17354 18453
1446 5450
1446 10106
1446 13697
15835 13737
1446 6621
1446 12510
7754 18241
18892 10352
1455 1446
70 3712
5082 7242
1009 1446
9694 4930
15073 11753
1850 934
9804 1446
18716 422
1446 5355
3876 14342
7612 1446
8771 9526
10953 1446
2158 3634
14974 5280
1446 3294
11122 2919
1446 12616
1446 12093
16708 18641
9554 2285
1446 384
14869 7927
11122 1446
192 16927
9000 623
3538 1446
1446 7971
1446 5168
1446 13585
1446 15704
17939 9624
3726 11286
3437 6543
18163 11592
4724 2285
13492 1328
2569 1446
1446 18117
19605 18146
19382 7171
1446 18916
445 8822
459 17829
19444 11460
2728 1446
1446 2912
12862 9624
10957 11407
19071 1446
14837 14525
6485 13162
1446 14682
17510 2443
-1
