4241 3755
1695 1742
3845 3525
1088 3845
1060 1695
3487 758
518 3919
3068 3709
3919 1874
2459 3709
2459 1620
33 3211
1874 797
1060 1826
2179 33
924 797
3067 2538
90 2538
508 415
1321 1620
4003 758
3309 1321
924 2223
508 1229
2667 90
3701 585
2657 3309
1682 1229
4046 1826
226 2657
226 2835
4046 554
2585 698
2142 698
2691 4003
3447 2667
2835 3597
231 3943
658 231
585 893
920 3597
554 1922
1682 3044
4233 1922
3902 4233
3044 487
2179 1941
2235 1941
3902 2878
920 2130
1088 2627
2130 220
1624 2235
2142 344
2146 3447
2627 1453
2223 4240
2805 487
2691 2800
3033 4240
1787 2800
1624 3022
3033 903
220 1675
1675 3076
2924 2805
3651 2704
872 2027
1453 481
2840 3022
2146 224
224 1530
2050 3651
2924 2502
1530 2606
2069 2606
2069 3526
1600 903
134 1600
3526 1087
1895 1087
2878 181
2129 181
2029 1895
3077 893
1897 3076
2129 3778
1897 544
2475 3778
4059 544
4059 943
2475 2399
2027 1427
2399 3876
1859 943
2656 2840
3360 1859
2105 3876
1787 315
1821 481
2105 1993
2502 1409
1466 315
3596 1993
3596 812
2451 1466
2656 285
2029 2759
3290 3360
1184 285
134 2569
921 1184
3290 440
1417 812
2569 1354
1417 715
205 440
715 1252
184 205
1252 1766
1821 222
1766 1672
2759 407
184 504
1354 2097
3173 1672
2097 356
343 504
35 343
222 1419
3363 921
1477 2451
3368 35
3353 356
3363 3262
3368 3775
3173 2106
2106 3877
1291 3262
1291 613
854 3775
2020 1477
614 3353
854 4081
47 3877
119 2020
848 658
407 974
1630 4081
47 3538
3041 614
686 1630
3538 3809
1409 706
248 686
3809 871
2706 1427
2545 248
1440 1419
2545 143
143 3229
613 1760
2492 3041
974 745
2635 3229
119 4101
691 2635
2492 842
1760 3959
4101 427
2403 691
745 425
1011 425
1370 842
871 3191
1276 1370
3191 2067
1811 1276
2291 2067
1811 4076
2932 344
2403 2795
459 2291
3077 1540
77 2795
813 848
427 2382
2915 2932
364 1011
77 952
2740 364
1283 952
1360 3959
1360 1713
1181 4076
1181 2537
3942 2537
3804 3942
2740 2423
3282 2382
3126 459
3637 3126
3608 1283
2266 706
376 2423
972 376
972 1980
813 212
1729 3804
3608 2055
3637 2859
4083 2055
975 4083
959 1440
2126 2706
1191 975
3156 1713
3438 1729
2859 4057
4057 1838
1249 2050
2266 4131
3156 1202
4131 4190
1540 3547
350 1191
350 3395
2784 4190
2971 3395
1146 1838
3438 807
1012 2971
2784 3218
3547 3012
2094 1249
1717 212
3131 1012
1202 3883
1146 1470
1470 2162
1717 1205
3000 3131
2915 4098
1806 2162
2943 1806
807 1857
3291 1205
2126 484
3896 3000
1857 3419
2682 3896
252 2682
642 252
1740 642
3218 1352
1980 1513
2943 2709
3606 3012
1888 484
1352 3236
2709 2375
3419 494
1740 906
2375 2821
906 1920
2094 2787
2391 2821
4098 3690
2419 494
1491 1920
3690 1410
1626 3236
3145 1888
3268 3606
1491 3344
1925 1626
3344 2237
1260 2419
2237 527
2787 4051
527 2442
748 1260
2886 2391
886 2442
886 2238
694 2238
2319 748
2354 1925
1210 694
3282 1244
3675 2886
835 3675
1241 1244
141 835
2319 1584
1210 283
3291 3304
2726 283
1410 2536
1241 3604
1162 2726
1962 1584
2575 3883
141 4237
1513 3805
1162 916
3145 1723
2730 1962
3327 4051
2730 100
3805 617
1327 4237
417 916
1269 1327
2033 617
1269 4223
4223 1780
3268 1069
2965 2354
417 856
2965 1872
2575 1550
3540 1780
3540 2301
1872 2770
2033 1604
856 1681
2301 2372
1681 3957
1522 959
3349 2770
1604 1037
2100 100
563 2536
1014 3327
2372 3013
2735 3957
2735 4159
4159 1701
1487 1550
1037 2271
269 1701
2398 3013
269 3021
3021 1271
4219 1271
2398 657
2701 657
2557 2100
2701 1412
1412 2532
4219 1843
4193 1487
187 563
1351 3304
947 4193
2532 164
669 1843
1449 2271
3186 164
1564 669
1449 1507
2566 2557
3355 1351
2566 57
1311 947
1564 3266
3186 3425
3764 3349
1812 3425
3174 57
3266 2387
1129 1507
336 1812
558 336
1129 2311
765 3764
2281 3604
528 2311
677 558
2404 765
1149 677
2387 1395
1311 3703
528 2294
2281 3019
1522 3882
2404 1450
2220 3174
3893 1450
1395 759
629 1014
4014 759
4014 51
1539 51
3968 2220
1539 1538
501 3893
1505 1538
1505 3514
3514 1707
720 1069
2294 2986
1707 1671
3968 632
1030 501
3223 1723
2525 1671
1008 1149
187 2053
1030 1532
3882 1459
1532 3623
632 76
76 2210
3703 3599
1008 2165
1759 1459
2525 2955
3223 3039
1455 2165
1455 2727
2955 1104
3610 3599
3574 1104
1485 3574
3623 368
3610 2659
85 2986
1485 1474
4122 1474
491 629
2830 2659
2727 3296
4122 2302
3019 1428
3713 2830
3296 2552
2931 2552
720 1464
1775 2931
2073 2302
3910 2073
1519 2210
3910 188
1775 3513
3513 1364
1679 3713
368 2499
491 1211
188 2039
2491 1364
4213 1679
85 2405
56 3355
4213 3924
3924 1690
56 1576
3430 2491
2039 1314
3440 2405
1660 1428
578 1314
3440 3122
1660 1779
578 2457
348 3430
3078 1211
419 2499
1519 2588
348 2458
1779 2846
123 1690
1642 1759
123 2057
3457 2458
2053 3405
2588 3461
2457 2962
1322 2962
2553 1322
3810 3461
2846 4235
419 3998
3770 2553
654 3457
3770 2108
363 4235
4183 363
2057 3050
721 3050
2969 3810
1705 3122
690 3405
961 2108
2219 721
1642 3463
3998 4156
2604 961
2969 3773
2219 1304
654 577
1705 2358
4183 3003
1127 2604
1807 577
1464 3578
1054 4156
1127 2505
1822 2505
1758 3078
3639 3773
1807 2249
1822 1036
1045 1036
3570 3003
2135 3639
2358 3620
2249 132
2786 132
3463 1652
3777 1576
3169 1045
3946 1304
1855 3946
2240 1054
1855 4010
1153 2135
2209 2240
2321 1758
2786 2260
2260 3238
1368 3620
3212 4010
2251 3169
2251 172
2321 1976
3491 1976
2156 3212
2523 3570
2209 1442
3429 1442
2156 3414
3577 3491
1388 1153
3238 573
1368 2527
3479 573
3627 172
3479 3141
105 3429
2549 3414
3627 933
355 3777
3689 2549
3141 635
3578 214
635 4088
355 3439
2523 3094
2103 3689
4234 2103
4200 4088
2215 933
3439 3040
302 1388
4200 1938
302 2653
3040 3658
2215 4167
843 1938
4167 2882
2653 1777
3453 4234
3511 3577
3453 318
1777 1815
4110 843
4110 729
2527 3443
318 3494
3658 1279
431 3494
2882 3265
3443 1356
1815 1308
2355 729
2460 2355
2861 2460
3265 498
2373 498
2861 3583
446 1356
3738 3583
4214 1308
4214 909
3738 3059
1861 2373
3511 939
2284 214
431 1639
1639 3184
78 909
1279 1053
1156 3059
1663 1861
2337 446
2717 1156
3094 1618
2672 939
1663 258
3983 2717
3983 2272
3184 3203
1618 3079
2337 3285
2004 3285
3079 2177
786 258
3203 2832
3987 105
1067 2177
1535 2004
1803 690
206 2832
3039 3034
3334 2272
206 2124
3286 1067
3359 786
534 3359
78 2112
534 2554
1625 3334
2213 1625
2765 3286
2765 1385
2199 2112
4157 1535
2199 2077
2621 3987
3313 2213
1728 2554
3313 2046
2621 4001
4001 1472
1053 1921
1728 3293
2046 1607
1607 2970
1593 1385
4157 3200
250 2970
2896 250
722 3200
102 1472
889 3293
2124 2434
1803 1253
1105 889
1105 719
1908 2896
2434 2031
944 1652
2031 3045
719 3552
2600 722
1020 2600
3356 102
2672 2436
4096 2077
341 4096
830 1908
1173 3552
830 1902
768 3356
1173 207
2674 1253
3512 2436
18 3045
3979 768
4224 1902
3979 1965
207 4100
4224 2218
4100 2853
3269 2853
3269 121
18 1382
1965 404
121 2092
1462 1921
1462 2282
404 2286
2508 3512
595 1382
2092 3562
549 341
1138 2218
944 1135
3562 3451
1138 3792
3792 1048
3082 549
2286 1670
1381 1020
1381 2485
3531 1593
3853 1048
1764 3451
3853 3711
595 1528
2906 2674
3711 1386
2485 4031
3531 2556
1764 1326
1386 2140
3796 1670
165 3796
2140 630
2508 2241
2556 233
369 1326
2101 165
369 3605
1551 3605
3082 352
1551 157
630 1595
243 233
3034 1697
4031 392
1158 157
1595 472
897 1158
897 3263
472 496
2906 965
2558 965
1528 2340
784 243
1743 2340
1383 3263
1840 1743
784 2751
392 1784
1383 551
2101 448
1784 130
2207 1840
3018 551
496 3442
2207 1411
3442 325
3765 130
1650 2241
2558 2292
1407 1411
741 3018
1407 3161
3765 3963
325 2230
3748 2230
3289 2282
1893 3748
1350 1893
467 3289
448 3303
1376 352
3923 3303
1350 1680
3923 1463
1680 3245
3653 3245
741 3554
927 1650
4144 1463
526 3554
1479 3161
2440 3653
2117 2440
1345 1479
467 3471
3963 2030
1243 4144
3471 154
2676 1243
2244 1376
2186 927
2 1345
500 2030
1115 154
4227 2751
500 1504
4227 1130
4074 1504
2117 1994
2676 3915
432 2
1994 1335
1697 79
2016 432
2785 2016
3182 2244
200 1335
526 1302
4074 3008
1302 3768
3768 3567
3381 200
347 1130
3008 2741
92 3567
3915 2352
92 2874
1057 3182
4033 1057
2186 1978
3582 2352
3960 2874
1978 697
3762 3582
2543 3960
3381 782
1324 3762
1324 3098
79 700
2284 2345
3938 347
433 1135
697 4071
2543 2032
273 4033
2929 3098
3233 2785
2032 1224
3477 3233
782 2596
2741 2161
2929 2858
2316 4071
735 273
2596 751
1177 3938
433 2613
2858 1151
3121 1151
740 1177
3121 2034
2447 1224
1307 2447
1155 1307
1823 2345
1871 751
1064 1871
64 1064
3010 740
64 1121
2012 3477
1115 2164
2968 2613
1916 1121
266 2316
2908 1916
1823 1444
1606 735
1035 2012
2292 335
597 335
160 2908
2687 1155
700 3123
1180 2161
4211 1606
266 1864
1406 2687
2630 1406
160 3137
3075 1864
3137 2381
1367 1035
1367 2289
3075 3206
2289 4218
2708 3010
2630 362
825 4211
1957 2381
1692 3206
1957 4165
825 3661
1692 1296
3624 362
3624 2113
539 2113
3434 539
3434 2573
4218 2890
3661 1789
1789 2700
667 2034
1180 3694
2890 2083
4165 3231
693 2700
2972 2083
637 3231
752 2968
1712 2164
2708 2711
308 597
2573 1006
2396 3694
3454 693
2972 3065
2320 3065
1006 2743
2513 1296
2743 3922
153 3454
637 3677
3922 2330
2330 2851
153 1343
1444 1443
3546 2320
135 2396
1343 2779
3677 1873
2807 2851
2807 1996
1873 1027
1661 1996
1661 1927
827 752
1934 1027
135 456
3546 4061
1934 2374
4061 2520
2779 2611
324 2374
3837 324
2711 1175
1927 3160
3837 3801
3801 2205
2520 2665
2665 3952
1175 1578
3267 456
3319 3952
486 2611
3160 2661
63 2205
667 2246
1898 1578
2139 486
3016 1898
2246 1537
2661 1907
3051 2139
3900 2513
970 3051
3900 3789
3335 970
1443 2182
4113 1712
1172 827
1907 4095
1537 303
3903 3319
2699 1172
2198 63
3335 1214
1214 3444
166 3016
968 3789
4095 2510
2510 4079
4158 308
2198 2772
968 934
2699 3823
1357 4079
951 4158
3267 954
1738 3444
2772 2696
2696 2208
3905 303
2824 1357
624 2824
3085 624
1554 1738
2275 3905
1255 1554
3464 2208
3085 4
3464 3256
3767 3256
3903 1245
4 1077
2431 1245
3767 1441
3325 1077
2275 799
934 1632
4178 1255
1426 3325
929 1426
954 1983
799 2264
1762 951
2863 1632
2182 2518
1377 2264
2707 929
1983 2958
1441 2698
2958 152
1568 2707
3239 4178
1568 3920
2718 1377
3920 3450
3941 2698
3450 2007
3751 2007
1699 3941
2263 166
3751 3758
2431 3622
3758 489
1101 1699
489 1947
1975 152
129 1101
129 1498
1254 1947
2088 1975
1536 1762
3300 1254
3061 2863
1355 3239
1498 4041
4041 2193
3951 2088
2348 2263
2542 3951
2193 666
666 4073
354 2718
4073 1349
2542 2985
3300 2276
2616 2985
4023 1355
2583 2348
2466 4023
1349 2762
381 2276
354 3136
72 2616
3611 3136
3616 3622
3616 826
1301 381
72 3225
3322 1301
3322 1633
4138 2583
1031 826
2762 769
3611 2427
3715 769
1818 1633
272 2427
3881 3715
3108 1818
3108 2712
887 2712
4138 483
1029 3225
2178 887
272 2917
2178 1853
3823 3459
3061 2360
2360 3307
81 3459
1029 988
1336 2917
3096 3881
450 4113
3502 3096
1336 1834
1875 1853
2619 3502
2619 3465
81 2782
2466 136
1875 3794
339 988
2838 1834
3794 2760
3053 483
3465 607
607 3403
2760 2978
917 2978
136 2801
2379 917
2838 1794
1794 3345
466 3345
2782 3640
3375 2801
542 2379
3375 1724
3403 68
2869 339
3192 542
989 3192
3822 989
1188 68
1486 3307
1031 80
4038 1188
148 80
466 2371
3170 2869
767 1724
3026 3170
4038 1085
3707 3822
3640 2504
2078 3707
4160 767
1085 1649
3657 2371
3026 3249
3249 3295
2078 1862
1862 703
1649 3672
3898 4160
1288 3898
703 2393
2393 492
148 4029
260 3657
492 2866
3435 2866
3672 4018
2518 2138
2331 4018
1163 3435
1536 1178
1163 1753
2813 1288
2331 1523
723 4029
4163 1523
1753 2836
1486 701
2836 3144
723 3533
3053 2946
3112 3144
2000 4163
1193 2000
1387 3112
1686 1193
2844 3295
2324 1387
1686 1353
3533 2227
777 2138
260 2894
2813 41
229 2324
863 2894
229 572
572 1842
1353 1911
863 3332
3123 4070
2933 2946
701 215
41 3909
1842 2040
98 2227
1482 3909
2504 4222
2844 253
2040 2332
2895 2332
4124 2933
2895 4063
1482 817
253 1189
215 781
1503 1911
2681 1503
2822 2681
98 679
2822 2191
679 1341
3332 2692
3986 817
4063 1109
2692 497
777 1577
3797 1189
497 1918
2191 1547
1547 3251
2734 3251
2854 4124
209 3986
2496 1109
520 209
520 3668
781 1955
2195 2496
2195 4105
3631 4105
824 1918
3668 3086
3631 2918
1341 1416
739 2918
1923 1178
3086 2066
824 2380
403 739
1416 2529
2867 2734
2529 384
2087 384
1235 1923
2380 1000
1949 2087
1520 2066
3797 4072
2163 1000
3565 403
3705 2867
3565 1579
1170 2854
1876 1170
680 4072
1876 3886
2947 1949
1520 2989
1579 3561
648 680
1936 3705
547 1235
755 1936
3994 3561
3232 3994
3232 3722
755 3630
3630 2184
858 3722
450 4171
3886 2923
2184 1905
2923 3727
1285 4222
3727 2285
1905 2511
648 673
1004 2511
858 2278
4171 2628
1004 155
673 3274
2989 4027
155 1282
2278 2778
2285 3940
3826 2778
4093 3940
1282 281
4027 3569
3048 3826
547 3575
1748 3048
3564 3274
3569 254
3117 2163
1955 687
2388 2947
2109 1748
3397 2109
2764 3397
2388 4086
40 2764
1930 3564
3117 3961
40 3482
281 3288
3482 2107
3288 2638
3017 4086
3017 923
1285 359
2883 2107
1640 1930
1640 313
2883 2155
923 998
254 2572
3527 687
998 985
2481 3961
2572 3854
2638 190
1715 3527
3854 3478
3198 1577
875 3478
190 443
2494 2481
443 2591
1152 2591
2755 2628
275 359
3441 275
1715 2474
1266 2474
2586 875
682 2155
1152 2748
1240 2586
1328 1266
2748 1594
682 4132
4093 2632
2290 1594
2494 4166
1018 2290
1018 312
1754 985
2478 1754
1328 1648
4132 2479
2479 2383
2539 2632
4055 2383
2938 4070
4166 3250
313 4230
3254 312
3350 3254
1212 1648
1562 4055
3456 2539
1187 3250
2221 3350
1240 3739
2307 4230
264 2307
3456 2806
2221 2497
1219 3198
264 1094
3124 1562
3739 2267
3575 3445
1668 3124
2310 1094
1212 1499
1546 2267
4111 1187
3118 1546
2471 2497
2102 1668
2921 2471
4140 2921
2102 4194
1219 104
2693 4140
3118 3970
993 3970
4111 4145
4145 2930
2724 4194
2114 993
1954 2478
2724 2976
1928 2976
3210 2806
1451 1928
1848 2755
3441 1599
1678 2310
2938 2570
1954 1948
2127 1451
1948 4117
3023 1599
853 3210
2127 1134
2639 853
4012 2693
3015 2930
3276 1134
421 3445
421 71
3415 3276
3100 2639
2002 3415
2002 1583
4117 1995
3149 3023
1678 1696
4012 1514
1499 405
1696 3581
1995 2327
2114 1429
2587 2327
1583 4136
161 1514
3100 2222
82 3149
2353 1429
4136 1744
2072 161
210 3581
3030 3015
82 3347
2587 2261
3830 2072
1926 1848
104 1099
71 3642
793 1744
405 2758
2261 1569
2283 210
1569 397
3830 219
2353 1971
1290 3030
2222 1435
2758 3662
219 2614
3662 1144
2614 2819
2300 1290
110 397
110 3143
1144 2677
793 346
2283 406
1051 3143
1866 2570
2603 2677
1586 346
1800 2300
2115 1800
1866 3081
2819 2519
1167 2603
1099 1603
3452 1051
1586 2872
3452 581
1851 406
3347 963
2953 1971
1526 1851
1435 3180
3180 794
1167 2456
345 2872
1496 1526
3964 794
2115 1309
3964 1323
3260 2519
345 4069
3260 2125
1261 1496
3683 1323
1309 3935
565 2125
1261 3844
67 581
2624 3642
2953 2827
1953 3844
3081 3827
1192 565
1312 3683
1192 1275
4069 809
1313 809
3927 2456
2694 3827
2051 1275
1281 1312
3927 2798
3645 2051
3115 2798
1953 3543
3710 1603
67 2378
2636 3543
3696 3935
2774 2378
1901 2694
442 1313
3115 3925
2636 1141
2576 1141
736 3645
2774 2768
1581 442
963 1039
351 1581
2827 791
2624 978
3710 2287
351 3572
955 736
413 955
3572 668
2550 791
4175 2576
1792 668
2768 3080
2550 46
1926 1090
1792 1667
3725 3696
3080 328
2368 46
413 2736
3916 3925
3680 2368
2488 3725
931 1281
1804 4175
1667 3135
1889 3916
510 3135
931 3528
2736 197
849 978
1222 510
1222 1286
1750 1286
2974 3528
1609 3680
1750 1767
1039 2738
1609 1543
311 1543
1767 3781
3484 311
3315 197
3781 3104
2488 2540
2438 1804
849 14
4050 328
3104 74
4050 1231
2738 1741
2540 3693
2185 1889
2185 3530
1090 2104
3315 193
2580 193
2188 3693
2287 1150
74 1903
2974 1147
2571 14
3484 696
2571 640
3339 1147
696 778
1231 365
1636 2438
2546 2580
778 4128
1903 2637
1215 2188
1215 555
3530 2070
17 640
2637 2160
2546 1493
1506 1636
2160 3151
3664 3151
3339 3155
3997 555
1739 1493
4128 1634
2655 3664
4155 365
2655 2939
3997 3431
3155 4091
3652 1634
3466 2939
2944 1506
3431 3985
1739 513
612 2070
2680 4091
3625 4155
612 2905
1150 4103
3109 3652
1365 2104
3466 1730
1879 513
1730 3362
3759 2680
3109 4177
3992 4177
1879 39
3362 3687
3992 1194
3037 1194
2728 3985
1495 39
3687 3317
3037 3279
3389 1901
3317 2788
3062 4103
3279 3649
3625 2912
17 259
1495 2452
2996 2728
2788 2495
1207 3649
3005 2495
2893 3005
3558 1207
2452 330
2905 2462
2206 2893
2996 1257
149 3558
2912 378
2192 1741
2192 3103
330 1772
3759 2019
2944 913
1772 3726
3292 3726
1946 3292
149 689
1007 259
1007 2684
378 383
2019 4185
1257 1070
689 2075
3354 2206
3354 2723
2334 2075
3199 2723
4185 3848
1070 1910
3848 1471
659 1471
1716 3199
1946 1587
383 6
2684 1979
4118 1910
2334 387
6 2889
3047 1716
3047 966
426 1587
1117 2889
4118 1436
387 147
2987 966
1365 218
221 2987
221 744
1476 744
659 1201
1436 1831
2441 2462
1102 147
59 218
1201 2620
1117 2767
1102 3995
3803 1831
2620 608
295 2767
1476 1612
695 3995
695 2945
3312 3803
295 3862
879 1612
2074 426
3062 3336
533 3862
493 2945
2892 879
1123 3103
2303 2892
550 2303
608 1131
1658 913
2826 59
3382 2074
550 2262
93 1658
371 493
3382 3240
599 93
3235 3240
977 2262
2670 1123
1397 533
977 1297
2304 371
1529 599
4184 1529
3235 3813
1342 1297
3813 2897
445 1342
453 2897
2541 1397
4184 1912
865 453
865 3428
3312 106
3428 2794
2168 106
3336 576
1561 1912
1833 2304
1833 3177
3177 2920
445 3146
1358 3146
2441 1518
2168 1689
1358 1849
2794 2535
2920 293
762 1849
2541 2902
1561 1676
2902 942
2118 293
2118 1989
1265 2535
2911 1989
1095 2911
1676 2085
1131 3009
1265 196
3009 523
2085 3648
1518 213
2817 196
762 1338
3244 3389
55 1979
2022 2817
2022 3673
1232 3673
3259 1338
589 1232
973 3259
973 2643
1310 2670
52 213
52 3856
589 3283
3283 3205
2643 246
204 942
2980 246
1709 3648
3205 2797
2797 3563
3490 523
1310 4176
2214 3563
3871 2980
2063 2214
2063 908
3871 1220
3785 3856
1220 240
349 908
734 55
2008 349
240 2626
2187 1095
1246 2008
3972 1246
1689 3663
1083 3972
1083 2421
2563 2421
1165 2626
2826 2472
3786 204
1709 2058
2563 3783
512 3786
1165 1992
2876 2187
734 2180
4005 2876
4005 3196
3196 422
688 1992
4176 2293
2472 1852
688 277
901 576
2144 3783
2562 512
2562 314
277 2119
2350 3663
2119 1026
2559 1852
1653 3490
317 2293
2145 2144
3242 2180
2448 901
3423 2058
3423 2769
2145 372
2059 3785
2722 314
3073 2722
1454 1026
1653 899
3329 2350
1454 2234
2234 3947
1659 3947
874 899
1195 874
3825 2059
1659 605
605 1010
2559 1052
3242 3148
3073 788
144 1010
788 1582
3391 3329
1582 2342
422 1237
574 3391
1195 2870
3542 144
2769 3321
1237 926
574 3305
926 992
805 3825
2464 317
3865 372
3865 62
3542 1274
2870 3984
3634 805
3383 3984
3632 1052
1917 992
3859 62
2464 145
1274 2065
2342 331
3383 3772
3917 3632
3305 2254
3634 27
3966 2065
2158 3966
2121 2158
2448 3420
2254 3178
3178 3280
816 27
3772 458
3321 846
101 2121
331 3326
846 306
1005 101
3280 743
2593 458
1566 1005
3859 1294
936 816
306 2982
418 1917
2644 1294
2228 3148
649 1566
810 743
2644 2839
649 3087
2839 357
418 1400
3087 641
540 357
2362 540
2362 3870
4180 1400
2982 3884
3884 1850
25 936
3326 622
2952 1850
3692 25
575 3692
20 145
3870 937
2952 1502
810 1250
3142 4180
1250 1390
16 1502
3133 1390
3636 641
2242 3142
2531 2593
2242 770
309 3636
937 2339
2411 309
747 622
1510 2339
1154 3133
16 4078
1423 4078
651 575
747 1339
3163 1510
770 3147
3835 3147
651 1829
1700 3163
3724 1700
1829 709
1394 3835
4040 1423
3724 3230
2531 1645
3880 3230
2533 4040
2411 971
20 1122
971 3779
2745 3880
3244 485
374 3917
4006 2533
4006 556
4004 556
3779 833
3046 2228
4107 1394
485 2268
3517 4004
2745 3831
587 1339
2855 4107
389 374
1929 3831
1929 1251
4048 3517
3815 833
1645 1021
3408 389
517 1251
2642 517
1122 2601
2137 1021
327 3815
2642 1959
3384 2137
1366 327
1959 3522
4048 3083
3522 2028
2028 4204
3083 2446
2855 150
2141 150
1366 1613
1509 4204
1613 1727
3365 1727
2141 2239
1509 773
2446 1865
3365 97
1710 587
709 1828
773 22
1467 22
1710 3427
4238 97
3427 3505
1154 3716
1169 3420
3504 1865
322 3504
3688 2601
3716 2154
3384 4056
4056 3201
4210 1467
2174 4210
2239 1272
482 1828
3201 3158
2351 3505
482 3851
2174 174
334 3851
2154 4209
1542 4238
247 2351
1542 1573
247 3437
1573 626
174 1114
580 4209
580 3241
3573 1272
334 2618
626 2444
3158 3869
919 3869
3241 360
3437 2377
414 919
1114 2465
414 3834
360 2021
1277 322
3656 2377
2444 2299
538 2299
790 538
1174 2465
3656 1987
790 1644
1174 1702
1702 333
3776 2618
1987 1420
983 333
2365 983
1816 1644
1277 2131
1420 3074
2857 2365
3834 861
2131 3413
2857 1044
3532 3776
4020 3413
1044 1415
3074 3774
32 1169
2021 2273
2226 1415
1256 2226
861 4139
1256 3590
2703 1816
3774 4109
3590 1433
1199 4139
2828 1433
1199 1511
2828 3704
2716 1511
3734 2703
2716 616
948 3046
3734 3474
3474 1832
3376 3532
616 600
930 4109
410 3704
3573 2568
2273 69
600 2960
2568 2595
818 930
898 1832
337 3376
3330 898
4215 2595
3066 337
410 785
3060 3066
1785 32
1116 948
1735 818
2503 785
2503 3974
1116 2843
4215 2516
579 2516
2934 3408
1003 3330
73 579
1890 2960
1003 2992
2992 1024
69 3990
583 1890
278 73
1024 3071
1735 1950
1300 3974
4020 2305
60 1300
170 278
3071 4025
2771 4025
860 60
2771 3311
2346 3688
860 2668
3311 1075
3679 170
396 2668
1218 1950
3281 396
2934 3855
1785 1704
3595 583
3281 2493
1075 1190
3990 179
2977 1190
179 3980
2470 2493
1776 3679
2470 535
3004 2346
2305 3761
2843 728
1704 4205
2808 2977
245 3761
2808 1015
3980 3944
2095 1015
2095 521
1159 521
2418 1159
3595 379
1776 1719
2468 1218
1919 3944
535 4087
3855 2394
1719 763
2424 1919
2418 2313
3002 4087
2468 2998
4017 2313
245 329
1731 3004
1972 2998
1597 1731
3181 3060
379 480
3667 1972
3093 4017
3093 3101
1182 763
3867 1182
3667 1847
3002 675
2910 675
3939 3101
1186 2910
2424 2809
1186 117
1597 603
329 1545
4092 1545
117 4148
3730 1847
949 4148
3390 4092
949 3224
2394 1788
3939 3904
299 2809
499 3904
1608 1788
499 4152
787 3224
787 2916
1608 2026
1827 3181
2733 480
1025 2733
1827 3258
603 2581
3730 2744
4152 3460
299 4102
7 2581
2916 1945
1945 1588
3555 2026
3867 604
604 1469
1469 2297
1984 1588
1984 618
3506 3460
2744 509
2297 2842
3524 509
127 2842
1025 4208
1197 3506
3545 4102
366 3524
2567 366
2366 1197
3390 3628
2410 3545
4208 3433
4129 2567
127 1628
3433 3674
1628 1299
2849 618
96 2849
7 2132
2410 621
2366 2315
140 4129
2315 2443
1399 621
1943 2443
2983 1399
96 370
49 2132
3407 370
3670 3407
1858 4205
3258 3116
1720 140
1424 1299
800 3670
3887 3674
1720 3641
2688 3641
800 4229
728 3587
1943 1330
3933 2688
3933 2437
3587 3969
1330 3234
3234 1009
1858 2270
820 2437
4134 3628
305 3887
1424 1196
3892 2983
566 4229
3331 820
2224 566
3331 171
2224 2038
3892 2975
2038 976
976 1063
3116 678
1063 3226
2671 3226
2671 4049
1560 305
4134 3849
3275 4049
678 2338
3814 3849
1935 1196
3275 3406
3246 1009
1560 2750
2015 3246
1935 1183
3406 1964
2268 1698
3833 49
3833 108
2975 1778
808 1964
1778 3057
808 2702
2338 3588
2176 2015
3743 2270
3967 2702
3588 582
1183 1143
2750 2679
3967 4080
3057 2940
4161 171
2086 1143
2176 297
297 3782
194 4080
1646 108
3814 4097
4161 4217
2086 2914
3782 628
2204 628
194 662
3593 2914
1148 662
4097 1171
2204 2649
2940 2326
1837 2649
2047 1148
3750 2047
1837 1439
3593 3387
3492 1439
3492 88
1478 3555
2875 4217
1046 3750
244 2679
1046 753
1171 2013
990 88
3132 2875
2548 753
244 1071
990 167
4191 582
1878 2548
4133 3387
2326 2370
4133 3912
1878 2025
3132 8
2370 4114
1646 1915
167 2937
2335 3912
3743 726
2862 2937
1746 2862
2013 1572
2025 162
1746 1860
162 3006
4045 2335
1860 4066
1110 8
2212 1071
3006 1458
1458 358
2159 4066
643 2159
186 4114
358 750
1572 1262
1110 2134
571 643
2612 750
2212 1664
571 3208
1915 4201
2080 3208
2803 2080
2134 2522
1374 2612
2803 845
186 737
845 987
4162 1374
652 2522
4162 1515
1698 3934
3969 2357
1664 3817
987 1248
3448 1515
3352 1248
737 475
1262 3931
1500 3448
3557 4045
1734 652
1553 1500
45 1553
1814 4191
45 1817
1817 3409
2385 2357
3409 3584
3557 1264
3352 3195
1176 3584
1333 3195
3934 634
1814 4181
3468 1333
1734 2476
2091 1176
3468 3348
3398 2476
4002 2091
3105 2385
4002 3102
880 3102
3398 2322
3817 3252
1362 2322
3832 1264
3510 3931
1706 880
475 3614
567 1362
3508 3252
3614 192
3735 3508
2274 567
3510 771
3348 4058
3633 4058
1706 1669
3633 1038
771 1023
3832 623
625 192
3 1478
70 625
156 623
34 1023
3669 34
4181 1557
3035 1669
3735 996
3669 3873
156 1445
1557 1619
3099 1038
3873 4052
3099 2564
2279 996
1703 2274
3857 4052
2236 70
2564 3791
3791 1434
519 2236
4065 2279
1445 1684
3035 2483
2036 2483
2036 2967
3 733
1298 1703
2954 1684
1619 524
2663 519
915 1298
1434 2166
2954 1432
3204 2166
2052 4201
524 1830
4121 3857
3537 3204
3629 915
2981 3629
3058 3537
2967 3678
2865 3678
2865 1221
1708 1221
3165 4121
1708 1371
4044 3058
2663 1078
1179 1371
1432 2697
2697 3894
4044 515
1846 515
1016 1830
1846 1164
2641 2981
3165 2280
228 1179
375 4065
3780 375
1401 1164
3183 1401
2084 228
3894 2753
895 1078
1749 895
1016 2167
2280 2690
3393 2167
772 3183
2487 634
619 772
3167 2753
3105 2850
2964 1749
3799 2850
1378 2052
2833 619
3393 3166
733 3302
3799 1375
249 3167
2641 3501
3780 3346
2833 4009
249 2312
1892 1378
4009 1041
940 1041
1293 2312
3521 2084
2956 2690
940 1347
2841 1293
1558 3521
3036 3166
4137 2964
4137 4084
1204 4084
3139 1892
1204 847
3324 3346
2956 3446
1347 1447
548 1447
3036 411
1580 548
1580 2648
411 3626
3626 1247
878 3501
3991 1558
726 1819
3991 2898
2898 2099
2099 804
291 804
3139 981
981 3063
3446 1937
2841 1525
3159 2648
1937 3928
3063 2829
802 3928
2710 3159
802 1656
291 1900
3324 1601
1525 1961
2710 3535
4039 1900
878 1868
1601 1332
1375 598
881 1247
847 3712
3647 3535
3908 3647
4039 2598
2598 2157
3908 2544
1961 2079
2763 1332
3769 2544
2079 2594
3306 2157
3277 3769
3306 1931
2181 2594
1981 3712
1981 1259
3277 2810
2400 2181
2810 991
1259 1082
2461 2400
1082 1552
1552 2081
1868 3386
2081 3027
4108 2461
1059 1931
3031 881
1059 840
2417 840
991 118
3247 2829
4108 15
1656 1986
3385 15
2816 118
2816 1884
3386 3392
2417 3643
3031 1623
1068 1884
711 3643
1623 4188
3897 1068
3247 1481
3385 1263
1733 3027
2555 2763
822 4188
3550 711
3926 3302
2555 1711
1711 1142
1896 1986
3897 2014
2725 3550
1733 3615
2515 598
3615 2919
1263 3152
3377 3392
4206 2725
1481 3412
3416 2014
2232 3152
4206 3921
2950 3416
3377 3729
1142 796
3729 180
3921 611
611 402
3412 2364
2232 4120
1791 2950
822 932
1185 2919
1389 402
2018 1896
2018 3930
3977 4120
2433 1791
3197 3930
180 3948
3617 1389
1118 2487
2433 2044
2044 2901
4143 3977
1622 3948
1617 1185
12 1622
2392 2364
1452 2392
3617 2416
4187 4143
2901 4207
1565 1617
2416 3320
12 1990
4207 1234
3197 13
2757 1234
2463 1452
1565 1055
1055 3829
3850 3829
780 2757
3320 239
4187 3731
859 932
1819 656
3850 3475
13 434
3891 1990
2110 859
3891 2194
4130 239
780 2009
3731 3364
2110 420
2253 2194
4130 2037
2009 1034
91 434
1034 1963
2037 1480
1480 1348
1963 982
2253 1974
1489 1348
457 1489
91 43
65 2515
3475 3529
1793 65
457 644
2042 982
43 2660
1405 3364
3529 596
3176 1405
644 2006
3176 1402
596 1316
1647 2042
851 2006
3209 2660
1797 1316
1402 724
151 1647
3209 760
420 3879
3723 1974
400 656
151 910
3937 3879
760 4021
319 910
319 3043
1883 3926
3043 2024
796 2401
1118 3560
851 3838
2024 128
3220 128
1793 653
3220 1638
3090 3723
3838 2991
1977 1638
1977 1944
1430 3937
2991 1258
2579 4021
468 1258
2463 3488
2325 468
3213 3090
602 2579
4221 1797
789 602
1944 3207
1883 280
2089 724
3213 1097
2605 1430
2605 230
2823 2089
3207 1372
1372 401
286 3488
107 1097
3861 107
1999 2325
3024 3861
173 1999
3024 3366
2823 241
173 3294
685 3560
3294 139
4125 789
401 1344
286 1280
1456 230
2314 1344
1280 1810
2314 2654
3676 139
241 1982
1113 4221
3366 663
2257 3676
663 2295
408 1982
3228 408
2654 829
653 1629
3875 2401
3858 3228
1113 2217
3499 4125
1737 3875
2257 664
3541 829
2295 2673
3541 3660
594 400
203 664
3660 1906
1906 552
1796 3499
3858 3878
552 3971
3828 3971
1956 203
1796 3038
3828 284
1956 1555
2363 3878
1227 3038
1555 890
2336 2673
890 3154
2217 1932
284 2622
2622 2825
3162 685
3449 1810
1737 1391
713 280
3798 2825
2336 1769
3175 3798
1769 234
444 3175
1932 3852
3609 2363
211 1456
4203 1629
234 3756
3852 4154
1230 444
3548 4154
1303 3756
2689 3154
1086 3609
1230 1966
217 1086
251 1391
2414 3162
2689 3187
1227 30
3130 30
251 382
3187 586
2879 1303
409 3130
3548 476
586 2565
1145 1966
217 2068
476 3114
2068 3719
2565 1490
2412 3114
553 3449
3458 3719
2175 2412
1490 2966
3458 2148
672 2148
409 394
2879 2430
672 1305
2966 3157
3157 1337
2225 394
1145 4149
1820 2175
1305 2678
382 2789
4149 3214
4089 2430
3214 761
2935 1337
761 958
2678 1132
3945 1820
1132 3847
3341 553
2845 958
1968 2845
1968 3556
2344 2935
2225 2439
3945 1421
2789 1904
4068 1421
4068 4016
2344 4032
3556 3069
1340 4089
1340 671
3134 4032
3358 3069
2439 3189
1287 3847
1287 2907
3954 3358
3607 211
671 3733
1043 3134
2907 967
4203 1325
3189 2426
1043 3370
3888 1904
3536 3607
3370 530
530 4150
3733 2296
2602 967
2151 1325
428 3536
4168 4150
1295 2414
338 2426
3378 2602
10 3954
2590 10
2590 262
2151 3515
1319 4168
1306 3888
2172 3515
3221 3378
1306 1877
1877 1825
290 2172
262 1899
2296 3654
4016 2071
3654 841
1318 1319
3424 1899
4146 1825
428 1361
1475 1295
2265 3221
1924 3424
2599 1318
2720 841
3270 2265
1073 2720
3472 1924
3472 1468
2599 3227
2729 3270
3308 3341
1468 2957
3227 1611
2957 2941
1166 2071
2397 1166
2729 610
2397 2796
1361 2514
2501 610
1611 633
21 2796
21 1886
1073 3749
1886 2848
2941 294
2233 2501
294 3671
594 3755
2848 4170
3308 3222
3671 1460
168 1460
1465 3749
3222 116
1802 168
391 1465
2731 2233
3171 1802
3544 391
712 4146
332 3755
3111 713
1570 290
3171 1869
2818 3544
584 2731
1869 2445
3485 338
2445 2988
2818 562
2820 584
1492 116
4170 1292
1017 562
2356 1017
3255 2356
633 3436
1662 1492
131 2988
479 131
3655 2820
455 3255
1239 479
2277 1292
2514 388
2041 1239
2631 2041
1161 2277
332 950
1161 1403
1570 1516
938 2631
3655 1614
850 455
712 1665
938 883
2705 3436
850 4090
2669 1614
2669 435
1226 2705
883 447
4019 435
1665 3164
2056 4019
2056 4035
707 447
4090 178
2713 707
3462 4035
1497 1226
1484 2713
1484 894
1168 1403
388 3194
3111 3708
2252 178
3706 1662
1168 3585
894 1228
176 3194
3462 2662
3708 2133
176 2973
1516 507
3361 3164
2252 1238
3129 2973
3585 3976
50 2662
834 50
3188 1497
1882 1228
3188 189
257 1882
2317 3976
242 2317
3706 3404
189 1602
834 3337
3496 1238
1602 2695
2695 1
559 242
3485 1072
3495 3129
2435 1
3337 274
1072 2003
2243 3496
1575 2435
962 257
274 2799
478 559
296 3404
1575 3185
2367 3185
238 962
478 1958
3613 238
545 3361
3571 3495
2367 2111
2003 114
3179 114
2799 3106
1958 655
3613 3819
1755 3819
1755 2685
3744 2243
545 1854
1598 2111
3911 1598
3095 2685
3571 452
296 4192
3697 4192
3095 1317
2429 1317
2429 3752
3872 3911
3744 1571
3523 3106
655 3566
3523 1126
647 3752
1563 3872
1563 237
3179 2650
3566 3128
3261 1126
3989 2650
4060 1571
2269 4060
237 1133
2133 1203
1203 183
647 3807
3691 3807
1133 1369
2288 3261
2288 1213
3989 806
398 2269
1854 177
3411 1213
177 321
1369 593
3128 1610
3455 3691
3800 3411
4172 593
3374 1610
660 3800
2201 321
2123 660
1084 398
304 4172
1084 120
452 3486
2123 1909
3374 1457
3455 1392
120 3860
2979 3860
3763 304
806 905
270 1392
3498 950
1909 4099
1808 3486
270 704
3763 125
704 2406
3498 2951
2406 3042
2201 201
2211 3042
692 2211
3741 125
507 133
692 3500
1590 1457
1590 3519
4099 1058
2949 3741
3842 1475
1058 103
3500 169
201 2607
44 169
3064 905
2951 866
3519 3539
779 2949
2979 3054
779 2756
1140 2607
3054 1770
1770 1718
1718 4169
1591 44
1591 1208
1641 1208
3949 133
1120 1140
1641 1683
1050 3697
1473 1683
2715 4169
2715 3243
3064 2093
3243 4182
2873 1120
4024 3539
2742 1050
2837 2742
4127 2756
1473 469
103 1042
469 3618
3618 1726
4127 1839
438 1726
4135 2093
3695 4024
1839 969
3787 4135
969 532
1062 1042
3695 4186
1062 1942
725 4186
3052 532
537 725
537 3698
3052 3721
646 2837
3698 2054
2054 3982
1942 717
438 464
3787 2415
3469 2873
3721 1524
1100 1524
3842 3906
1808 2754
4104 464
2096 2754
3975 717
3953 2415
646 3357
2574 1100
412 4182
749 4104
3119 3975
461 3953
3469 2592
2096 2202
1585 2574
749 2645
2645 3264
1585 683
109 412
2959 683
536 3982
4220 3264
3119 11
4220 2136
11 2258
461 83
2258 2647
474 2136
803 3949
2592 2994
2959 1019
488 1019
474 3682
3846 3682
3357 1567
488 2328
3846 2927
1985 2202
1985 2183
3699 2328
3839 2927
83 591
109 1001
1225 591
1567 1379
2647 4225
3839 2811
2811 1951
1951 1074
2255 3699
4195 1074
3889 4195
2203 3889
2318 2255
2318 645
3402 1225
326 2203
326 2899
2183 609
2899 2454
3932 2454
866 718
1988 609
3932 2062
4077 3402
536 661
1001 505
183 2408
2062 1198
2860 1198
1988 3818
957 2860
2994 2793
819 2793
4225 705
2422 505
1379 3746
718 95
2090 2408
730 4077
3328 705
590 3746
3476 645
4236 3328
1049 3476
1398 1049
819 570
590 199
2922 2422
945 570
815 661
4236 1079
1398 449
3766 815
3766 1119
1079 4142
449 757
4142 714
757 3333
2922 2425
714 2963
2425 4022
957 1527
2608 1527
2608 792
730 4228
2402 945
2196 2963
3586 792
263 4228
263 4013
95 3702
803 832
2926 3333
4115 3818
3586 301
2402 1128
742 1128
3323 1119
301 2469
2926 1289
1745 2090
531 2469
61 1289
3771 61
531 601
3272 742
3323 3509
3771 2804
2196 1329
1747 2804
601 3973
199 4075
832 477
4075 557
4022 506
3272 2231
1747 639
506 2049
3973 2449
2049 2881
2169 2881
2347 1329
1589 3702
300 2347
271 4013
3806 300
639 3821
271 2116
2231 2509
3747 3509
3843 3821
2169 3840
2509 3885
1752 2449
3534 2116
1752 2683
2815 3534
3890 2683
4115 4196
3747 473
1160 2815
2868 477
3890 26
2868 2482
1160 1771
26 1691
2482 1346
473 2259
3806 470
814 470
1691 3503
2259 4064
3843 1408
1771 1688
3840 1685
3503 2885
1589 268
236 814
1688 37
4064 232
2752 1346
746 3906
37 1284
1408 1066
4196 1124
1685 516
557 2747
1066 4043
4043 956
2747 3318
2885 1270
516 2011
870 2752
2011 3518
2189 956
3507 2189
236 3621
146 1270
1056 3885
3507 2739
2739 1107
232 288
3371 870
288 3417
3417 3153
1284 984
146 5
3737 1056
3621 560
175 3153
3369 5
3369 2023
984 1544
1278 560
1544 1373
2737 1107
1790 1373
3371 3603
2023 3553
2633 3737
112 2633
2526 1278
3091 175
3091 2802
3553 2766
2802 911
3907 2737
2646 3907
1137 2646
2043 2766
1137 3914
2634 112
1124 1136
3914 1139
911 2376
4239 2043
1867 1139
1867 1093
4239 4173
137 3518
3493 2526
1939 2634
1790 2361
4173 353
2582 1093
3219 2582
2477 137
1534 3219
353 3962
3591 1534
126 3493
615 3962
185 3318
1217 126
3591 3820
914 185
2780 3820
2780 2721
1809 2721
3422 2376
4164 1809
2507 3422
1136 3958
4231 4164
1080 2477
2413 2507
2361 292
4231 3049
1217 2045
511 3958
821 2045
1080 3011
821 1845
1845 888
1541 1939
1960 2413
3049 3742
1960 3754
3172 3742
1655 615
1541 941
914 1654
292 4197
3172 4047
163 3011
1655 29
877 941
3237 29
888 1798
3237 2913
3029 3754
1384 1798
2359 4197
1384 471
3603 1533
746 2732
4047 2341
2341 2001
2308 877
731 2913
3736 163
731 2904
471 1657
1533 776
2904 3978
1813 3978
4082 3029
1813 1081
2359 2390
2010 1081
2589 2010
1768 2001
2589 3718
4082 588
1108 511
1657 3644
1914 3644
2995 1914
1881 2995
1745 2409
2308 393
2122 393
872 2732
1768 2428
4153 2122
3753 3718
3736 766
2530 766
2484 1654
2484 3955
2530 1521
235 2428
1206 1881
4151 3753
1089 4151
2061 1089
1732 588
4153 503
2852 2061
1206 925
1521 23
2852 1694
3410 235
1694 1894
925 960
1334 2409
1061 23
4028 1894
1732 857
2060 503
3410 1627
3955 3020
1627 1488
960 801
1488 208
2420 2060
776 4053
1687 801
4028 373
1061 53
53 4202
2390 836
836 1393
823 208
1615 4053
340 2420
857 795
1393 3793
844 340
4202 2098
1687 227
227 1887
1108 3470
2512 795
4174 3020
342 1334
3793 2506
3217 1887
1273 4174
268 3956
2098 3559
1616 3217
495 1616
2506 2333
2333 2831
3551 373
2831 1396
823 4179
4179 2776
3551 86
2512 2407
946 86
3589 2407
1396 2928
946 1651
1651 3084
1106 2776
3084 3125
844 2888
191 3470
3248 342
3576 1106
4007 1273
3559 3757
3936 191
1267 3576
495 2490
1076 2490
1076 2190
2190 380
2936 2888
873 1615
3943 3248
1267 2389
3601 3757
3589 19
1757 3125
310 19
2389 783
783 2150
2928 4123
310 1574
2597 2150
1782 380
4123 756
423 1757
3107 756
3950 3107
2812 1782
2597 3278
3525 4007
3089 423
1714 3278
3516 3601
1574 3918
2948 873
3089 2900
2900 1111
3950 1531
1111 3568
1714 3700
2936 3487
1413 3918
2948 3598
2990 3936
2990 670
3568 490
3516 4030
1413 928
670 2577
1783 490
2306 1783
3956 3701
3700 3612
2812 1781
2306 1677
3612 2197
2884 1531
3598 2585
4030 4126
3273 1677
415 928
2197 867
2577 631
1781 3190
811 3273
1494 811
4126 142
867 113
631 980
142 3211
113 4085
1494 1425
3190 1461
2884 3717
3067 3717
4085 24
1742 24
3068 1425
2704 980
518 1461
-1
