10000 9878
6436 8316
7248 3110
5345 4338
2064 6640
9408 789
6599 7175
5865 2448
791 8316
8917 2912
8429 3010
4693 4758
660 6227
8490 5038
5082 9413
3383 6699
8791 6322
9413 5627
568 4513
4998 4536
7688 9723
2912 2193
1808 2193
8320 7933
7688 9281
7077 6699
3497 7172
9281 3932
412 3930
2188 568
3930 1708
6322 3305
8401 6227
9961 8401
4292 3403
9484 4860
5706 3353
2581 2721
-1
2961 5038
4724 7769
5865 6385
6780 7327
8447 6780
3353 3194
5627 4262
2082 3305
5268 4262
2188 2115
8329 1953
-1
8247 1145
6089 2581
3124 6138
5629 6599
5781 6640
2961 7151
5629 7513
5757 4292
8704 814
5165 4693
3893 1953
8404 1820
6451 6629
49 791
52 3010
9143 1076
9961 7238
9406 3110
3883 2115
7238 513
9631 4724
513 7268
6209 7974
208 2669
5757 5153
2082 2382
9484 2208
6451 7978
8447 6781
7825 1808
7037 3124
669 4182
5259 9631
7072 2208
3062 6385
5781 8510
4268 7614
3799 3497
669 840
5259 5613
7797 8320
4603 4133
7825 6884
7151 5275
9705 5268
2382 7701
3932 2907
-1
9705 4965
856 2351
4998 5852
9170 5450
6075 840
5828 3062
8250 5165
3619 4434
7077 3550
779 6884
8510 6374
9170 6267
7614 2727
9497 7797
6267 5411
5852 4120
2293 5275
5824 6115
6487 7978
8250 784
5007 6487
49 7479
7297 5613
7297 8405
1782 3799
4871 6075
8668 779
9408 8566
5603 2682
4965 321
2727 3045
5007 6904
5153 7168
2907 2673
8293 321
1479 8405
998 784
998 7164
1257 7037
1479 7806
3595 1708
6904 2204
3595 1829
6089 6674
8293 5564
1612 4603
2669 2016
4241 6209
5243 7701
6674 7007
2673 8594
6781 6741
4366 1076
4434 9867
5243 6033
-1
4890 5828
5722 8668
400 7072
2016 4797
2790 8024
5115 3883
138 4890
2332 400
4123 9164
3067 138
9164 7255
4241 1555
5928 2332
2069 5564
1829 9733
6909 4120
6632 6741
1472 3550
1912 5928
5283 1257
1782 3032
2267 8566
2069 5555
754 3067
937 7806
9867 4582
4794 7479
7337 7007
2997 6909
9406 2051
6033 1237
2763 4794
7337 5968
5411 7963
7168 954
2763 7109
5601 7164
7513 2070
3371 1237
3768 1612
8564 4338
7232 7963
9434 3474
5555 7748
4871 5453
1413 5601
7748 2689
52 1424
1413 8514
9802 5453
3861 7255
550 3032
5321 5283
7108 6115
3949 5115
1511 4582
5722 6745
3371 9781
110 2997
2689 1376
8514 6086
2567 2790
1511 5215
3045 1550
7355 5321
2070 5417
8932 550
6526 2293
6086 9722
9274 393
2094 6745
8932 2889
8594 5217
7459 2267
6632 2295
7268 9081
3893 3585
1472 6820
3905 9081
7232 7899
2295 9496
3905 9163
8564 1348
7459 8467
2078 3194
7787 5968
4066 2204
754 2432
1555 6005
5404 2889
2094 5916
814 6198
1925 5404
9580 1424
1580 3949
4797 153
9722 3307
2516 1376
6590 6526
8522 110
153 5129
8467 3146
2432 1040
6439 2567
3418 6439
9496 1314
8315 1040
3543 5217
7355 5046
3146 8265
788 3585
6820 4189
7057 3861
6749 7787
-1
6806 5417
9505 7109
5046 7749
788 738
2484 4456
7551 856
4189 3326
7144 3307
738 8579
6063 3768
7749 7528
7123 9733
1247 3418
7899 6280
6005 7667
7161 8315
2516 7013
5916 1502
9580 9792
2642 937
9573 7528
8013 8522
4066 9296
2556 3543
8910 7144
9781 2883
7551 1979
6818 7013
2453 954
2883 4851
9256 9296
1348 7863
8877 3326
7161 838
7901 9163
790 1580
142 1502
790 763
4587 142
5451 2453
2052 8910
7863 4527
2642 2271
6818 665
6948 838
5215 1037
6590 2644
7420 9256
3193 4851
3668 6198
6374 8511
3794 9792
8907 8511
724 2271
9579 3794
8673 6948
9573 391
1925 9653
1147 6280
2644 7192
2078 9060
6276 5129
6220 1147
9802 9929
3099 9929
7125 7901
9060 726
8670 3193
7535 5603
665 6183
2803 6749
5537 7125
3099 6721
9505 1404
3385 8673
1288 6220
1266 8404
7057 4686
9653 1278
1770 8265
2559 3385
5238 1314
9460 4366
8670 2086
3644 3474
4527 4810
8579 9918
3448 2051
5537 9724
411 1404
3033 1266
2556 8169
2803 6004
3881 1037
726 4106
763 4781
3881 3093
9850 6004
6295 391
7960 9918
4341 411
7782 5451
1278 3522
3268 8877
2593 9724
6898 7192
4936 4686
6806 9738
3448 6465
8905 1145
2559 2561
1247 2898
8013 435
2491 7420
5476 3268
7794 2561
6721 6073
8169 6476
6183 6055
2979 1770
1044 2979
6295 9464
4936 5249
793 7794
9989 5249
5476 160
9839 4810
9850 5988
8568 2086
3355 435
1550 3398
6704 9839
8568 4619
4341 3436
2898 6153
1050 9579
7501 4587
1288 5522
5568 1050
9520 5988
3496 3668
9087 9464
6073 1144
8907 9499
3398 5637
1142 9520
9275 6276
3522 3617
5266 4106
3889 8905
4619 7154
8732 2052
2360 9087
2426 5637
7123 2395
2360 1797
6191 3617
7935 1797
2593 8501
7154 5705
8942 5266
-1
992 8501
6715 6055
8754 1044
8942 6334
8754 4125
148 1142
9460 9038
4768 6465
3637 2426
7960 1710
2037 5705
7352 7501
3033 1259
6704 1242
451 160
2037 5018
64 9989
1393 793
724 2517
6696 1393
8728 4781
64 5170
9037 5238
5018 3465
1267 5170
9037 6037
5568 1786
3167 4456
3436 9024
7352 9994
1144 9181
4828 3637
2517 3190
1858 451
2309 2491
358 148
8732 97
5297 6898
1922 97
4817 7935
6608 6715
6732 3355
5522 5279
6191 5842
7319 4125
3262 9275
1922 8357
6511 3190
6696 3043
5297 8578
5034 5279
4817 6318
6468 4768
9499 2384
2395 8680
1858 8288
7556 6318
6153 4305
7319 9451
9994 8090
2121 9451
9038 9899
2309 1127
8357 1032
8680 8232
3727 1710
4828 8271
6476 8260
2899 9024
7556 9058
6037 5754
4906 358
3093 2274
2213 7782
1786 2012
936 2274
992 2751
8232 301
2213 8876
9497 4254
5034 6154
2384 402
9187 8876
2899 7712
6511 6627
1259 9029
3386 4906
8260 3288
7301 3288
6643 7712
6475 3386
2292 7108
9154 2751
8578 2278
409 9738
6497 6732
6334 4031
301 6975
833 3465
20 7301
6063 6019
-1
8288 8881
6643 1523
9103 9187
1912 9841
8821 6608
3889 1118
8090 1010
4180 8821
8271 2568
649 3043
6085 2121
1617 5754
4305 3969
8728 9131
6627 73
2920 8881
9131 7881
7743 1032
2920 1903
5264 4180
1719 3262
1454 6475
1617 6753
9154 7046
5166 9841
1959 833
5264 5597
7256 649
1719 9026
7535 3581
6804 20
2887 6975
5166 3786
6515 2292
1959 4575
1523 9019
487 9058
6283 9103
697 1454
1553 1903
1979 8790
8422 73
9026 452
3496 1996
7881 8807
4648 452
7046 8138
6257 2568
2225 8138
4031 8513
2278 1775
6257 8460
1802 2225
6283 6313
1444 5842
5578 1802
6804 7986
688 4575
2414 2012
6468 8324
4648 2535
5597 3463
697 9169
2189 1010
8748 5578
1267 1957
3463 8358
4078 2189
1127 792
6154 1729
2259 8358
7308 1444
7986 3217
9813 1553
7256 9392
8276 6313
2887 6588
4078 1384
-1
688 9770
7291 6019
8780 6497
9570 7667
8276 826
4892 8780
6753 7388
5934 409
3149 9169
9019 8302
4024 6085
1996 2672
6963 9813
1729 4441
-1
4560 7308
6985 1957
379 8422
792 5052
173 9770
393 5147
2535 8113
1384 1405
6985 5515
2414 8936
2528 826
6928 5515
1811 8807
47 9392
5141 7388
1811 8305
3097 8113
5897 5147
487 115
7743 6395
6420 6515
3812 6928
6826 2259
8936 200
402 1587
3727 9566
6420 5615
8456 3097
6963 9715
3482 379
3644 4506
6395 3918
6738 173
6588 2179
3217 2343
3149 8409
454 8456
5577 3786
3864 2672
1775 6972
4319 8305
6404 4892
47 634
2615 1242
6404 6575
8478 4024
5577 5686
4254 1431
454 4424
2343 5923
634 2839
3969 5769
1056 6575
7777 8478
1239 5769
1317 200
1451 2839
3482 4377
1500 5052
7777 8563
-1
3918 7746
5696 4424
5182 6972
5141 9741
5923 6393
7299 1587
797 2179
2477 5615
5826 8409
7726 8460
4319 8855
9017 5934
7291 264
2528 5130
8563 3086
1371 5826
7805 9029
3169 8855
3842 115
2867 1317
4560 9670
1597 7726
8748 7329
9847 1431
2002 8513
1405 2677
613 4441
797 2542
9566 1192
7746 7205
5686 5446
752 9181
5193 3086
752 9258
7205 7648
9670 9046
2867 465
9046 1527
3410 5182
1118 8873
1056 6
2628 1597
5193 4011
812 1371
6305 4377
8790 3943
1192 4602
9017 5960
8366 465
5696 7848
936 2287
812 2038
2200 3842
9649 1451
3581 7633
-1
2038 9403
1527 7995
8302 7054
3740 2002
8235 7329
5075 6305
7519 6
3312 9649
3169 3630
2141 9715
3864 3069
3812 3470
3312 2946
2336 7519
7878 2336
8348 613
3470 6662
3910 9847
8269 2141
5960 3847
7848 2605
8272 8324
2677 4083
8914 2946
9899 2000
2110 264
2200 6177
3069 9090
4011 3520
2605 5233
3520 5990
6014 9403
3030 7805
1239 8355
7111 2628
8355 6814
3303 8366
7111 2724
8053 2287
-1
6272 7299
2110 7682
6881 5990
4144 6272
1512 5233
1512 3390
7054 4197
8235 2454
3726 4197
6900 5897
3390 7568
1177 2454
4774 6826
1177 7571
4144 1843
1952 3030
4506 9642
6738 2499
2542 329
255 8053
9570 6403
6814 8773
3205 4083
3528 3410
7425 8348
2477 26
3 2499
8914 429
2964 6177
9367 1843
1500 4218
5075 9282
7371 7648
2964 5167
6393 8772
4982 8773
7682 8745
8272 5605
-1
7568 6155
8277 329
3 1911
3230 8772
4631 9090
3360 8277
3740 2765
9627 7371
3528 2296
4602 6991
6256 9642
4765 1911
-1
5794 255
3924 3230
1281 6881
6155 1275
2066 5130
5167 8094
1978 1281
2228 3630
3910 652
9741 3781
5621 3781
5582 9627
6647 3303
9282 8581
2765 8362
5252 5794
3924 1165
7425 9336
8269 2587
1473 3205
1165 3841
3841 6236
6014 3332
1473 1362
3726 6592
1892 7571
2296 225
6744 8094
5621 7239
6473 1978
8828 6991
5898 5582
616 9367
7878 2015
2015 3567
2256 6592
1275 5381
1362 7662
6744 6917
2256 9780
3332 8610
2066 6598
429 8897
3529 6236
3529 9030
9193 7995
302 5446
3567 8217
8025 8610
6403 3939
4311 8025
9258 9168
5701 9168
9785 8828
2228 2221
7662 3209
1506 5898
9780 2791
4765 2461
2724 4269
3253 6662
6917 8894
203 8581
9253 4311
4564 3209
4774 5360
2233 8894
6827 2221
4218 137
5252 1344
189 5701
1506 2017
2915 6598
6584 4269
9033 8362
2915 2856
9193 2482
8217 7316
6151 6827
5125 9336
2320 1952
6473 3445
8973 3360
2738 5360
6663 9033
8973 9362
2856 5761
7894 616
2461 9895
9895 356
2738 2683
2233 1089
6171 2017
5381 8998
6945 203
69 6663
4818 6584
765 1089
6506 189
5761 962
9405 9362
4473 8897
2615 5222
2320 8699
2791 4863
3553 3847
7984 6945
652 3774
7132 4473
7132 2389
7239 168
7316 8023
69 7230
9942 356
-1
765 7003
2683 7066
7984 7078
137 2698
572 3553
7964 3774
14 6151
5175 4982
962 5371
4576 8998
1408 4863
2000 9428
8745 8988
4564 5808
6506 7328
5175 7997
3795 1892
952 3253
9030 5795
5542 3445
4055 2389
2769 7003
7997 8496
3840 9253
168 2424
8873 2579
4984 7328
1408 4861
3600 2587
2579 891
4576 9562
2183 8023
8729 6171
4055 5151
3188 9562
5151 2747
952 4522
5371 9384
2769 8709
3840 9414
7078 2216
9785 8209
2814 1344
3434 7894
9674 9942
3244 2747
8709 1284
4522 9089
7566 3188
798 2424
6156 302
4861 9832
5125 7269
8954 9384
4325 8496
443 5605
8729 5300
9405 2833
9416 443
2848 4631
7269 3509
14 7600
9044 6647
5300 7916
9416 557
9044 2962
2108 9414
3509 6419
9711 8954
8988 7725
4984 6675
7566 6179
2183 700
9233 798
9151 2108
7226 7725
3167 4440
6179 3206
2880 4818
2814 5242
9800 5542
9832 9221
2482 3278
6419 3401
3434 2931
9221 13
4137 3206
1682 7066
7916 7839
7226 9001
3600 3415
557 468
3244 3158
7839 3728
991 1284
2698 4875
9089 4788
3153 5808
3095 2931
3158 1262
117 4875
3694 3153
1682 3411
991 1455
4796 3694
4359 1455
2009 3728
1651 4137
891 766
2410 3415
3278 8254
3753 1262
-1
4983 5222
4964 4788
7600 8386
225 7129
8703 1651
6324 4983
9001 9309
4325 7626
8386 8036
3939 2868
8036 1310
2216 5470
-1
8849 7230
3095 403
117 4628
9151 3684
6805 4359
403 9156
7817 2009
9711 9294
8672 5470
468 1544
8672 9480
4796 2046
6679 3401
4628 6470
2410 2890
5033 6470
2880 9501
3120 6256
8703 6595
3197 1310
5386 2962
7129 2722
5388 8699
8849 8172
6675 3260
5795 5657
9800 910
3734 2848
4320 9674
8209 1633
7274 5033
6324 694
9294 2214
2046 8642
8700 6595
3411 1164
4913 4964
-1
5216 7626
3684 8156
7130 910
6554 8172
7130 5423
6156 1204
8156 442
8992 3120
1544 4102
4102 1073
8108 5386
9480 4584
1369 8700
8442 4320
5944 7274
1561 3753
1164 3563
5388 6458
9999 3563
4913 9333
1363 6679
5944 6464
4584 5936
1363 8191
9233 4004
8785 5423
-1
1369 9643
3087 766
7817 4514
2214 636
8785 4725
9643 5247
3437 6805
8191 4709
7964 3395
8813 4004
9333 975
1073 9321
4514 3995
3197 7858
8813 9459
9309 9514
1561 1856
7858 3976
3976 475
9999 630
3260 6787
7082 4725
4490 475
5901 3437
5918 3995
7613 1633
9368 8992
6440 4709
2488 630
7829 6787
2833 4814
9501 1665
6807 7613
9321 2294
2294 8018
6464 4681
1608 975
686 2488
9783 694
9459 7735
7208 5901
442 1992
2625 1992
517 3734
6959 2722
2625 9984
572 3377
1667 9368
1856 2529
6706 2890
8642 5638
8018 2072
7082 6924
6458 1528
636 3379
5242 578
8666 7208
346 517
2648 1667
9548 3795
9173 686
3484 8442
395 5638
5216 2667
2261 9514
9729 395
1681 4490
520 3087
2617 6706
6258 6554
8108 8848
4814 6356
7735 3846
700 3562
6682 6258
8666 898
7120 4681
5247 2255
4568 6440
1817 4568
5872 5936
4816 898
4242 1528
3484 1835
2251 578
9548 1463
8544 6900
3379 4001
7120 7468
6372 7468
9041 3562
3492 2072
7325 6807
532 1463
9142 5872
102 5918
8497 7633
4919 2529
102 3673
3492 3955
6356 7024
2496 1204
1608 8212
2358 3673
5541 1817
1921 4242
-1
5926 4816
8810 9984
5926 2558
7938 5657
6038 2255
3395 3432
133 520
6959 8074
8114 3846
9765 7938
532 1016
8114 566
8212 2878
3432 5609
-1
7059 2261
2358 2305
773 2667
9142 8043
7283 1016
233 9156
9173 3990
4046 8043
2251 4539
13 3903
8254 9614
26 6104
5530 233
5890 4046
1835 2144
2617 5035
7829 1445
5890 9159
5035 720
2305 1662
4979 7024
3955 6405
5530 684
8077 8810
2797 7283
3710 2496
7541 2797
6218 9159
6924 5630
8077 177
4979 2917
4770 8848
2120 1665
1657 1445
3990 6364
6405 5959
5099 346
2558 6375
7727 5630
6364 4577
9765 8678
7041 2144
177 6555
6372 511
7541 6899
6555 9506
9729 1754
5541 2281
3226 720
7424 4919
9753 9506
6899 757
795 1681
1686 9614
289 8074
6597 7059
7737 2120
2035 2878
4715 5099
7737 2039
1432 6682
3215 1432
3653 3943
3413 289
4577 6013
940 6038
7727 7096
4770 5997
9647 757
6375 9821
2080 2281
940 39
8678 2471
1169 684
4539 2936
6218 5948
2348 2080
6048 3903
5846 9821
4557 2471
2035 9487
3413 9532
39 8778
9182 1662
2206 8544
9182 2404
4349 2404
9611 6013
8516 6597
6104 5098
3916 1921
7190 4001
1283 7041
1382 1283
5997 9725
3229 1754
3081 3226
6379 9532
1983 3229
1273 795
9783 6173
2648 5149
4555 9647
6379 424
5209 1686
1657 3801
5710 9611
7272 3710
1799 1273
773 2158
421 5959
421 5013
9176 2936
4655 566
6315 4557
5013 2733
9753 2380
7272 8720
4895 5710
4926 1983
4334 4715
7424 6543
78 4555
9828 9176
2868 6505
6048 4985
2039 4310
193 1799
5846 6513
1258 4440
2422 133
5877 3215
7190 2090
8181 9487
3081 9189
2970 9189
8746 6513
2380 1437
5812 511
1013 4310
3319 6543
8181 4263
9286 1382
7360 78
5948 3832
867 2158
8167 5877
1169 8636
3832 4641
7891 3801
7360 5867
6173 3920
6315 5540
4985 6264
9063 9286
1627 6264
9828 2841
3626 8778
9273 9041
8746 3967
3626 5887
894 4334
5887 6162
7096 348
7579 9273
7058 2090
8648 6162
9725 2702
628 8167
9063 2551
3792 4895
3685 2206
8648 2897
2422 8120
3782 348
6263 7058
1437 4667
5383 2970
3451 424
2733 3900
5128 5867
4550 5098
6896 4655
6289 3967
4641 5055
7325 8472
628 2133
5149 6777
9428 538
8720 59
5209 6011
2348 1845
8081 867
3319 2172
8343 193
8081 308
8497 701
59 6989
7488 3377
9014 6777
701 7389
8343 333
3019 4926
7691 5055
6289 3128
6989 3911
2645 7389
7679 2551
333 2174
2174 2934
3269 2702
3019 722
308 4309
4309 1228
1062 8120
4349 4433
1013 2312
2917 3599
6569 2934
2897 2186
806 6896
2172 1947
722 9301
4680 2186
3128 7564
4433 1643
8051 1845
2312 6623
8636 3478
4667 4945
4680 7802
5651 4945
9926 1258
3653 4632
9488 7691
9014 6578
1033 2841
5383 4846
4846 4625
7564 2222
6717 3599
4562 5812
7579 3471
3590 7802
749 5651
4625 5563
813 1643
1837 5563
4165 7679
9488 7430
7623 3590
3796 1228
4100 6578
4263 1311
2133 7856
3269 9968
813 7843
7891 31
5641 3916
1311 5044
4632 5747
6569 3138
1837 6017
1033 2068
3792 4299
9876 4100
4562 7249
6259 7623
713 5609
6011 6488
7921 6017
6488 2197
6685 3138
1635 3478
6327 749
6685 3513
7249 9530
2122 1062
8516 8895
3900 9537
9530 1482
9301 9356
4299 9795
4165 8279
1627 3073
6532 713
3513 5072
5212 3782
6053 894
6623 6573
6259 7052
2068 377
4546 3920
4509 7052
2906 7843
2222 2076
7856 5792
3073 8705
9537 7536
4571 5044
7194 6717
8559 3471
2901 1635
4290 7536
3796 9856
7430 436
7166 6263
8895 7563
6053 1738
4674 7921
7563 6424
6495 436
4550 8931
2585 3911
5128 4699
1482 2612
5792 7549
6495 4751
8051 7124
4751 8762
9356 3107
8705 9707
8762 7010
3451 1745
3107 4881
1246 2076
7962 4290
5540 9097
31 6834
8115 7962
1839 2906
1488 8279
6252 7549
7542 7010
5378 9795
1488 2956
3056 4881
3963 6252
9707 5390
5595 4674
1360 9876
2075 2956
2647 5595
2075 4015
9790 2197
806 1987
-1
8824 4571
2647 5024
4015 6671
8263 1246
5195 5390
4507 7542
1738 5787
5212 1897
7166 5767
969 8263
4278 5195
3762 5378
4699 4411
7615 7194
1987 2825
6327 9118
5683 5024
9250 6573
6834 8432
2691 4509
-1
2948 2691
3165 2612
377 9640
3963 407
1745 938
1360 3171
1839 5892
7384 8472
3775 8824
2585 3518
8115 2355
3518 498
6979 9968
2527 6979
407 3098
8715 4507
7358 6671
5892 7340
6123 3165
6532 5286
8559 2217
8774 9790
9118 9003
2527 8185
3762 7353
4411 2083
2083 6978
1897 5282
8715 545
3755 2948
7874 5286
8774 8397
8697 2645
938 2871
5695 7488
1386 3755
1409 7358
7033 5641
305 2871
9250 7593
664 9856
664 5707
4967 9003
8344 305
5847 9097
7124 3140
4663 3056
4546 1093
3896 4967
969 2421
545 9688
9882 7340
4278 2007
480 9688
1160 538
4663 7840
2421 4131
9718 9640
5590 8344
5355 7874
5590 9739
7285 5787
1680 5072
8931 3632
8397 8102
6043 9882
2818 1409
7033 7700
6285 8185
2530 498
1386 4858
1947 7690
6954 6505
5226 9718
2007 4481
3775 7827
8102 3183
2901 3143
4185 9739
2818 2304
98 7840
4131 6234
1093 6202
7088 3143
2825 9472
7353 2840
2822 2304
7088 1494
8432 1601
8379 2217
8771 7615
98 654
2420 5847
6202 9581
6036 6043
4481 1338
480 7979
1160 4980
8771 4759
805 4858
4990 6123
5695 7463
5767 8372
7979 1762
805 57
7384 5497
6609 3098
6714 2840
5683 6200
8379 5066
9472 7204
5726 5066
9504 5226
1929 8372
4194 2420
2822 4395
4869 9504
6036 4798
2122 7851
654 3264
3896 9379
6424 457
9686 7593
7690 2132
2354 5707
4825 1601
5726 1700
401 3632
3140 4443
6285 5691
4825 561
5482 2132
1338 8529
-1
57 514
2990 4395
-1
4413 7827
1762 5532
7266 8529
6070 1700
2355 7850
5532 1673
5913 1673
6200 672
9678 5282
5482 8375
9379 8654
8066 5913
7235 4990
1974 7235
9678 5573
6412 6978
6412 3945
730 8066
9404 1974
7285 1427
4067 1680
5497 9011
7850 6193
5545 2354
5573 1108
283 401
828 6193
8654 6330
6192 4759
5545 8111
6566 1108
4185 1801
4033 6566
4443 6308
5355 3065
6192 8198
3328 4033
3328 7188
8251 8198
2530 8719
6528 8375
3264 1599
4067 7940
1494 696
1741 8719
7463 6002
9135 7188
514 5295
2990 6221
6330 5087
3891 7266
8896 9011
4287 6714
2972 6234
457 2119
8692 3945
283 6447
9880 4194
6060 4413
4551 5295
570 5747
5691 2893
4551 5874
5391 7940
7790 6609
4798 1866
6221 5219
9591 828
6060 3182
9880 5885
6528 1095
359 3891
1470 8692
4542 696
4738 3685
5885 8356
8880 5219
9581 4492
7204 2847
8880 3736
9404 3008
9494 6070
2352 9591
1222 4869
8356 8688
5874 6337
9759 3008
6002 3233
4260 1929
4589 4738
3736 159
3678 730
4492 4489
2352 3971
1095 4187
9055 5087
4260 8538
2361 3182
1120 2847
2972 7855
6337 8614
4054 9135
9686 8161
6409 3183
5543 6308
3352 1120
2361 2608
6875 359
-1
3327 672
483 3678
9646 8538
6521 8697
9494 7338
3933 483
5005 570
9569 8614
4287 7515
159 4003
6773 1741
7023 9926
4727 9646
9531 1599
9635 4542
9759 6523
444 1470
9826 4003
5749 4727
1508 3971
8143 3327
9569 7522
3933 140
8143 7852
7852 8885
4054 4697
9531 4850
6875 977
9055 7092
4697 6871
561 3669
1222 1603
2119 7289
6105 1603
8251 1670
6523 641
6871 4273
5749 1806
6175 7855
6447 7063
9064 4850
5791 5543
4187 1914
444 9485
3828 1914
4874 1427
3233 8789
1801 4843
6105 103
6215 5791
272 6215
7092 4493
9031 1806
9064 9629
6083 6175
103 7444
1866 6478
3294 7515
4489 4488
9152 6773
4402 9629
7300 7522
7381 6478
7338 8792
4493 816
1998 4980
4273 4247
7499 4843
6083 337
9635 6127
1200 3294
1508 3486
3927 272
8885 4884
9937 6127
337 3162
1081 3828
1917 7700
9485 3016
8652 816
9152 3851
7289 8083
7444 679
5391 8524
6021 641
1670 2202
977 689
9826 7966
600 8688
8896 4154
3352 642
2893 9607
3927 6514
4874 5123
369 642
426 2202
5191 2608
7300 8376
8524 3766
426 7559
1245 1200
8376 4518
6021 9332
3397 3016
140 6331
2641 4518
3851 3618
7499 3066
7005 6331
7768 8652
596 2641
249 7559
5244 1245
4042 7966
6514 322
4813 7381
7887 9031
689 7127
9331 4154
5191 1731
600 2423
-1
2679 1081
1606 3065
7127 9444
2548 5123
8295 6409
369 5499
4402 4842
2548 8760
7005 54
8295 2597
4600 2597
6371 3397
1935 7768
4042 281
7385 8083
509 4884
1830 8161
249 259
430 3066
259 2696
9331 2518
4600 1944
9332 8237
2679 3405
1830 1167
7790 5255
281 4385
8111 8879
6023 9937
3162 3568
8677 5244
2518 5985
9444 1021
2130 6371
6023 1726
4589 2863
3669 7912
2854 8792
7972 8789
9775 1726
7912 5480
1894 5985
596 5773
7260 3405
2854 1131
6521 1583
3119 1894
5802 5255
4987 1935
5773 6551
7672 5499
1167 4099
5802 9288
4247 2331
5740 3766
1944 5403
7887 8045
6415 8677
-1
4813 6118
5005 4467
695 2863
8045 7772
56 1917
5403 4283
3279 2331
958 8760
4099 3683
1131 8515
2504 4283
6932 322
679 3139
8515 770
2423 4649
3568 5460
6932 835
9775 5486
509 7859
875 5480
5460 7225
2130 6536
9288 4640
3279 2699
1606 1492
5740 361
430 4029
54 5659
8694 4385
4842 118
5070 361
8683 2699
999 6536
6118 2659
3486 9744
7728 1492
7772 5884
1731 202
6072 7851
1577 5659
9779 1021
9779 9023
4744 7260
3139 5473
6667 8683
6415 9259
1440 118
3793 695
9652 1577
8694 3577
1722 9744
4785 9259
7225 8656
4987 7076
8693 4785
6667 4450
5091 4744
7672 3336
755 5486
3654 3336
89 5473
202 5131
4230 5070
-1
6072 183
770 1664
9023 4711
4876 6551
999 1099
3468 3171
4672 89
3212 4640
5405 8879
1440 8567
7234 56
6758 2659
7859 3879
1406 875
3449 2696
3956 3683
4711 476
4230 2100
6381 4649
3315 5091
8330 8237
3654 1850
1406 8275
1664 3502
8567 7390
5405 5891
5025 835
1313 3577
8330 8899
5777 5025
3449 4651
6582 3618
4876 3975
808 1099
2100 8786
5777 152
7214 8786
183 1296
3315 3561
1722 7731
3502 698
7363 7214
9503 9607
7728 6860
7076 2507
1313 8541
7731 7068
4689 3119
3879 5406
3077 1583
476 4148
7363 6056
2504 3708
9032 7390
3561 3083
9652 2866
4039 4488
9560 8693
9560 6134
6493 7068
8656 5805
6758 3897
4148 9196
9009 5406
5365 5131
3571 7063
755 1702
8617 4467
4039 775
4908 3571
911 3083
5037 6860
6547 6493
6134 6148
5805 6942
9009 2653
7047 2507
603 4029
7760 2866
7628 152
6942 4639
8679 603
252 8541
7628 7886
350 911
8275 5841
4734 1296
6056 7654
6501 958
3708 5508
7678 4672
6135 8899
4639 5509
101 7678
4457 5891
323 4457
8307 1702
3365 9196
6587 4450
8562 5841
9305 5365
8679 178
9757 101
323 6325
6148 3997
6462 9757
6582 6307
6611 9032
3211 6611
7047 2782
914 1998
914 6301
2283 3212
9503 8210
7760 1172
3077 6347
7886 8173
4101 6135
3999 2782
775 132
5387 5509
7507 808
3999 5361
2045 3997
8617 1982
5387 5267
4362 3956
1691 2653
2794 6381
1547 178
3992 4101
6279 8307
6279 5587
5699 2045
9621 7654
1564 4689
6332 5587
4064 5037
4995 6332
6397 6587
1547 5751
8717 4995
8210 6244
7972 1387
3365 9463
8157 3897
5361 6250
8157 3540
1516 9305
5699 8520
1850 3050
9107 6462
6347 9763
1516 6087
4819 9107
8970 6325
5089 1387
1522 6307
4272 1172
8199 698
2032 3540
4917 4272
2481 6250
5751 7992
1691 948
4340 5884
7992 7681
3992 7159
7945 5267
7159 6890
6890 6225
8173 8338
7122 7507
4795 8717
948 4396
4362 1918
8338 6454
4819 2024
6501 9308
2032 2731
1304 350
967 4396
9115 3050
1355 7234
4917 405
8031 6454
5832 3975
2982 7945
3211 4617
5832 8229
4656 405
3793 1593
8949 9621
132 5021
5185 2024
8520 4786
8949 7630
6397 7970
1918 8062
4656 4266
1304 2021
4340 6673
9879 4617
2982 1804
3265 4786
7257 6087
-1
5500 7970
7122 7585
2731 9137
7439 7257
4734 3299
2417 9115
2794 2594
7197 5185
3393 9879
252 658
4651 9547
8935 6301
77 2283
6821 2594
8229 8285
357 7630
3703 8031
8970 4752
9980 7585
9137 3354
9455 3354
3822 3299
7924 4266
2440 3265
6670 3393
3643 357
7924 2452
8199 9352
5174 2452
8062 4690
1034 1522
1465 9455
2572 5508
8562 4903
4935 9463
3858 1465
5174 2101
6461 2440
4623 1564
6734 6244
3703 9545
77 2393
1984 6670
-1
3586 3643
3490 4935
4908 5132
4903 2275
8651 1593
1092 6673
9308 7428
5727 4795
4103 3858
5500 1507
3017 1804
658 2661
8573 8285
5955 6821
9352 2944
2101 9061
2947 7439
8939 1034
8939 7022
4690 9302
3888 2417
1195 2481
7681 1023
3017 8928
7680 8573
5727 7241
9612 2661
7221 6734
8420 5955
7680 4166
4064 9689
1195 5173
-1
645 1984
240 967
5021 1226
3049 8420
241 9547
104 1982
3490 7577
3888 2828
5089 6624
3778 7022
3179 2944
9528 7023
8651 6558
9612 5996
2021 9865
4103 3546
4166 6196
7577 6054
3810 3049
8981 9545
6461 9134
7385 6692
3808 7197
1507 4580
8690 3468
2947 7908
1683 3778
6196 5572
5996 2896
9980 2705
6954 9162
7221 5412
4294 1023
645 1489
2996 6692
2768 2896
3427 4294
8928 588
3676 7428
5572 750
7908 6423
4032 2572
7514 4623
9717 6054
209 2768
6600 4580
2393 9793
9717 4988
3822 2633
540 3810
3586 1460
8866 1092
7342 3179
1683 9000
209 7114
9865 8512
1243 540
1876 9302
3808 9313
6600 9703
2828 5676
6423 4098
528 9134
9439 9000
1489 6287
3200 9439
9061 9238
605 3200
6225 8065
7061 9162
5734 7114
2275 2774
7241 6846
9703 2368
9689 1178
8981 5503
8021 2996
528 4065
3546 1625
8065 6029
4074 5676
5607 6029
1122 241
7485 605
6628 6846
4098 5539
3427 5581
7342 5049
8021 8845
4988 4421
3584 8512
1084 6558
620 1122
8142 2705
5503 6116
4043 750
4043 6212
6116 9013
1563 1460
5080 6624
2329 8935
4963 9238
2690 4963
7552 620
2368 2580
3584 683
8866 1496
1355 747
9559 104
8605 5173
8008 1625
288 1496
4647 5734
1243 9228
6547 8577
1563 1340
8076 1340
8577 5602
5607 6850
1842 8008
8947 2580
890 2690
2063 8076
7394 4065
3011 2774
6628 204
2836 7394
3103 9313
3011 3536
9606 9013
5101 4647
3680 5101
588 9474
2505 3680
9613 9559
4074 8776
1876 7383
2364 7485
2063 4726
5412 4679
4508 9474
2836 5810
1842 1739
6850 6455
9228 7818
9500 9793
1226 9541
4228 9500
804 3536
3494 1178
2719 4421
9613 5092
8616 240
5581 6164
6287 1396
3103 5817
4679 3460
5049 7882
4508 8332
2003 6455
204 9270
5002 8947
6212 895
7180 7552
8605 6277
9713 890
4948 683
3862 5810
7079 7180
4948 9139
7030 4032
1327 5539
3862 8647
7545 8332
6983 5002
3720 1396
895 4163
7383 8057
7133 8057
8630 2505
9198 8142
2923 7545
3702 8776
7079 1900
2356 2719
3798 4726
8193 8630
6983 8537
9139 2801
5533 3702
129 2003
3720 3126
-1
8193 1789
1789 7838
4228 1487
3719 7838
7133 3835
984 1487
1900 1214
4683 7030
2364 6434
5602 5155
2356 9027
1732 288
1732 8766
8007 3835
5533 4622
1739 5106
51 804
4752 9772
7818 4304
66 9606
6825 3719
2801 2149
1327 8194
7372 8647
5092 6862
4163 1157
6596 6825
7410 5817
6434 1557
3868 1157
8868 8537
7713 6164
5155 9226
1557 4009
66 887
5106 8394
3827 129
2941 7372
9226 4626
2143 8766
7440 4622
271 8868
3868 7193
6862 3921
5159 6596
7282 7514
8194 6481
5069 6481
4009 5763
9148 3126
5069 8944
2616 3676
1113 9148
6273 5763
2923 4593
3460 4425
7713 4776
251 8394
2941 3248
3798 7296
6273 1339
6277 336
1214 4914
5376 251
3777 5132
4329 3494
3477 984
8007 9709
9027 4405
6249 5080
4405 2788
1339 3349
1477 271
1152 7440
7481 4304
51 8691
7293 4914
3477 4839
2143 703
5940 9198
6681 4425
8851 2788
7288 9709
4026 3827
2877 7882
6057 4026
3248 4792
7448 2616
8831 703
8944 8133
7410 1796
2329 9596
7296 7167
8273 5159
9679 3349
1152 8374
8616 3776
3776 7854
8273 2406
2366 7854
1385 2366
8133 7009
6092 4593
157 6057
5376 8523
6092 5758
1041 8851
2406 8298
8523 7896
9270 9805
1477 195
7652 2877
8691 847
4168 8298
8399 1385
9528 2784
4776 9236
6654 9713
612 4626
9387 4792
6941 747
2319 7061
2929 4168
2301 336
8845 234
7448 3501
2149 6380
736 6249
5293 7293
4887 887
234 3572
2212 5758
2347 1084
1113 94
5940 7115
7167 714
9070 7193
416 7288
267 5293
9076 4887
6176 4839
7652 1910
9113 2212
8622 612
9387 2062
8399 7967
2752 2301
8977 3501
2062 206
602 7967
7909 714
6654 900
8176 7481
7785 8831
9076 9661
3456 2633
9236 7040
-1
4830 7115
8176 5978
1071 7009
2752 1535
9661 3608
9679 9129
7282 9610
1071 7376
206 4852
2124 9541
4683 2367
157 433
4830 1748
9805 6400
8499 2347
6414 7785
8374 1483
1153 3608
416 5384
4852 8175
8640 433
195 1814
1810 7909
9276 847
1153 7987
5303 2929
9601 1483
8977 5448
602 5117
7376 1711
960 7987
6697 8175
9596 7446
3674 1810
9468 8622
9276 4678
7141 3674
7040 5416
5528 1748
7446 8022
3649 6400
4605 9070
7896 6142
3649 2323
723 2323
9113 9065
2913 900
6941 3962
2913 839
6142 1971
3735 8022
4605 6007
2855 1814
6007 9490
9587 5448
5384 7380
1711 9975
9289 736
1535 8224
8037 9772
7380 6068
6380 4707
5416 3657
6176 3998
5303 9209
9690 2319
9065 6008
9601 9567
3987 839
1910 8134
9610 8387
9209 8551
8518 9567
6585 5978
2855 7816
5516 3987
1796 364
7141 702
7231 702
5064 9129
354 5064
3854 7231
-1
8125 1041
8640 6169
1971 1777
7857 8125
2367 2819
3922 6008
9902 94
9797 8134
3777 9565
6414 2191
1869 9490
8551 3304
267 5398
5117 6449
3572 5301
4678 6058
7807 354
8101 9289
2239 8224
1778 3854
3372 7816
4296 364
4301 3456
8037 9452
158 9565
9587 934
3922 9563
1778 8443
8443 9285
3804 3372
9902 1514
7767 5516
4827 7807
6747 7767
2124 2824
3304 4844
717 9797
1869 7574
9468 5235
2239 4281
717 8089
4707 3952
3508 4844
2819 8965
4721 1777
9421 9563
6068 166
960 3682
8089 1058
9042 1514
6585 1397
5192 7574
9421 9216
5463 4721
2191 4014
5290 4281
2128 9216
5463 9817
3689 723
5192 4761
8325 3998
6090 6058
8759 3682
4364 7857
2958 2128
6747 9374
8759 4519
5261 3952
9975 2786
1058 9981
6430 2786
8228 8965
3958 4329
9651 6430
6100 6697
158 3524
4296 2302
609 6681
9133 5235
1594 3689
491 9133
3123 9817
4401 3804
5290 2018
1035 1397
9272 9042
3287 3508
1035 1057
1615 1594
6449 6544
2018 2445
2445 5265
9544 166
3287 4595
2800 5528
1299 9544
2784 7771
9374 5514
4519 3154
5398 5363
1875 3657
6001 4827
9816 9981
1057 196
146 8518
7034 2824
1994 5265
8267 8690
8101 3960
8396 4401
609 6496
196 7911
7958 8396
510 3735
6618 2958
9456 5514
8014 7911
6100 3714
9285 2565
2302 2631
5363 607
2565 2951
2093 9456
4201 1875
5669 3524
2631 6695
1715 1994
9816 6986
5986 6618
8552 1615
8325 9710
4595 9457
4301 9440
8733 3123
5261 4049
9069 3154
6453 8733
3958 4684
1715 9855
2951 8361
5492 9651
2303 7771
934 516
7336 6695
9843 9069
9452 4454
3944 6001
4201 3408
6369 8361
5986 2450
2430 1299
5140 9855
1443 9457
9799 1443
4454 7075
3944 8468
5799 510
8014 6516
3838 5301
7169 9843
7364 8468
8782 6169
6453 9248
2300 6090
8837 6516
-1
9272 5569
2093 9326
7312 4364
1638 4761
9440 5889
3921 7060
5799 8426
6824 9326
5140 4598
1486 146
5492 5189
3714 7042
2430 7702
7169 4653
2800 3813
4111 3408
4282 9799
949 7312
8403 8782
8262 6369
2300 4616
4351 7958
4049 5333
3291 8262
4111 1902
491 312
1638 7871
6986 7435
4653 9663
4616 7089
2065 4598
9040 949
1737 3962
469 1486
9246 7042
6025 9710
3082 8837
2492 7089
7871 3409
8552 6867
9714 7435
7364 3616
5427 3813
6006 516
8403 4753
2344 3291
1902 5512
5512 5257
428 4282
428 2134
5257 6442
6544 197
9246 1703
7980 2134
6216 7336
1476 9714
1391 312
6496 7163
307 5333
307 9244
2686 1391
6216 8937
6448 5669
6448 2601
1077 9040
1751 8499
9304 5569
4190 9763
1895 6867
6242 197
7980 3527
3960 9359
5783 3409
6442 6353
1295 8387
3527 8671
9091 7163
8665 6824
501 6242
5061 8426
260 501
2590 9091
1077 3785
5783 5755
5427 849
7075 6849
6908 9244
9304 5337
469 9447
7733 849
6849 9991
2590 2570
3224 5337
6353 3610
1476 432
9991 7137
1295 9365
3616 1490
2450 8028
7808 9663
3224 5077
366 9447
2065 7331
6387 1490
7253 7702
6178 2570
1737 1838
231 4014
5077 9561
4502 4684
690 4351
231 7695
6631 5189
2629 8671
9789 3785
9172 6006
7968 9359
6736 2629
1364 4753
6813 6736
7137 1221
2714 9789
690 1094
3082 7315
9561 2152
8028 2324
6935 8937
3731 7315
6908 9766
8584 366
6387 4900
1364 1646
7060 1862
2714 2084
9766 1374
2324 1537
7253 7525
6712 2492
3825 7808
6894 607
7069 260
9454 3825
6128 1646
5889 1005
8046 1537
2152 1870
8046 3636
3731 5886
2601 4453
5893 5886
1085 1094
2783 1895
2344 2205
2524 1374
1085 6845
9248 8180
8180 3242
-1
9372 432
2157 7733
9824 2783
9204 2084
2205 1779
9690 268
4382 8228
3636 4791
268 4878
5755 3480
5232 4791
2566 2157
9824 7294
7695 6710
5983 9204
6233 5232
3277 1005
2811 6813
8665 2759
8267 9354
6025 7323
-1
6763 7331
3752 1862
8584 3542
3277 9205
9205 5276
5061 872
2059 4900
6763 8095
3480 1075
6712 4821
6498 3610
3872 1221
5096 1870
4382 4222
6128 7780
2524 7071
1853 7294
6845 107
107 3511
1838 7786
1853 2392
6165 1075
3872 6719
565 6894
7034 8482
6165 1434
8015 6631
1751 818
5983 9546
6304 2303
7656 4502
6965 6498
2392 237
7780 5353
4222 712
6719 5756
7305 2059
1779 8155
5880 7525
7951 8155
6935 3363
6886 6710
9546 3325
7323 6425
1540 3242
4295 237
8507 1434
2337 3752
2566 86
7071 1474
6783 2686
3542 3223
1540 5906
7036 818
7573 712
6425 8195
5880 2781
589 6178
5906 2346
7409 3223
9271 6233
7409 4455
1703 7842
3317 4295
2337 6278
5893 1104
5992 2811
6922 1104
6417 8482
7573 2620
8436 2346
8507 6835
3317 4691
8095 968
5096 9657
8015 4115
4170 2759
1888 7842
9454 6830
4346 6835
7951 9177
7305 5717
9365 5718
5992 4717
1888 499
7786 7561
2815 7036
4691 1181
7465 4170
4348 4455
4717 5823
1181 7506
6783 8816
3511 3613
7506 7739
8436 4151
238 6830
6922 8908
5208 8816
238 5442
342 9172
6467 5823
621 4151
732 5718
499 75
9654 3613
-1
9177 964
5353 5566
6384 968
2620 365
9515 589
8908 6998
3368 9271
9654 2798
3325 5816
441 6384
7069 8650
9515 1704
993 7739
4138 5208
6278 9889
3104 8650
732 7709
4115 3923
5442 7903
4348 2372
4346 1395
524 6417
6042 75
7968 6238
2798 5518
9052 993
5566 2753
4448 9354
2781 7900
3012 964
4708 5518
4223 441
9372 3178
5269 5816
122 7903
4127 1704
9657 6323
9771 5269
6467 6262
2341 4223
3178 396
8723 3012
6304 8290
6121 524
5011 1395
6182 8195
9771 2085
9052 9400
9219 5717
7211 122
5011 4500
8723 2749
7211 2391
9186 7709
2085 2031
2709 3368
2031 8743
2391 3641
303 365
6182 4545
3363 4838
4556 8743
4138 4
2165 6323
9508 6965
1871 86
2665 3923
8653 565
1280 342
4708 6328
5668 4
4500 3168
6328 9057
5924 3168
4556 1236
9057 844
4153 6262
1474 1640
1289 9219
3885 2341
1280 8170
3885 2611
149 1289
9508 3231
7747 2749
5924 15
2826 1236
5584 6042
2977 2372
8500 2815
9328 4821
2665 144
4252 144
9558 8170
9860 1640
3104 631
9905 2165
6639 621
5870 3641
836 2977
4190 1567
4548 3231
2709 5116
5462 9558
6886 4997
5732 836
1891 149
5346 9860
8222 6639
8319 3838
3174 4545
4754 8222
5584 7582
1844 7900
5732 1263
2846 15
2418 7747
7465 908
823 2418
9905 5966
3473 4153
2984 7582
5346 3142
9716 4878
5909 2826
3142 1394
1187 631
1019 844
3473 9370
1315 5870
4997 3993
5909 3994
6542 823
6797 3174
908 9672
3994 8166
5116 8592
9167 1891
5172 6797
5172 2547
9328 3787
6079 6998
8592 8220
1019 1361
6121 7860
5772 8653
2544 2846
2544 1238
3791 6238
8220 1517
4038 1361
-1
4088 1315
3250 9186
9167 7867
2984 6081
2178 4838
25 8319
5966 2307
9370 8200
3321 1263
6542 2954
1377 7860
370 2307
303 1009
7867 7841
4448 3245
502 2954
8200 6391
8784 2547
2178 9138
9400 848
6457 7561
1567 3802
4127 2211
9672 6205
1906 25
6205 6916
2148 8784
9889 5904
-1
8609 3787
8352 4548
2876 2611
2378 2148
6457 5863
1813 1844
3001 3321
4453 2564
113 1813
3742 6391
503 2753
5723 8500
3001 6664
5935 502
9716 1070
396 5737
848 239
370 9110
771 9138
2564 3295
1301 771
8756 1238
4754 8847
4088 6651
7212 4252
-1
6916 6683
8891 5737
646 8352
9157 8756
2695 1070
6798 239
5772 2973
837 1009
1871 4418
1931 6081
427 6079
6651 6906
592 9110
8248 8609
8847 9885
7217 9157
8039 4038
4981 8039
1180 6683
7730 113
1180 4058
6906 643
4702 5723
1139 592
4702 8734
4008 503
3441 5668
4353 643
353 1301
7730 2034
8891 2808
8166 2449
4353 3747
1931 8082
4058 6382
5935 5790
1517 2286
2378 6018
467 7656
674 1139
1028 3441
6018 868
9511 868
5462 9334
4981 88
1394 9526
8289 427
6161 2876
7576 1377
7618 9885
1717 8248
8082 9585
1717 2541
4017 6798
2541 6469
5790 3915
2973 1112
4243 674
1467 3245
7212 6905
6161 2114
2211 715
8725 2449
9223 3747
5687 1112
2808 9630
1307 3802
5904 5840
2671 6905
8624 7618
7576 6743
7841 7027
3036 7027
4916 2695
3036 902
2114 8454
4008 7621
6664 7073
8624 5956
5332 837
2286 9788
7217 5977
8814 1906
646 3818
2600 4243
9955 8454
6864 8289
8725 8032
5977 9347
4017 8098
293 8734
8384 9955
2671 1003
5276 8781
4912 293
8098 8091
4912 4345
1003 523
3250 4484
3295 4073
5833 9788
5756 5643
3791 3624
8781 9184
3024 8384
5840 6793
5716 8814
9706 2600
742 8032
4898 3024
5716 7831
488 3915
1187 4267
9868 742
3784 9223
9347 7339
9585 7941
4898 3848
1505 3848
8257 5833
4085 4484
488 560
7683 560
9706 6266
3514 1505
7320 4085
8887 523
9526 8146
88 5521
5784 4267
5521 1133
4916 4899
5634 3742
6382 2140
8449 5332
6266 3512
2680 5634
3255 8449
2680 1684
4418 3870
9338 8146
1684 2966
3514 4823
8257 1324
1923 3870
5956 2434
9595 3784
3516 9338
2434 5728
5784 1232
7339 8941
2140 236
3863 3512
2151 7320
3830 3818
7073 706
1294 5687
8634 9511
3255 2988
6145 7831
2521 8634
4949 7941
3638 2151
8941 7484
1324 3136
7538 902
3516 9215
6841 4949
6469 6027
1353 6864
8139 3993
2034 9214
6841 6310
7683 4526
5043 3136
8052 1133
2966 9363
9214 4812
8139 8684
4526 4444
5819 5043
7699 9215
1306 2988
3761 9334
4823 9728
2761 7538
1294 3426
5112 1353
6866 7699
7959 3863
7484 3831
5863 466
6870 8684
8887 8107
8470 6870
46 6310
8052 3251
2056 715
8107 7332
258 46
2685 467
7959 4062
8318 3830
9630 7466
8547 5643
4183 4812
236 1038
5493 8091
7378 1306
7621 1119
5620 4183
2860 872
920 4062
9868 6790
9314 5620
5493 40
8411 3638
7466 8129
7378 6126
6790 8203
4109 1232
6149 9595
1199 920
3251 9699
40 6949
7738 9699
1162 1028
8411 8627
6039 9363
5819 9812
7738 8625
3624 5910
9923 8203
2685 4313
8900 8470
3256 4444
466 2736
5164 8318
9376 4899
1063 9728
1163 8627
5914 8625
4207 1038
2692 1163
9314 2388
9127 8547
866 1119
8339 866
3131 1307
6149 3647
4324 4109
3730 4324
6039 2160
1438 9923
4313 3603
4145 4207
2860 9390
1199 1855
8659 1855
5112 3966
6776 3761
1923 7914
3843 2521
8408 4145
3843 5849
3100 9127
3256 6077
3100 5670
6502 3603
2163 3831
500 9812
2160 8116
4369 5670
4030 1467
8427 2056
5914 4950
7982 5910
8427 5456
353 9769
4531 500
706 7032
7332 9959
7032 2509
6126 7927
2163 590
5148 8129
8117 3647
8900 7476
7914 9768
4705 6776
7476 3247
590 881
9959 9467
8189 1063
-1
2761 5161
9269 5728
881 5218
8408 2459
9768 9207
7915 8189
6077 6069
6772 9207
9577 5148
9184 699
1852 7915
7584 6949
7584 8353
8116 7904
4531 6996
2692 8613
9269 7835
6866 6703
1224 4030
7799 4705
16 7904
767 1162
8353 2622
6069 6049
4909 7799
3966 7611
7982 3745
4909 2858
1024 2858
8035 8117
2820 2459
6660 7835
8339 3000
5161 7472
7605 8035
7927 4436
7055 3426
6641 6049
864 6660
529 2820
6793 9395
16 995
4775 7611
5164 5993
4669 1852
6145 1536
6703 9462
5160 7472
8354 6996
2388 2485
7759 5849
8714 9467
3170 864
8659 1771
767 5467
1128 5467
4952 6641
4952 681
1536 5938
7055 4045
6565 8354
3055 1438
4669 8291
2509 5735
3000 9018
4596 529
1701 8291
4882 7759
9462 5358
4882 1333
5358 7610
437 9769
7397 6027
4559 9577
3055 4841
5218 5952
819 5952
2622 3243
1701 9121
5254 5993
6565 8309
8073 3247
2649 4596
6270 1771
995 7753
6614 1333
4107 819
9311 1224
5194 5735
9299 681
5254 4868
2342 1128
8309 5126
4868 4206
3243 1841
1024 2621
5760 6772
9299 961
4369 2252
5194 4604
8632 5160
5557 3730
6792 3170
6792 4962
834 2342
5126 3421
8168 7605
6616 8168
4841 4256
7812 6616
4775 593
4559 6293
5750 4107
4604 7587
5456 6111
8225 6270
5322 6111
4256 7985
8613 3836
4950 3485
6370 2621
2649 4960
4073 4384
9100 258
9067 8225
7707 437
6370 269
6293 1190
3970 9100
1841 6737
1171 6737
9121 3769
6365 8073
4480 7812
1630 4962
961 8369
3580 4960
2745 4436
7990 2252
3970 386
9303 4480
3890 386
5760 161
3337 9018
886 9067
9774 7587
1825 2485
1171 1136
533 593
5223 7985
5984 8714
3485 6550
5240 3421
548 4206
3141 1136
3890 310
1759 5750
8632 8823
9395 7602
1759 6796
5225 8823
9054 5240
834 7847
7602 5851
6160 1190
9068 6550
310 2011
8294 5322
5223 7495
7847 4086
7753 3705
9054 5567
9068 1954
9211 1954
6577 5984
269 136
4045 9010
9774 326
9010 9996
2806 5567
886 3422
533 2433
2726 7397
4474 6160
9872 5851
3422 9109
1630 5422
6796 7314
3705 410
7999 7495
9211 4410
6914 4384
9311 6201
7707 2651
8363 7314
6577 801
7610 5882
4700 9996
8607 8294
6130 8363
598 3580
6201 6346
3160 4474
6130 6041
3160 8249
5658 3131
4345 5348
2168 3836
5122 410
3015 5122
2168 7421
2806 4943
6354 5348
3928 6041
6964 7999
8249 3565
5225 7824
721 2011
9390 9051
9972 2745
326 248
5938 6338
4086 8993
4943 1004
4944 7824
721 4932
3904 9376
9997 248
3337 5441
4119 6338
1558 8607
324 6502
2081 5882
5441 9637
8854 6354
63 8369
6708 9997
1558 9912
3454 9109
7053 3454
5682 9303
4140 3928
2703 2651
5214 6708
6297 7053
9637 1331
6297 3202
4932 4212
1331 9704
4410 6132
63 4238
4700 8560
5422 5801
3565 923
7557 6964
5682 3855
2081 9161
5120 2433
6691 3202
8407 3141
9884 4238
136 5859
161 9761
7698 4212
6390 1825
71 5557
7557 3648
3633 801
9884 786
296 9704
4944 6517
93 8407
9231 598
3648 5396
3814 6614
923 212
2726 439
7271 3769
6365 2993
8893 7271
296 9345
3633 5531
9161 655
2813 5859
9761 3488
71 8110
4250 9972
3737 4140
2744 3737
6879 8893
93 1046
9822 2744
2989 3855
8946 6879
3814 4407
8110 4735
6254 439
4894 4735
699 7588
3375 7698
8946 1792
8165 6691
4703 212
9822 9742
9682 9872
6254 3746
3746 4565
1792 2903
1913 5531
4703 740
4407 5385
7580 4250
6914 1130
1572 9682
786 4337
3488 6207
4337 2882
5385 9818
1220 9742
2903 9427
8493 1046
7421 1103
324 4279
7781 3375
4565 7178
9345 5571
2102 2882
8930 1572
3904 5304
2993 3076
6537 4279
6537 6700
2523 655
5396 12
9268 8165
5214 21
7990 279
1220 4006
3216 4006
5571 4910
9268 4973
7601 7781
8924 7178
5202 3216
1949 548
6207 5838
5801 6269
1325 12
1332 6132
2989 7461
8854 7586
5202 5454
9231 1705
5120 4124
6269 5274
1705 6288
4805 1130
2437 1103
478 5658
8459 8493
3015 2974
9820 6517
9820 7640
21 9171
1332 8553
9963 9171
1913 2457
608 2523
5270 6743
8993 5310
4925 9427
6499 6390
4328 2703
2236 4124
5454 1780
5274 1889
9693 2236
9904 7601
1004 5
9912 9
8553 9863
5800 2974
3374 6288
2457 7345
2102 8991
8560 7756
4638 4925
6499 9147
9147 6546
7588 4105
2994 7345
9507 3374
5838 9807
850 6546
8991 1687
7461 4358
8259 4894
1889 8599
5310 2914
6292 7580
7640 5561
5408 1325
3733 9963
9590 1949
1721 4638
9950 2914
8234 2437
1694 9590
5459 2813
389 6292
1154 8259
1780 8996
9818 4614
5844 4358
919 8234
5408 9355
3076 4147
3296 8459
3912 1687
3296 5534
9397 608
4328 445
4147 1290
5459 5111
5800 522
9086 445
382 8996
927 4105
3144 8924
9693 6895
382 854
4805 5579
1694 7846
4302 6895
279 4951
3912 456
3743 7846
7401 4973
850 4265
1069 7401
5664 9355
-1
4119 6851
882 6851
470 5844
9863 3917
3983 740
3557 8599
3557 4034
1069 5484
854 4836
3144 5074
2994 1011
9086 8539
4265 3159
3819 8539
9904 155
7756 2297
4034 114
213 4302
5111 3537
1202 7586
919 6828
470 728
3116 4614
9671 9807
9051 6833
5484 4790
1290 7494
522 7766
389 3428
2353 6828
9519 1154
9519 9751
5647 3743
155 5169
5304 4540
5561 2795
5169 23
5137 7766
5 8982
7474 5664
4618 2297
2280 5534
5647 3388
9507 3598
3884 9950
3733 7492
7492 9665
6303 456
8758 9397
9245 478
4174 3983
7996 3388
6626 6833
3598 8311
2280 5158
5150 8982
4951 3820
8530 4618
8299 7474
2353 5646
7996 1560
1721 4885
9665 1831
7209 8311
6195 3820
9751 1524
2992 4790
5150 4472
1915 9671
3917 9919
9443 8299
3926 3159
23 2935
3819 650
5920 5646
4174 1727
4068 4472
1727 1546
4910 5420
5158 7745
7745 7902
4701 5420
8758 7449
9411 4068
7449 9524
8844 882
3745 6730
3116 7222
2935 979
5392 9411
1999 3537
6303 6181
5137 1357
1560 5933
9853 4701
4885 3707
3014 1915
4836 7281
1997 8530
5793 3926
6548 6181
4826 5793
3884 418
9443 7317
2992 7326
1997 3389
9245 2390
114 5748
8795 5748
7209 8371
8637 7494
9919 9911
6548 3232
5392 7396
7002 7902
4529 1546
1831 9809
8637 4501
5920 9375
1039 650
7317 9794
4104 2736
3232 8423
9794 8231
2400 8371
1039 739
5599 7281
5998 3707
4529 5357
2088 8844
3519 8423
8002 9524
802 2088
6626 9124
2924 5998
5861 9911
1202 2118
9853 7926
3389 3803
9124 6335
4826 1480
2795 4423
8795 8148
3519 9760
728 4865
4692 7222
7396 9969
2924 7873
8794 9969
9375 1471
6700 2981
5142 5357
1663 8002
2350 979
7873 5526
8231 9598
2350 3941
185 2981
-1
739 3852
3428 6707
4423 8402
1948 3852
5861 1538
290 3941
3394 3014
7919 7326
7919 8731
1480 3235
418 9190
6784 8731
3235 4673
-1
7478 9190
802 6726
1357 5943
7277 2390
1471 525
4540 1821
9697 9760
8794 3089
6443 1821
4692 5198
9598 1349
691 6707
8148 4974
1011 7758
831 5943
5599 201
831 3034
1649 9
4865 5547
4974 4422
4673 6987
567 4422
3034 7454
5142 5738
691 4537
1086 1349
201 2623
3344 5933
8012 3394
4537 4251
6987 7412
3113 7478
213 2126
9944 290
5292 5526
7412 4084
7370 3089
7002 5932
2455 9944
6466 5292
2707 5738
-1
7961 4251
5856 567
7374 6730
7374 5284
6885 7758
6311 5579
1948 5305
4229 1086
5856 5354
5979 1663
6460 2126
8012 5041
2455 878
493 2623
7370 4543
1602 4104
4543 7447
8608 9697
3867 6726
878 7292
1524 9691
8608 4896
3113 6567
6363 3867
6363 629
9425 5305
-1
5837 5074
4229 3894
1538 4459
1255 5198
7292 7457
493 8183
4896 8769
7447 9342
6567 8770
4654 1649
5356 6466
5932 1614
5523 8402
8453 4084
5776 2707
4590 927
4763 7926
7961 5845
1123 1999
3438 5041
5356 7869
9809 6040
5547 3691
6761 6885
9102 3344
9425 9920
7004 5837
1573 2400
5979 4044
8183 3133
7004 5831
8769 1274
7454 3430
3803 9247
-1
9342 4532
9525 8453
1614 9906
1573 8959
3857 3430
7254 6460
9628 6040
3133 7177
3635 6761
5535 9920
4532 6644
9903 3857
9628 9552
4044 760
4654 4075
3894 8840
2379 6195
9247 9261
6644 7043
5156 8770
6299 1255
2164 5354
6299 6918
7043 4578
7177 5598
5709 6784
4866 9552
3438 1074
4075 164
4763 515
164 7451
7869 5525
6652 2164
7487 1123
3751 1274
4400 4459
9909 8959
5156 5881
5598 851
287 9102
9903 594
535 9909
2857 8840
4501 2668
5845 6274
5709 2776
8857 5523
594 4941
4288 2776
1149 2857
287 9978
6188 9906
3461 5831
3691 9166
5881 9295
947 4288
235 185
235 5770
760 5883
7675 6918
3461 1958
7451 9947
7254 2807
7457 6788
5883 8933
2678 6788
8638 9691
7720 2379
2678 3054
6321 4941
4578 8190
8190 4716
29 1074
3635 7085
7475 4400
9947 3102
9616 515
29 7920
9525 6911
6652 3079
1096 5535
1958 931
2377 3054
5347 5770
9426 6311
8933 8019
7524 2668
5256 3079
1014 1149
851 6940
2118 1140
8128 6321
2451 8128
1602 3650
5502 6274
124 5502
4866 3850
7475 9385
8019 5056
8638 4291
2451 4219
8857 5538
6346 5323
179 9385
3767 5347
947 2028
4291 9108
3767 6619
5525 8473
4716 543
1426 3751
3850 4870
7244 629
5163 9166
8314 6911
8314 6694
4219 3566
4179 9616
9317 9978
3507 9261
5056 4777
535 6701
6443 1531
1140 4215
5538 4097
4020 5163
179 1532
9527 7524
2028 983
3102 6524
3333 6694
4870 1043
1689 6524
1532 7884
6441 4179
2807 9858
9297 1096
7814 5256
8473 3088
6188 5213
9576 3566
1014 2584
5027 6701
7814 4487
9108 9910
543 9360
6940 1055
862 983
6437 5323
2584 6109
1422 7487
7313 4777
81 862
6878 3507
8930 1012
4018 5213
6335 8100
7658 1689
2377 1132
81 7765
1043 3199
6589 1055
7244 7098
2180 4487
1960 6878
3088 2224
3152 2224
830 5027
7898 1960
4590 8649
4097 5471
79 6441
9858 1412
9527 7694
7658 7267
3199 5085
5507 4018
5507 5020
9576 9035
6589 2577
9035 9806
1574 830
3549 79
1012 7341
5020 1584
7085 9945
928 9945
7098 5079
5866 1584
5575 7267
5270 4720
9357 8649
9317 8034
3725 2577
5866 7147
3340 5575
5989 6437
7675 9810
9806 8084
1574 5495
3192 7884
5495 2285
5187 5989
6281 1132
8034 27
4886 3725
8282 8100
7694 5382
-1
2180 935
5776 3204
270 5085
5382 2184
4713 928
24 4020
935 7284
3333 6920
1251 7765
1426 6800
9188 9910
3152 8236
7943 27
2184 9466
5610 6619
6920 1008
4720 9758
3340 1322
7889 3650
4847 4713
5788 1251
9050 8084
7220 931
6137 9295
4696 6800
3688 5788
906 9810
4886 5045
-1
9357 601
5045 2716
3875 7943
3738 24
1848 3688
8256 4215
4191 3192
5617 3549
2546 3738
7341 4090
2874 5617
2087 124
8236 172
2874 1241
9360 6967
7015 6281
6010 4191
1241 6970
3942 7920
1399 9297
2546 3639
3201 1008
7147 2463
3639 4991
2182 2716
3942 8061
8061 8483
9386 3875
2266 270
2266 7490
1322 5780
6109 3866
2079 1399
4308 2182
5168 4847
6010 7350
1412 4227
172 874
5471 9803
449 7220
4308 8859
9188 1529
3227 6967
9320 2463
7284 7810
7015 4275
9378 6970
2792 3201
9050 5652
2792 4393
2456 906
7437 7350
147 5780
5830 4393
2285 1354
461 147
939 9320
2139 5187
1018 4696
939 987
9625 1354
5969 5079
987 9045
2953 8859
7186 4991
7645 7313
286 4227
8483 5585
5284 990
9625 4061
7437 617
2503 3227
9349 7186
7490 5368
7889 7100
5368 3593
1018 5922
2503 5272
5550 5272
5922 343
1807 5550
9482 3204
343 1129
1529 5447
9758 1269
8818 1807
9378 2910
6863 601
1129 8554
780 5830
4608 449
1269 536
1346 780
6655 2087
5203 4275
5969 7661
6137 5768
4061 2991
8381 2991
7045 7645
7028 9045
536 3570
4621 5768
4621 1155
874 2116
9429 2953
2060 5168
5308 9466
7558 2116
3387 2910
3866 7775
6298 3387
3114 2079
4920 617
7775 9230
7898 8268
6633 4920
7558 1441
8274 5585
9230 2823
2060 8927
8256 9823
6633 2013
3085 7028
8927 5753
30 9349
1422 1642
489 30
705 8554
7045 5742
705 460
9426 3988
3592 3085
1685 8381
8290 7386
6298 3329
4608 6767
6231 286
3341 1441
3593 7452
1685 4429
3114 9756
3341 2598
3592 7734
2246 5610
7810 2607
2013 3027
6655 2167
2010 9429
460 6456
7100 821
2823 2466
6187 5742
2532 3027
2010 3042
8152 2532
7406 8268
5652 3498
2466 5399
1848 2436
2020 6456
1155 7152
3038 9386
2569 7452
4994 525
8 8818
9450 2569
9823 810
5308 5771
2598 3181
3181 1189
2257 3329
7661 6778
3271 4994
2607 9339
7277 3589
345 3498
6767 544
4429 1469
2436 4361
5469 8
-1
707 3042
9756 8327
9339 7143
9493 7734
7143 309
6933 5771
4317 5203
2637 2167
9927 707
4524 1642
345 8487
9450 6108
3829 3988
2595 4361
8327 4482
6665 2595
7152 477
1469 1368
8274 92
477 8301
489 4388
7544 9927
8336 4317
68 7544
2637 2104
8282 1565
6933 5729
7201 8487
6863 8963
2246 2626
6231 4643
3575 6108
3272 5469
5399 9062
9047 1189
9482 5574
8005 5447
5980 9047
585 6665
7110 5574
4388 2041
9062 5678
1509 4643
1794 7720
5980 9801
3002 3272
3072 3002
2456 3582
3533 7406
639 2041
9287 3072
8842 8152
6897 92
6418 1346
2681 3570
1510 6418
68 6376
2020 5660
3297 3575
1475 9493
6897 8096
6187 5879
2804 821
6376 8860
3145 8842
6778 1933
8752 8963
2334 5753
9074 1510
9287 1526
9074 4567
9535 2626
2112 3297
8727 639
8179 7201
8085 810
6520 8005
9578 8336
3038 5967
3219 2804
9535 8303
8833 4482
6520 6314
6725 8860
3271 4300
9578 447
8922 9801
6174 5660
1217 1565
1509 9101
4579 461
6314 2873
309 633
1368 1695
8301 884
9667 5967
5942 5678
9298 8922
5673 1475
4213 1526
2257 6261
4479 3145
585 3292
8458 5942
7460 884
7460 1321
139 9803
2630 5673
633 2888
6103 139
6946 3292
8706 8096
9298 7415
9836 6946
1872 9836
4820 6174
8706 2335
3582 9080
6103 4957
3531 6261
2334 7819
-1
9667 5437
2112 9827
5437 3060
1933 4859
6613 2888
2104 2254
8727 9931
1764 447
3764 4820
6059 7819
9827 2708
5879 4435
2513 4567
1097 4479
9140 1097
2873 6606
9101 7223
1872 6740
5491 4213
8833 4677
6740 2374
4635 2335
9140 4471
6725 1442
4471 4477
9080 6902
128 6059
2681 5094
4435 2817
8940 6606
2630 3880
9072 8179
5491 551
7330 551
6768 7110
7890 3219
7674 4524
4635 9551
8752 9201
5058 2139
5426 7330
2383 1321
1764 1969
783 8458
2254 6759
-1
7890 3670
9178 9072
7669 6613
1230 5729
1276 128
1276 3345
7386 278
3531 7243
3764 2520
381 3345
381 3406
3986 1969
8940 8287
9178 959
3547 2513
7359 1217
4859 8197
6925 4579
5058 5919
4957 9973
-1
4056 7415
9833 2520
2023 3547
5059 2383
6902 7202
2023 2232
9833 5712
2526 7674
9973 1372
4056 1309
5681 5426
807 278
7202 5288
2750 2374
184 1372
1168 2526
3986 2632
2750 9105
9478 7243
1442 6842
5712 6889
6925 1760
5681 4712
6842 5237
5237 5220
4712 2146
3880 1678
3829 5260
9280 5220
4300 3789
9931 5410
2757 6759
783 4533
7223 4771
1930 2632
1695 5271
1678 6944
1973 959
304 2146
3060 3658
5271 6500
9478 339
9158 339
6889 8858
5094 4659
3187 1973
506 1794
9280 4661
8085 6032
4512 6500
4661 6762
1930 1749
4477 7649
2613 9105
4162 4512
9446 4659
3447 6032
2232 7198
1749 1575
6463 8858
2708 3220
7649 7897
7158 4533
562 2757
5546 2817
1521 5546
4186 304
3220 1265
1521 8003
8588 5919
5121 3187
6762 32
5095 9551
2613 9620
2545 5410
951 8003
6463 162
431 8303
184 8575
6748 7158
3407 506
1309 5139
4162 5063
5288 966
4677 627
4090 6368
8575 5067
7897 4930
2545 8391
5327 544
627 6552
3533 6180
1265 3310
7198 96
3406 6199
5063 4293
562 768
6352 1230
7562 4293
5139 7676
1760 7977
6748 250
768 2694
4186 2229
2040 3789
6504 5121
7639 990
2694 4143
8391 8750
7977 3180
1066 7676
9158 1416
-1
2967 4930
9366 9201
4307 6180
7121 6768
2919 250
2269 807
3407 1501
3180 1022
951 781
162 1319
4636 781
7800 32
7562 1343
246 1319
687 5327
2229 5031
9366 1937
1575 9346
4764 5260
8588 1212
9620 1840
1840 8517
5409 7121
3658 709
9346 5481
5031 5684
2967 9866
9866 743
230 4764
9913 8517
4636 2905
709 7403
6199 6687
246 1816
6722 687
576 3310
6722 1709
96 3359
676 743
7946 1816
7669 5199
3805 1343
1709 1518
966 3147
91 1501
5481 8968
5067 5498
3447 1461
8883 431
362 8287
4277 2919
6944 9619
325 7800
8968 8283
9619 6113
7359 1161
6504 9701
6125 8197
4143 2162
-1
7400 2162
1539 576
829 9701
1066 2603
1539 2666
1205 325
549 4771
7946 9518
1520 8283
9664 5498
8365 676
1168 3191
3053 7403
1520 970
5409 7778
6125 943
7770 549
1518 4089
1205 448
8365 1298
1298 7877
8431 6113
9394 7778
4360 8431
3805 1170
9604 7770
1022 5435
943 5962
4365 829
2562 1161
2666 6122
980 4365
1170 9873
3147 1734
3525 5435
5224 9664
6687 9130
5095 2779
3257 2779
3446 3670
9263 7400
448 8334
230 2169
362 4060
5048 5199
7826 980
6552 9938
5962 8661
2169 4326
9913 7798
1734 9498
6122 4169
4307 8349
1896 9518
5230 8334
1896 1645
5684 8912
8827 5059
2407 91
8531 9130
3191 5510
2905 6771
4169 8020
9394 8749
7925 3525
8286 8749
2603 6956
4173 2407
4277 8360
675 6771
1645 1758
9039 3257
3959 675
5536 9873
9498 5720
4025 8827
4149 7877
5224 7157
335 6352
-1
2922 3959
9084 5230
8360 8086
7560 1416
2922 1823
4060 1596
7673 6368
7969 9039
7382 4089
4164 3053
2937 8912
4025 9445
7969 4558
5544 9263
8086 7523
7560 1883
1461 8635
9604 3504
4658 1596
1883 5642
5635 5720
1758 2460
9146 970
7638 5544
2040 37
7523 2838
7798 3129
4164 9284
8536 8020
4149 6527
7583 4558
2412 5536
6527 9617
5048 1716
8531 367
5661 5635
229 9938
2762 6956
335 9383
9284 5744
3129 2465
367 5505
4658 9748
4091 8349
8826 5642
9146 8639
3510 3504
7826 6284
1261 6284
5661 1620
2465 4742
8883 1381
1366 8826
7583 5078
7716 2460
8750 8838
9446 4246
2412 5702
4742 1865
9990 7639
414 7382
1823 2073
1212 4921
3462 5510
7716 5054
7925 28
9445 9066
5302 9990
1366 2044
28 5917
7441 414
953 2073
9084 352
1962 3462
5917 9887
2838 7368
2937 8011
5702 4419
7638 3148
5779 4419
1865 3811
8639 7044
3241 7157
6607 8286
4091 635
8661 7187
8838 2333
9227 1962
360 5054
1620 5299
2441 360
1937 6648
8011 632
5302 6636
8480 2333
8118 2562
1261 4741
3359 6224
7187 5549
352 5124
5549 581
3620 2762
3510 7398
6636 4264
4007 9066
4741 3314
5505 1048
6208 2441
6208 8131
6604 5124
640 3148
5779 112
6340 640
217 6340
9383 9650
4942 4007
3241 6926
7441 1423
8131 3757
632 9639
9639 5640
7044 9241
8975 4942
3625 6607
3314 8830
8906 8536
1423 4167
9241 842
5016 5640
112 2129
9650 8240
8462 8480
5324 9748
4360 2718
4173 3108
5016 7880
6648 9048
1048 8902
8462 6150
2067 635
5674 581
2113 217
6224 1497
6084 7368
8240 7953
8215 229
3620 1173
8902 9197
3811 5731
2177 1497
7377 4264
2113 2704
7251 2067
6702 4167
2044 3070
1716 1312
7117 2177
6494 9617
6084 4476
5731 9483
842 9676
3950 8830
7366 37
3950 2793
1173 7344
5078 3135
-1
6494 778
3757 9811
9676 8872
2129 5429
9438 953
5299 2900
6604 8378
5429 8494
9048 1201
7366 434
4921 1082
8178 8494
2195 6150
7880 2230
5324 3283
3392 9438
4476 9680
5311 9197
5145 4246
9811 2095
8975 2515
7398 9915
4607 2230
9708 9483
4989 3283
434 3574
3625 2033
3392 5241
4156 4326
6961 7953
5311 5081
1989 6702
2793 3347
7117 4289
8906 1578
1447 2033
4989 9232
978 4607
2718 519
2111 6961
5145 9940
9232 5349
2918 2704
625 7251
3706 978
4205 3706
4873 5241
6913 2095
3236 9915
7344 9636
3749 8378
8215 1329
1334 1447
4336 5349
8872 7179
1312 6887
6913 9123
3347 8960
1860 7179
2396 3446
2195 7527
8174 9636
5744 4736
3749 3074
2614 9940
5017 9680
8635 4161
8504 5017
3589 9602
8464 5674
1556 778
2775 4336
917 2918
4736 1549
2515 4122
8246 8960
41 4122
41 471
519 3330
4205 3335
3439 3108
1860 4209
1943 6887
956 9887
625 4657
2614 1248
9952 1334
4289 7590
7467 3574
9160 3335
4873 3127
6581 1531
1549 61
8246 4118
2900 2054
9708 7491
9512 9123
2775 5438
4657 711
5319 3074
9116 1578
1329 4547
7367 917
685 7673
1654 5438
7491 3754
8174 9618
3070 1693
1556 8223
9952 8264
9145 3127
5081 5047
7930 8178
5600 7527
756 5047
6402 471
1989 7064
4633 3236
4415 3439
3523 7930
3759 3523
7064 583
3459 5600
8736 711
7134 61
7377 803
3754 907
9618 3985
5698 8504
3759 6973
9602 988
3729 2111
7367 4355
9396 956
7879 9116
2043 9160
7218 7879
387 7590
4718 2269
7422 3459
3729 4806
387 4688
6752 583
4016 4118
4923 2054
2870 1654
9396 2486
4216 4355
4688 2362
2396 957
4343 5319
5197 7134
1938 9512
9227 8822
1938 3826
330 2486
9007 1201
8223 5858
4216 295
295 6076
5228 2870
330 6479
6076 1530
4633 1660
5973 4161
4806 1579
7307 1693
4923 4035
2362 3003
3826 5103
1530 7581
4343 5229
6479 6876
7307 4010
90 4209
2618 6752
2555 1660
685 7789
4547 2370
2043 7083
6973 5113
9786 90
6402 3860
3003 4929
5698 4630
7950 7422
9786 9720
4630 571
2932 5103
3551 5973
6926 2582
3135 3239
3330 3210
2932 5060
809 5197
7950 3444
9720 4126
7170 4010
5060 4660
5229 6574
907 1854
7581 6538
1908 4035
7910 7083
571 3953
3953 207
7789 4624
6574 922
758 6876
4496 3860
5931 8118
1854 8001
4737 1579
2555 2985
556 3210
8862 5113
9418 8001
2730 7467
1943 727
3806 3985
8264 4780
8820 1908
5858 9399
4563 4016
3444 8836
9218 3806
758 7763
1219 4660
8822 8421
3823 3239
7375 2730
8863 7910
4977 957
1365 9218
727 4523
4780 6401
9399 3324
4563 7280
9145 2717
922 3173
8736 1115
7644 7375
8421 880
2725 9418
3452 2582
2370 8978
2635 8820
8204 3551
7050 7763
6746 1365
8464 8590
7529 207
7118 1115
8836 5994
6471 7118
6746 8300
6766 8590
4737 6653
4755 4156
4977 6859
284 3823
8321 4496
7170 782
3173 1864
8978 6709
2394 2717
4601 6401
5994 7237
4811 2394
6988 8300
4415 9668
6653 1887
2635 3084
9371 7529
6857 8863
2531 2618
693 7644
556 2549
9732 2725
4755 595
4933 4811
5084 756
8159 8204
3356 4601
782 647
1493 284
2531 2330
8888 8862
8798 5228
803 5401
7050 5766
1219 3732
559 4126
7486 5766
3906 9732
6709 6912
9025 7218
1493 9380
3906 7455
4745 6988
8798 9886
6817 809
3356 1661
392 7280
591 6859
9677 6471
3412 9380
8545 9677
3324 2978
9337 9025
384 7455
1390 392
8321 4387
9371 8345
6817 1805
9341 8545
2549 5477
3899 5084
6571 4745
4285 3732
9020 4933
9020 2092
3899 8990
4285 2089
3238 6857
8132 4929
6779 9886
8532 3238
9668 1430
6571 5154
1864 5086
7836 1430
2279 647
2279 1216
484 8888
6143 5154
7442 1390
4728 6912
9874 7486
2330 2589
372 9341
5477 4676
5925 7237
4387 4159
7346 1805
9448 2985
5375 3452
8406 4676
1834 8532
8546 7346
9736 1248
7830 2978
5028 8990
1216 4497
8546 7206
5369 693
3475 1661
5472 7836
384 5908
2270 7830
5925 1449
5086 6953
4523 5504
9736 6373
2089 4494
5908 4198
8137 372
4198 261
7014 5472
484 5330
7976 8406
334 9007
9861 5028
3259 4494
3667 5504
2268 7442
1082 4760
6757 6953
6668 9874
4855 6538
2589 2310
8132 6359
7173 5401
6290 8345
6373 7334
7813 3259
7014 273
1449 7335
7443 591
3151 6766
4284 6757
2310 6503
273 824
8124 2092
5713 1834
559 8474
8278 5375
5804 6359
3225 880
8701 6290
6143 7126
9934 8474
9174 6503
1887 663
1457 9861
83 6779
2560 7126
4646 663
824 8192
2560 4368
2289 334
7324 6668
8701 3597
261 2802
3225 2728
5330 8322
3597 8967
4284 4130
930 8967
7976 490
490 5675
458 2270
5685 4130
2728 6026
8383 8159
3667 5963
4370 4497
5188 8137
4370 3604
8417 9337
7646 3412
930 6560
5181 9174
5931 8721
1893 4646
8417 3308
5713 9958
9212 5685
4368 3662
5623 8278
3084 9633
5963 8682
9928 2268
9854 8124
7324 3046
8808 4624
2479 6560
5915 3662
5623 7592
6026 3058
4233 1893
5144 7335
5188 5524
3308 6688
1002 9854
8162 5804
8322 2470
5144 6147
4760 3631
595 6593
3628 3058
6968 4159
5524 9306
6541 7646
5369 1433
8682 9762
4048 2479
8901 3046
458 4244
4048 1600
5675 8243
2326 7206
1194 4728
1641 6147
1600 7503
7443 7671
6561 2470
9875 9633
83 6129
1457 7019
5090 5915
6688 614
4855 5644
2780 9306
853 9958
2802 7866
7592 8920
2650 3631
8901 4955
2289 5929
3176 8162
7173 6117
3018 8383
4315 6581
853 5496
2326 2787
9762 945
6541 8452
9928 4052
8192 5719
9875 6794
9894 7813
6968 5245
6997 1641
6557 945
7650 5496
3628 2588
5030 5719
6557 2262
7503 4972
7650 5527
1433 4915
614 1788
171 3151
383 4233
2156 5030
7866 668
6650 1002
280 8808
8243 1401
5527 9593
5090 7815
3615 9212
7019 8718
9593 7540
5181 7931
3701 1194
1582 8920
2196 6561
8452 4585
599 7540
9932 4915
8122 7671
7021 6593
9448 2706
9894 257
8099 7021
1788 1025
6856 4585
6399 383
7565 4955
7815 5309
2429 3604
2767 4972
6480 5309
2409 7565
3475 6882
6794 3075
2467 4244
1271 4052
6210 4718
3075 8929
599 6052
6052 1981
4486 1582
2196 1425
3957 9934
2650 7893
1981 1552
6350 1552
2557 3957
9932 4276
1677 6480
4845 2429
4729 1677
2408 3615
2156 2014
6650 222
17 6399
4224 5245
3701 6750
7988 668
1401 843
7116 6856
4108 6882
6210 6120
5644 9900
8122 247
1052 6997
2706 5778
4224 2619
8929 2805
3266 2619
6217 9900
7116 4452
916 257
4486 4095
4729 3457
1946 280
171 1234
6361 6350
4452 8070
1863 17
2767 4081
3898 7931
7361 8721
9073 1052
1747 6361
3364 222
3189 2262
9290 1271
2408 3453
7918 6129
8413 916
1988 6750
3453 9575
1863 4280
3898 4381
9283 8070
9767 2805
5878 9290
8413 6426
9510 6426
9235 5778
9575 318
247 7290
3101 1988
3176 8149
1234 4157
7259 1381
2999 7334
6117 974
390 2999
6217 7923
3429 9073
5929 7888
2467 4063
4157 8270
5636 4108
3150 2557
5006 8099
3189 4996
4095 4200
8718 3902
4845 3573
3882 8270
4063 6211
9835 4996
5263 4315
1025 5001
8149 8380
4538 3457
1747 48
7918 5211
1932 390
7106 2780
7500 9283
843 7265
1795 7500
1425 3723
8747 974
4714 7259
8979 6211
926 3573
534 318
7290 1656
3723 8469
7719 7988
415 3429
9224 4280
7888 6993
7719 9948
48 6754
1656 8915
7923 2447
4714 2001
3364 7438
8641 5263
1950 1946
926 8875
8380 1059
5001 5100
8979 1235
7512 7361
3671 2447
534 2098
1795 2284
2787 3651
2928 1059
2401 4538
4200 2538
5211 6064
8048 7438
2409 3006
1590 4276
5878 7862
9542 8048
5721 9835
7483 7265
9948 3059
6993 8817
1287 2098
9510 8261
5180 3671
7483 5003
4081 19
5721 9891
7146 1590
4397 1235
3101 8491
8469 7711
8261 9523
2001 504
7711 6139
8875 6268
1569 3150
2928 1210
19 5445
3266 9907
2952 1932
2770 9523
6139 8825
3006 2159
2027 2770
9588 2401
1367 7146
5953 7862
5003 1768
1210 4848
9279 9588
5445 9815
3882 8040
7512 404
2398 5100
3661 2952
80 5180
9907 7233
9815 8598
2159 5741
3679 8598
6533 80
8674 415
7834 6533
2027 3659
8817 1303
7233 4682
8491 1197
6754 3306
1316 4397
7796 3059
1287 2827
1950 5796
3679 4750
7106 9734
4195 6268
9279 2853
2538 4426
2398 2099
5648 8825
5073 5953
3974 1197
482 8674
7464 2099
8153 2588
7407 2853
130 3902
7893 9898
3306 6074
3661 9310
7464 2469
8747 5452
482 2175
3696 7407
2469 6223
8079 2284
2756 3018
2827 3878
130 5895
5671 4750
7796 3934
7533 9767
4306 7834
3479 5636
154 6223
4848 8983
5782 2175
9235 226
1316 4954
5519 4426
9224 776
4306 9624
8779 7533
3981 4195
5895 7595
481 5073
1208 3479
3968 8079
9888 1768
3901 4954
3901 3106
9888 5806
1326 9624
1326 2980
3878 1628
1628 909
331 3106
564 5648
6120 1623
777 1367
2298 4381
5782 2495
3621 4682
2298 6035
481 7101
2249 8153
6214 7101
909 7598
3659 1793
9120 7595
9572 3696
404 3047
4193 226
1370 5671
564 7993
8004 331
7408 8915
5806 6580
5981 3981
2249 374
2405 5981
8266 9572
7993 1995
9542 6903
1926 1569
3991 1370
7598 5248
5102 2405
3656 2014
6136 8983
9891 7278
6136 799
2207 3651
1699 9310
5424 6580
799 8911
8364 5102
2980 7944
2207 2490
7278 1879
1403 7408
6302 4193
3974 2008
2439 8641
764 8266
4023 3991
5248 6219
2723 6214
8779 4748
3047 9829
8050 6064
5424 5221
8050 4666
6591 9734
6219 8444
3699 154
5119 2495
2439 6921
4670 5741
3322 3699
8335 3656
4772 7944
9292 6074
7764 3322
2490 3234
5814 3234
3718 504
9603 5221
8004 3947
6035 7934
2723 3125
3163 3125
3968 9698
8040 1916
3163 8214
1926 7128
1015 8214
5586 4666
7531 8911
6240 3621
127 8444
374 8558
1916 2624
7637 6302
6903 1179
459 7934
2865 5119
1359 4772
787 1208
3718 9056
6416 5519
1746 777
5452 8154
9120 5903
8612 4023
9292 8481
2624 9358
5903 1884
8481 8216
6240 2155
1793 7348
3378 7637
8416 459
7081 2008
7348 8681
6952 4748
-1
127 9343
7531 6097
1135 8335
3934 7668
8681 7131
7703 7668
1718 1995
4136 9358
165 1359
7081 4314
6952 671
7017 2865
3947 6735
42 1718
42 3545
671 6637
7947 9343
8612 3655
6795 7947
6637 2109
2265 7017
2835 1303
7227 7703
165 1345
45 1879
4204 1746
1884 4787
1137 7131
611 6795
1609 3655
7128 191
7764 9782
176 2155
6735 7724
8158 4136
5814 4940
8163 2265
787 9202
6296 1345
6097 6727
6452 4204
7849 4670
6416 5850
1137 857
191 232
8997 9603
9698 1049
2764 8416
2764 6112
6937 7849
6591 1468
1179 3614
8655 1049
6893 232
2835 9420
8997 7275
5911 7724
3545 944
9782 5307
6452 2339
6112 3156
8140 45
-1
8163 2943
4070 6296
1015 8572
776 1753
8154 5614
-1
8000 5006
2339 3267
1609 6534
2638 988
8216 2006
817 5850
973 6727
3289 3378
5236 8364
3037 611
9043 8558
6534 6690
5307 4257
5697 9056
2943 7955
4314 1519
3037 9930
176 5118
1227 9898
2963 5911
4644 3289
5662 3614
9970 5118
9043 1723
9930 9921
6937 99
753 944
2109 6378
5586 4312
3476 2963
317 6921
2415 2006
973 3122
150 9420
4316 5796
7955 4905
1619 857
150 1203
-1
4940 4946
7303 817
6728 7227
4694 1619
7604 8140
4694 9641
4905 6799
3476 737
4021 6690
4021 899
373 4312
8390 4070
9921 5201
1519 486
6728 6333
5614 7553
9323 5201
9970 2676
7604 7570
4599 373
8238 6378
8572 9922
8238 2812
1699 276
-1
2415 4376
3078 4787
3744 9641
8027 9922
753 4922
7570 7956
7011 1135
950 8000
737 994
5364 5236
7607 276
6490 3744
99 3773
6729 764
2676 5752
3122 3009
6489 4644
897 3009
4376 5104
7677 7011
1723 4857
3267 2891
5752 6486
6729 7099
2891 3196
38 6799
9477 899
2812 9021
1753 5789
486 4390
5662 4975
932 3196
4599 4872
4922 4992
3711 4992
5364 275
7594 9477
6518 1203
8834 7099
6486 6282
175 932
4975 3424
275 5815
7956 332
7399 4872
7275 2758
6333 6157
6874 8158
1648 3156
6669 3078
5340 8834
8655 2077
5105 994
-1
3773 1849
1849 762
4857 8026
1648 7497
6625 3424
9202 6294
44 9323
3711 6733
1206 5104
3195 2077
1398 5105
44 2328
8010 7303
9846 6733
8916 5815
897 8104
5583 6893
5583 7035
8916 7751
7677 9700
741 7399
4257 6438
2697 332
1836 7594
2248 9700
1836 7518
7518 420
6438 9401
-1
1398 2586
1658 7035
5278 1468
2328 745
8109 745
3362 6489
8221 2248
4390 3627
6388 8010
3895 1403
7051 2586
5278 537
6445 420
7051 8995
8580 1658
6282 9529
6294 6213
1182 2697
6625 6789
8109 1961
3130 741
9036 38
5697 181
1961 9393
3331 3130
5888 6388
7497 7936
6429 8995
8488 8104
8390 9407
9846 1291
8488 8414
-1
9393 9225
5888 4939
9225 5930
2945 2758
9881 3331
8428 5930
1182 2458
9529 5667
3362 7657
2939 2638
587 7657
9036 1067
2756 6610
3381 317
6445 3396
8428 6024
6490 397
9881 527
8026 1525
1623 7917
2057 6157
3339 527
6669 7413
1291 7056
4237 2945
716 7413
8580 9957
8027 5975
7917 2327
5789 1358
5320 4946
3396 151
5425 3195
7776 1206
1358 3022
7776 2927
5340 3558
9401 3382
716 3280
9935 7056
3022 667
6213 5440
537 8058
151 4675
7751 6034
2057 7620
4939 455
455 9776
3895 9658
106 3382
7607 1080
9935 5730
9437 7936
2458 2215
6874 9752
397 8593
869 7553
1882 5440
2091 587
9437 7971
8593 5026
9776 3938
762 3886
7971 7844
9998 5026
1882 2578
9829 5464
5947 1080
6646 6034
6877 5730
619 5320
6024 7906
9957 224
7906 4271
6518 8457
2185 9021
619 5444
242 2185
5975 4379
3627 3186
4379 2263
9658 1277
5162 4675
4237 7351
4961 3280
3938 9002
175 2663
653 7620
8446 224
4188 5425
2091 8535
9407 3013
7351 7706
3013 3601
2927 9059
9998 2050
5457 1067
3558 408
6260 4316
4706 2578
4188 8006
7025 4961
-1
6646 4511
1919 242
385 5457
653 2576
6408 181
210 6260
9737 6877
106 6124
4570 8414
5947 1589
6938 6408
6847 6610
5775 8446
9059 1752
9002 2107
1495 2263
5464 4499
408 4412
2735 1495
2215 8951
2735 6540
349 9752
2576 7276
6847 84
3909 4511
1752 3587
4013 4271
5444 3750
5015 2050
385 2074
7025 3663
5829 8951
7844 6872
667 9659
4499 5234
9489 3750
3940 8221
8211 2107
3400 4412
1000 2074
7276 1650
2748 3663
950 282
3339 1
3400 1559
6977 8058
5829 841
3909 4615
901 1000
282 9852
4013 2778
7298 1919
6540 2734
2327 1323
6482 4706
4766 6872
1323 9476
7861 5775
6482 6392
7861 7975
9737 7664
7148 6789
4615 9599
4465 9476
6507 7975
7664 8071
4594 1650
8925 3601
5839 4766
8377 841
3815 6507
1945 7148
4710 901
7298 7892
3591 1227
9489 5656
2778 4027
3591 7937
9719 8006
8071 2942
5946 4594
5015 5190
3587 1268
9692 5190
6723 5656
5162 5253
5068 84
7706 1769
832 8377
7892 6755
1652 4570
8233 1559
8457 7095
4027 7184
6312 5667
869 6530
9199 5253
9199 4116
6312 1776
912 2748
7095 8450
4439 7184
2171 832
8233 3760
2831 9719
3821 9692
1652 3765
8767 3186
7643 3940
9852 4239
349 347
1588 6755
3886 3203
1945 7619
2663 8097
4439 7113
2831 6868
1621 3760
1769 5250
7619 8864
6723 9798
7065 8211
5506 7643
1905 1277
3185 8864
1268 8425
7482 5946
3185 2573
1621 4719
3821 198
6530 2533
1158 198
7596 8767
9388 6429
8708 2573
5455 6977
4854 4710
8425 1713
8097 2290
2493 2533
6531 7065
5839 5000
9388 5704
8708 1060
5250 8471
7596 815
6344 815
1525 9381
9626 6344
9626 4096
7744 8471
6868 3373
2734 1126
347 8548
3203 5179
4116 9883
7740 5234
1713 8017
4378 1588
606 4378
6392 1828
1776 6229
1158 220
8017 7026
9599 6971
912 9183
7744 1688
3384 2942
4854 1264
725 2493
9798 6251
4483 1126
3417 9183
4483 7286
7286 2921
3286 4719
3815 2732
5179 1534
8557 7113
5000 6082
6251 6974
606 4139
7263 6229
3765 1613
3472 1
5372 2732
6971 3404
9381 4371
4354 6082
3286 3402
3472 4087
1341 5372
1297 9883
6853 5455
6433 9659
6124 1798
6822 8548
7026 5439
4901 6433
8557 3594
3552 1534
7354 6974
4901 6910
1264 6366
-1
6170 5506
7279 210
1736 220
4096 9260
725 2005
2290 7309
145 5704
5068 9423
5010 3402
8535 610
4087 3164
5439 6245
1688 3548
1297 6742
134 3548
3105 6742
9004 610
4475 1905
4650 1736
1828 2816
9830 2921
4704 2171
7354 8856
9210 4650
6245 2036
9004 3057
145 1757
1798 7939
3869 6366
6531 221
5393 8925
3834 8450
4344 9830
4704 479
4258 5393
6858 2816
8503 7263
2036 8042
6170 5277
479 1417
6450 3552
2925 1060
1757 5745
744 9210
1341 5036
3442 5745
8042 4629
5036 5693
4344 5397
3417 7708
3717 6910
3164 116
5693 5649
677 5649
116 7761
7635 5277
5655 8503
7708 6355
134 1965
5076 7939
677 7612
7612 2976
3105 8972
3404 8744
2646 8972
4139 1392
3578 6355
3057 3489
7761 5902
531 3834
4231 5076
2926 3869
5285 3594
2925 3121
8856 6228
1193 4465
8255 5010
4928 5285
4354 5227
4258 7718
3442 1851
2131 5397
7309 6981
2131 4762
972 5902
1671 972
8502 3489
-1
1985 9260
5317 2926
7418 6853
1671 9106
9449 4629
6239 7635
7418 9726
3717 5107
6239 8676
2201 8744
3121 2438
9694 4231
889 7482
9609 9449
2190 1851
6858 3887
4437 3384
221 8628
9949 889
9726 5093
531 2851
9112 2438
4274 9112
8030 1417
9266 7740
2201 8574
2789 6450
3515 5317
2976 2525
9755 3578
9432 5107
4928 1464
744 6831
2272 6831
8950 9432
2851 8067
5306 1392
7597 2272
406 5306
7804 4371
4199 5093
759 2646
9755 8797
4239 1121
4723 4762
2190 9398
2019 8255
7203 8030
1965 6237
1589 5876
4723 7647
5633 1985
2019 8141
7462 1193
4274 8187
9740 3381
7792 6822
6341 7462
4005 9106
7718 6031
7804 2321
5057 9398
6981 8009
1464 9878
3080 7597
9609 4339
7279 4793
1087 7647
4152 2525
3515 9516
2005 9509
759 5029
2359 9949
4339 1812
6237 8804
8628 1541
8797 243
8060 6031
5040 8804
8141 6731
1087 3172
5798 6731
5479 8676
8502 5896
8508 5896
2321 996
6228 6936
5227 9936
6936 9589
243 6066
5703 3172
2359 2511
3607 8950
7150 5703
4152 3937
2960 996
8574 6106
3414 6066
3080 8208
100 5057
4468 5029
7432 2960
7150 7687
9492 2511
1146 7687
9589 8763
5876 1773
4199 3611
9266 344
1966 9509
5040 3844
9878 5803
1773 4225
4373 1613
3611 8196
8508 7246
8060 5520
4449 8763
9516 7932
4849 4373
1146 4931
4468 6107
8009 7181
8187 7477
8067 9165
8475 2789
3483 6107
6020 7932
7181 3686
2071 6020
1766 5479
822 4931
7203 985
946 1812
1541 8385
8370 8475
746 3844
9960 100
1766 624
4671 7246
8145 344
9141 7432
7697 946
1515 4005
6774 822
985 505
505 3640
6774 4586
7511 3483
5818 624
8434 3887
9492 6785
8312 4449
6345 3686
1485 746
5803 6009
8385 7929
1515 7012
5798 5873
4475 9533
7456 8434
9694 6194
7516 7456
6106 8945
796 3414
3222 4586
3652 4671
6678 9936
3535 3652
4937 7792
7697 735
9848 7929
9410 6938
5655 1707
3937 8445
8370 6801
3112 6009
253 406
-1
7018 6194
3222 7508
5032 7508
574 4849
876 5032
876 355
7477 7049
8208 1272
8445 7423
7018 5205
6345 7569
7012 2276
9953 9960
574 2799
4225 8835
1707 7989
6801 4079
1450 9533
6957 7516
1634 8196
5421 2071
7149 7569
5995 9953
796 8596
7511 4323
7423 1907
2127 3607
1907 8919
6389 8312
5818 7543
253 5616
9141 3031
9431 1634
6785 3064
4437 9093
5873 6525
3112 5606
6678 2902
7049 4879
1272 9006
8602 1485
3071 6389
8602 8576
8596 9976
5616 7347
3877 1121
9645 9006
6572 3535
2902 4181
9645 1215
1450 2675
8919 7663
2106 7149
6291 7663
5421 6843
8945 8347
7828 6572
2474 1215
9685 2799
9475 5205
879 9976
7391 8347
298 8145
4447 6525
7480 2474
4879 8569
7989 5053
1966 8317
9093 682
2674 7347
4958 2127
3320 735
3071 8245
3640 1061
9165 2971
1755 298
8368 2276
7229 879
3031 5436
7391 2376
8870 4937
6843 8479
8479 1098
682 7684
5314 3373
6003 2971
8806 8576
7224 9848
4323 6553
3293 355
1061 186
6553 8716
8952 7937
7684 3606
2879 8569
6957 5982
3064 5941
6815 6291
3980 6815
2381 5053
1669 2376
7828 2241
5941 8213
2106 8730
8870 4460
2755 5633
9431 3499
9243 186
6003 8918
6349 7480
9243 8793
8953 7229
5606 11
9857 5995
7572 2674
8368 7138
8106 4181
9857 5724
6232 3320
2498 8953
9683 5982
3978 2675
9237 8245
9623 4079
9242 7224
5314 9917
8793 9908
5724 7732
95 9908
8835 9592
-1
1098 3763
8918 6095
7343 3293
9475 8087
4155 9242
6786 2241
7343 6943
7138 1595
3467 8806
3499 4383
4447 9470
2397 9685
8923 2381
1054 1755
8730 9838
9470 5954
11 8296
9237 3420
4516 5436
9291 8087
986 8923
6943 4327
4503 6349
2397 5088
3132 8716
6232 1305
7250 3467
4503 9361
5374 3606
5520 1963
2498 6044
9291 3876
7433 6786
9222 5088
2743 1305
8213 4420
4958 1846
9409 9592
7250 9735
9222 3697
3697 5246
5246 6316
3876 5654
6672 7572
3877 1740
555 1054
1595 1624
9743 7732
1106 5654
6659 9623
4177 9735
3526 6095
4420 1253
6316 9985
9730 8317
3980 2489
-1
2959 9838
4516 2494
9461 9409
8106 8985
7136 6672
4458 2743
1106 6844
9361 662
4458 2357
1253 8526
3763 2908
5999 2357
109 8296
4430 4177
5062 9917
5976 9461
3420 6407
7153 3526
5374 8331
9743 1626
1624 1928
5743 5999
1928 8151
9517 4430
6659 2885
4327 1873
5907 1873
3115 6044
-1
4652 3132
2489 8601
2604 1669
1986 4652
6186 8526
9094 1846
6491 2604
3780 2755
6407 9075
9831 9517
5907 2313
3370 2885
1963 1347
9831 1622
7048 5743
1622 7392
794 109
4270 6844
9094 7215
8151 9702
4970 7153
7182 662
2313 5785
3978 1020
6642 7215
827 794
1626 6243
6243 8921
1951 1347
2849 8331
5785 1956
553 6491
4155 9804
1031 7182
5715 5954
3041 1031
8985 4553
2908 9549
2879 7156
7136 3117
3041 4047
3370 6564
5715 1380
9549 2711
5939 8921
8519 2849
8796 9075
8543 827
3780 1730
933 8543
1720 1740
9730 5294
4399 9702
7642 5062
3237 555
9615 933
3237 5400
2253 7392
8601 1548
2428 4970
6564 1714
6622 3115
7156 1453
7636 5939
7642 2519
4047 2166
4399 5019
1730 9536
1720 9402
5639 1020
4460 263
9615 4591
9750 4383
2627 2711
4357 9804
2145 9683
4553 2308
6622 3157
3713 2494
2253 4445
9175 1548
2365 4445
4357 5004
4367 1956
3021 7636
450 1380
1223 4367
986 8340
2861 7048
9410 8038
9049 4591
8738 2166
2231 1223
1188 2861
8938 8738
5400 710
1300 5294
604 2939
5004 8775
9254 9175
2540 8519
4184 1300
9914 9254
1951 5899
9750 811
2540 1143
8340 7008
2194 9985
9465 710
8587 2519
5899 586
6197 450
2627 254
2145 9992
604 7521
4416 2194
2231 2658
3044 6186
1714 9746
223 2365
981 9914
3021 7489
9536 1576
3559 2308
4051 1188
586 2317
2462 4051
2462 4226
5639 9796
7543 2508
7414 3157
7622 9740
9423 3569
2639 4226
3772 9796
8811 5019
388 2317
4611 3569
7433 6472
8226 263
4535 95
4270 4730
5976 2995
3556 981
8722 6197
3044 3249
8226 4175
2950 8722
3466 7489
2777 2508
7199 1576
6432 223
5177 2658
6472 3298
4853 9402
2950 4394
811 9329
7521 9079
3118 7414
1964 6341
4184 4530
5012 2639
3466 9348
2777 5394
6642 8206
4824 8206
5177 7660
5394 2444
7520 8938
2187 1453
8587 4438
9348 5951
4853 955
4394 6568
6568 297
9433 3556
1105 388
9252 297
8069 2995
4427 254
6432 7470
1143 2053
1605 4535
1107 7470
4037 3118
2428 7801
1967 9992
7008 8713
4749 1107
8882 9433
9329 8710
43 1605
4427 7670
8846 1986
7357 8882
5813 4438
7520 8962
2187 6094
8811 5871
8713 4141
3117 5414
4730 5680
7199 4442
7357 1690
8495 3559
5951 9424
-1
955 1383
5821 9252
4611 4773
5012 2720
4740 4442
761 8846
1134 9049
5813 9085
5871 2322
1690 3316
316 5821
2053 6770
8853 9085
4597 1134
5553 8495
6326 761
3779 2322
3704 6094
4141 9257
9079 4146
4386 7622
8038 7907
8239 3704
5239 43
313 4416
4597 1196
5680 9988
9983 4824
1213 8775
2720 8147
5186 8796
5186 4461
1213 7369
3973 3316
4386 378
300 7660
7369 5855
3249 6362
673 8962
1964 965
6634 6326
1196 4059
2904 6362
8147 3800
6873 2959
5343 9424
4749 5700
1302 4740
5855 7373
3800 3555
6962 9983
3845 3779
4757 7670
4146 7416
4037 6141
4461 7883
3845 1053
6602 2444
9257 9264
1679 1053
6634 873
7883 982
5071 9988
6485 6141
2842 3555
5700 2176
8629 3973
6309 6770
8971 4059
673 2522
4389 5239
7704 7373
8281 4757
4574 8239
924 6485
6309 2640
1790 2176
982 7578
5513 924
618 5414
4574 8633
6891 1679
1562 2640
4175 7729
2842 1350
2740 8281
9098 313
5836 9098
9513 7578
5565 1562
1105 492
-1
6962 7784
7402 1790
8660 316
4685 8069
5565 1763
2522 3109
9746 6816
9941 8629
6891 4069
2371 8853
1967 7666
5489 6602
7510 1350
2904 3505
7729 2832
6612 8710
1114 3109
6000 300
800 1114
7905 7510
8392 9465
3681 378
6000 3026
1491 8660
8952 18
800 1410
463 553
9513 7102
5625 3298
1342 3505
7905 9319
9442 3026
6873 2480
7704 1920
4094 1410
6816 8498
1250 5343
8498 5560
2135 9442
7791 5836
1342 2170
2371 8644
9322 4069
7102 913
1763 2181
7994 7402
7333 7801
1211 2135
7784 2055
2687 2181
3134 1211
2170 9605
6158 8971
1250 4333
9264 8739
1920 341
2237 873
657 8392
9521 9605
8644 5389
4333 3715
5591 8739
3772 8751
2832 8328
9521 9195
1225 3713
9377 7416
6146 2480
8591 8328
883 3134
463 1924
9568 341
8702 7791
6158 8819
492 3817
8078 9568
5389 6939
6152 9322
1051 5560
6152 9681
8597 1051
9669 1924
5553 2299
883 3391
9319 227
820 8633
9195 6992
8078 2387
1571 965
7062 8751
6413 7333
8333 7666
4389 8308
8869 2687
9324 5625
8702 4525
9941 1629
3391 6246
618 1696
820 8144
2592 4094
7994 6751
1629 9556
5071 3503
5134 5513
2592 6765
6367 6992
8333 1655
2563 7062
1225 6342
913 4971
3261 1696
5875 8308
8144 3914
4971 4986
657 7084
3715 1499
1481 7907
9144 2237
6367 380
6765 8489
1824 9324
3817 2487
9681 440
440 1026
2740 6720
6078 6751
4782 4525
9078 6720
8869 8201
1499 417
7090 4685
8597 4463
4782 3301
8586 227
6246 3023
852 9669
2387 1091
1491 3954
1824 4470
6484 3261
5134 1659
8489 2153
997 4530
8904 6612
8586 8662
8662 1570
2055 7526
6939 6680
338 3914
1787 852
6339 3023
8819 4135
6078 413
5316 6146
7526 7721
2299 2209
1787 3564
7870 1091
8201 4572
918 2209
9556 8092
7774 8092
413 1886
5570 1302
3984 3954
526 6680
6484 3063
4572 575
1832 997
7885 2563
1598 3984
7870 3748
3612 7774
6990 5489
4192 9078
5316 5370
338 3859
5797 4135
194 3503
1598 2403
2810 5875
7653 5370
2136 1886
7714 380
5570 170
4470 3358
6339 7631
4986 6635
7306 4773
2136 2483
3063 2693
4192 9351
7090 6144
2403 2872
2315 1570
2153 3935
6635 9901
2487 5433
6413 292
8904 4880
8689 194
1659 1456
7 292
2845 6990
2949 918
2315 163
8689 4722
2443 3301
4082 3859
163 1240
4117 1026
8059 9144
2810 2402
575 5900
3602 2402
4793 7426
3358 3455
8059 5594
3681 2416
170 8388
4217 7714
1571 8072
8323 7721
9377 2138
8521 7631
3455 9300
1156 417
8521 5108
5433 3982
861 5797
3935 3252
1292 3612
1655 9745
5591 9126
9300 7632
3602 7550
1156 8242
678 5594
8626 2845
2741 678
2872 7171
9916 1456
9901 4406
7550 4491
4082 2058
8242 4924
8337 3748
4406 7575
7632 9125
5328 7171
1292 6888
5869 4722
8626 111
3583 9916
5900 1068
5108 1735
6522 4217
4831 1832
9126 8047
2741 1078
7742 1240
1116 8337
3090 8388
2058 4211
8323 6716
2693 7195
5869 8064
6342 2142
7653 7599
2949 7262
7195 8466
5554 9125
5666 2443
9764 861
-1
1068 4573
3342 7575
9764 5176
1183 6522
4117 8395
1735 518
9655 3583
5143 5666
7742 8182
111 1270
3318 4573
8966 8064
5176 9974
3218 8966
9325 4211
8812 1270
85 1383
7722 3318
2199 6144
7262 5183
2998 3564
3951 7426
5628 7722
4756 5328
5628 582
9325 4398
8182 3972
7895 2998
2652 518
1466 2652
3972 3807
6803 8395
3979 2199
2416 1756
1585 582
9369 7885
6428 8591
3807 4888
4867 1078
8044 4867
9436 1756
3856 6888
9974 1581
5312 3252
1568 5554
8777 7
3218 9967
3979 3596
8783 9369
9351 7530
1581 9340
1890 1481
526 1415
3721 6716
1183 9695
87 4491
4756 3853
6091 9340
7142 7895
6091 3276
9435 1585
5312 7757
-1
9435 2431
554 9655
1934 9695
7142 169
9194 4924
3276 7321
9194 3290
5759 7530
4398 8852
3982 6329
3290 8618
9666 3856
7599 1452
1466 2772
9784 3596
2772 7928
3853 5511
9890 3090
9318 7321
5342 3342
4588 8783
4463 6206
4947 1415
5974 4947
1568 5485
3865 5485
4968 1452
8812 8346
3936 9318
5511 8542
8542 9473
554 4248
4541 3936
9092 6428
4668 8466
5251 7928
9666 4372
4403 8047
4403 398
8218 8072
5759 855
2483 2385
4888 1375
3907 7757
5342 661
8618 8757
1375 7755
8218 5965
2250 1934
2250 351
4634 398
4588 8556
3690 9890
8777 495
4831 9840
9840 6172
3425 7084
8852 7174
3425 5632
4968 4784
-1
5143 6810
3907 8685
1116 5373
6803 1191
1706 1191
2431 6689
507 9745
2552 8685
-1
8044 2684
7822 2385
4372 4236
9967 4918
4236 4451
2552 2314
661 4731
2123 4451
8606 9436
5373 3541
7875 4731
4248 285
4041 7174
4784 2150
2150 7245
7762 855
8549 4041
8698 351
5970 7875
4071 8757
8359 5970
2713 3865
2227 5965
285 3539
6570 9473
1880 6570
9825 6689
9344 2684
6329 8957
4541 1885
6045 8957
7755 3873
87 5689
5138 5689
3440 85
1706 5430
1724 4918
4668 5008
4802 3541
3443 1885
8698 1428
5430 5362
9364 4071
5138 1498
6545 4634
6045 9557
6172 6140
1543 9344
3692 8549
1017 2713
3692 6067
3493 1428
6658 5362
7762 508
7264 507
1909 9825
1389 1724
2123 4342
5183 7793
5974 1231
9364 9574
6427 6067
1543 53
3873 438
5945 9784
1498 3166
3166 4214
2314 3554
495 748
8556 929
9092 3431
4214 3351
4802 1632
6810 8695
9574 5458
3351 2219
6206 8410
3660 8410
6676 3443
7245 1478
4342 8342
4627 3554
3977 3440
2142 580
5251 1320
6676 143
9191 6427
1909 8205
5465 8359
9557 6071
580 7006
769 143
929 573
769 5576
1320 5483
3721 5972
7504 8342
3690 888
8205 8582
438 320
3214 7793
7504 7213
569 4627
7264 216
8582 5152
5811 5152
1420 1632
53 50
7659 50
3184 6658
1420 4121
5827 7213
5645 1389
1174 573
5008 8958
9471 4121
6012 3431
3660 9893
8463 7659
7431 5483
3214 4554
6545 135
1436 216
3155 6140
3137 8463
4880 1411
4080 748
7603 7006
8695 9721
1513 5458
9471 1972
7822 1286
1554 320
5854 508
1065 4554
9111 5465
2809 7431
5854 2234
5972 423
1750 1890
1478 6769
1880 9964
569 6677
1198 3539
4000 5811
5827 7322
2306 2219
5576 7387
4363 1286
3184 9946
1198 666
9964 3517
2306 1761
2137 8606
3137 5395
1411 733
423 1586
666 5379
1513 6396
7310 6071
1761 2643
1586 4347
1972 7752
1282 7322
6396 6929
1065 9634
1017 2830
1636 9634
5645 8297
774 1282
4080 637
6756 2830
2643 3450
9721 2610
3161 3493
6605 2610
4000 1356
9893 8805
8297 8986
5692 9111
774 1459
1554 4613
9136 6677
7387 3177
2227 8712
4431 5379
9946 772
1429 8986
731 733
1672 9136
8805 5964
9191 9564
1436 8788
4128 9564
169 2472
2446 1636
4234 1356
1672 5380
9005 8788
1429 2311
5964 9034
3450 4053
8550 4431
-1
5490 4613
3579 1174
4833 4053
4428 5692
8958 751
1809 6929
1809 8765
5395 6431
905 6012
135 5694
3155 9330
4128 1868
7306 7247
9005 1772
3161 7509
2234 6015
7362 18
2754 4234
5552 3517
7471 2311
7419 8346
3094 3977
7419 6739
1001 9330
8589 3094
5419 7247
2754 7074
4907 751
9939 8550
6605 2318
6756 3929
6769 9993
7752 3311
6739 3913
5552 4549
4862 5380
521 772
2809 5690
597 2446
7252 3929
7405 4862
530 4549
7074 8063
6431 1101
3951 4466
4466 9571
5868 7252
5736 3177
7094 7471
521 9943
5325 8765
2258 5736
4428 6969
2472 2210
1231 9553
8737 9943
858 1772
315 9993
4907 9727
2318 306
8589 4240
5937 597
5325 8980
174 5690
8063 6133
7509 2596
4057 7405
1124 4833
1101 4350
3579 9180
9727 5619
6015 22
5619 3334
4057 6931
4363 4808
446 315
-1
1611 9553
888 1462
3839 6969
7310 7983
577 174
6114 5419
1252 5694
3334 8093
8093 9844
3311 5065
3623 4347
3996 6133
4808 9773
7821 446
5402 7983
2596 5475
6931 7624
8980 2892
1462 2760
3175 7624
9034 3051
1279 3175
497 22
8884 7821
4178 637
1533 8737
1868 245
5868 1007
9150 2892
1800 9939
8033 5937
245 8742
2349 577
2282 905
1459 8815
9862 530
9877 3996
8621 3051
5632 4856
9877 1484
2210 2030
5475 4330
3839 7119
1252 7191
9583 9844
306 2442
4534 9583
7404 4330
4240 1901
3833 8815
2955 1279
8621 6512
8227 2138
5490 1318
6204 7404
4534 2277
2955 8056
731 4809
3588 8056
1001 9082
7913 1800
8742 2834
2864 9150
1285 1533
5488 2349
5650 2834
422 3588
1308 5065
2030 6377
2864 2218
2316 1611
1285 1826
5764 1318
942 4350
9522 7191
6994 8227
6204 9731
5822 2218
8667 422
7429 497
5764 1185
6377 5109
1826 3274
8799 6512
7603 3367
6819 7913
1976 3623
9954 6819
5488 2940
7429 547
2940 584
6474 584
7689 1124
9571 3273
3530 2316
62 5650
1970 2258
2442 4408
8667 863
5562 7689
3273 8150
547 2226
1980 4408
1185 7942
1941 1970
3790 7094
1260 62
4733 3274
1591 1980
9265 1007
1378 1976
4803 5822
5042 1484
4620 1308
2235 5562
7196 1941
7436 9082
9265 6167
4803 8603
2411 9180
4809 5474
4036 6474
1591 6563
4036 35
7196 9208
5474 9787
7119 3645
8884 6185
5042 9834
3530 6855
9954 1373
2419 3645
1373 3770
9773 7715
6016 942
8934 8603
8126 7715
9208 6837
7517 6837
6016 2534
8934 8976
8412 858
6809 6563
2742 4178
2534 670
5298 6855
2345 9862
9834 4150
9307 4150
863 8631
2226 3816
35 8801
4569 3833
4856 36
9307 2369
5350 5298
3367 3092
4022 2742
2235 6061
670 3464
3464 1977
2042 6061
3469 8976
2345 7434
7434 1898
8799 8878
4352 4569
9638 1977
6398 5945
5350 123
3469 6050
3816 6594
3770 9458
4620 5843
6809 8571
8571 8389
6102 8801
7436 1942
4478 5109
1100 2277
-1
8913 8126
6510 5843
9638 1027
2291 8878
7207 7517
1378 9293
9293 7723
3790 8867
2282 1867
5338 7207
2869 2369
8974 3913
4352 5326
9859 2419
6927 6510
4959 1750
2869 3035
2501 9859
-1
5912 8631
8974 5905
2760 6444
6583 2042
8643 9458
6724 8643
5338 1668
1898 4261
7788 2501
8740 8913
3035 2238
1744 1260
8740 5196
6185 3350
4747 6102
1668 7591
6947 9787
3300 6594
6230 1867
5905 8075
7356 5912
8033 6422
4093 2411
2766 4747
5478 4733
7973 9522
5196 6782
8664 6927
6230 4012
6836 2238
5958 7723
8351 8664
6444 218
2969 6583
2766 9979
6114 4409
7097 9979
4196 5958
8150 8373
8841 6724
8412 8465
8841 1446
6976 3300
5402 1184
7591 5231
123 5622
1379 1027
419 218
4544 6422
6271 4022
4478 7783
4409 7287
8075 7038
8712 2484
219 5478
2554 8867
9849 7783
3756 7097
2004 2969
5624 4196
5672 7973
1446 5280
8389 6883
3756 7606
219 4298
5626 7788
3771 9849
9754 4261
2243 5326
6271 5449
6050 8984
7362 5608
5624 4956
6167 1351
6976 3213
5746 4956
7609 36
8373 6275
2965 5280
9179 2243
4012 9712
1351 9662
6836 5336
1744 9778
9731 9550
9754 70
5820 8984
9179 4110
5820 1975
9696 5231
3343 70
3343 2729
4298 3270
3213 167
4911 167
2291 9083
6656 5336
5672 1827
5367 3092
9987 1379
3208 9696
8049 1100
9662 5774
8351 60
5626 2591
5273 60
7356 8418
5774 6966
1352 9778
8465 4332
6446 2004
4356 6883
2862 8049
7868 4911
2895 6446
6782 1072
9430 2591
9712 3925
1184 7107
3208 4221
9430 7427
7029 7942
7145 1901
5860 1352
3357 2554
9267 5860
5097 6656
2154 2965
244 1072
7029 2220
1975 4978
5746 9229
1207 3270
7868 8987
4160 1207
7696 4160
1940 5449
6823 7038
5273 2273
3357 2427
6713 2895
8441 6947
7948 2273
214 9229
67 4332
7606 729
5809 244
5097 6603
9267 6022
719 7696
8898 2729
3458 4093
8948 719
214 9153
2154 4801
5039 419
8418 3538
2574 9987
7427 8595
729 9495
266 4978
8948 9594
1827 1618
7546 4356
5809 9255
3672 4801
2468 67
871 9594
5622 7162
2247 8987
8304 7546
266 9022
5593 8898
3672 4612
4612 6248
9153 8415
552 871
7627 8415
5593 3629
4552 3629
4110 8186
9255 1725
9495 1899
6535 5039
3771 1874
7145 4464
2468 3198
3369 4221
4464 680
6966 7833
6248 9155
971 3350
2574 4414
2375 6713
5407 7627
7779 6603
2375 4769
8241 3198
1618 3693
896 3369
9851 971
896 7395
105 7779
4829 9022
3538 8800
8800 8230
8441 3695
6046 9155
6869 9550
1899 3068
5407 2852
3228 105
4893 4544
4253 4959
8595 4583
340 1725
6994 8485
8188 9083
9851 3007
1545 7107
3964 2247
8230 1675
2657 4769
6915 1675
8112 2427
6869 7270
4583 190
4414 126
2862 1209
399 1874
199 399
6398 8127
1400 4552
72 6915
8186 5612
4142 8241
7270 4783
5551 2657
2662 72
4829 4040
2147 190
2220 1610
9213 7287
8999 552
6698 4040
1545 2553
8645 4783
3007 6934
7548 8999
3068 1090
5351 126
2852 4515
644 5612
1728 340
6576 5551
1993 1090
6686 1400
4404 6576
9600 644
9220 4404
4637 1728
7395 5291
3964 65
76 3228
5291 3809
3695 1110
1955 7548
1110 3709
1955 3874
4142 5281
1337 6046
-1
4374 1209
8440 4374
7948 6950
1783 3809
8645 6711
2553 1857
4253 5857
2137 5171
1244 8485
3925 2550
2550 5366
5588 1993
6556 199
1942 274
8112 8755
9469 3709
1079 6022
6848 7833
2510 9469
274 8565
2117 1079
6357 8440
8646 9220
4637 5022
2662 1166
256 65
5022 4840
256 7803
215 4840
6934 394
8476 8304
3693 4485
7957 8476
2147 6684
1610 494
8802 9600
9114 5351
1785 6848
3221 8565
6802 8646
9554 1244
1857 8850
8802 2340
542 394
1166 5377
464 6950
5588 8735
4893 7809
542 8839
494 7567
5848 9114
9262 7567
8367 2117
1229 6556
6698 1698
9382 3458
2096 6535
9239 215
9622 9262
1337 4561
8619 76
6907 7809
180 1698
6995 5848
4432 4485
2242 6357
3221 8136
-1
6907 4158
7609 6529
-1
6802 2475
7872 2510
7176 1785
5608 6861
4158 2097
6686 8135
9622 7651
2916 3874
2096 6901
6119 1783
5377 108
680 1774
6062 8619
9335 2242
9554 9539
3788 5367
4953 6684
-1
8850 5631
7651 9053
4561 5618
2737 8367
180 1293
6775 6901
9479 4432
7176 1418
8561 9382
8313 5857
8843 2737
4953 7155
5558 2097
314 9053
1774 9675
5631 1647
9239 4897
5157 7803
5558 563
8313 6508
8839 6638
464 8675
558 6823
8188 7705
7155 9008
1877 2916
8761 8135
1878 5281
5971 314
7872 8486
2475 3837
108 4510
6508 5596
1968 5618
6711 9644
6995 2957
9956 8761
1418 845
6336 3837
4002 6775
6062 7302
5461 5157
8768 6119
5366 2933
2957 5083
1877 2497
8528 4510
6275 4303
8486 4902
368 845
4113 7302
4528 1878
5335 1647
9028 1229
9837 9213
9644 623
4134 4897
7608 9837
9687 2933
2497 6829
5971 9315
5335 1859
8505 8735
-1
5315 563
8528 9977
6638 7750
3282 8675
4739 8136
5171 7016
4235 9028
5461 7981
1064 8505
9479 4800
7091 3788
4113 8041
1940 5487
4800 2968
5344 2340
9217 1064
8437 1968
2514 1293
9842 5596
4528 2473
5315 9584
4664 7091
7957 8123
7539 4235
2473 120
6410 8437
7832 368
9842 7039
9412 2514
3366 6336
7219 9315
1742 9977
7845 6410
7242 5344
9008 7185
4934 8768
3048 4303
125 8127
7502 8843
9687 1448
623 3544
7685 8041
3282 5339
7832 5688
1742 4505
921 8561
5083 2425
120 9015
8244 8123
7539 7665
2425 5957
5864 7685
1819 4934
7502 4321
7865 5688
3366 7349
6838 7665
3946 1819
7845 4392
3532 4002
5359 7705
9584 4645
7981 5725
4462 7349
9104 3532
9015 7625
6705 5359
5864 4835
3544 6159
4521 9104
1083 9217
9956 8477
7625 4609
2859 5339
3946 9240
4835 5987
7001 4739
-1
3338 7219
8755 1111
5725 2886
262 6159
2968 3675
558 7554
1083 5921
1407 6838
4609 4993
4521 2636
3338 2894
9240 8306
3039 3675
2476 4321
7162 6549
2894 3302
6203 8477
3687 1448
1125 3302
8611 4462
58 5921
8306 5611
9538 7242
3481 2886
9335 4807
7185 6348
3039 4834
9538 5262
9391 1407
9119 4134
6028 1125
-1
8611 7086
7865 6184
9391 3323
6348 4176
4505 2606
3931 3687
1150 6705
8711 5957
3758 5262
5987 9278
6028 6351
6351 1936
7001 6980
6645 1936
376 4392
1712 4645
1111 3716
-1
262 6247
3758 2771
8244 6099
8604 6529
2373 5487
3716 1881
921 2026
2771 9417
-1
-1
5611 5733
3052 3481
2022 3323
4746 9119
6247 1861
7629 7086
4255 4664
9278 546
5334 3052
2688 6645
5334 2240
8419 2606
4834 941
1504 7554
4255 5341
4993 7000
9808 5733
941 2048
3724 58
5711 2048
1328 1504
1335 3724
3399 1861
4807 4520
5341 1336
1328 3091
319 6184
2325 546
7000 8600
4495 3399
4904 4902
3931 626
626 205
1117 8600
2022 6982
9539 8886
5991 8604
2571 5711
4172 7629
1859 541
6203 8202
4515 3605
2373 3712
3739 7016
3622 8202
4132 319
4322 6982
2688 1781
1150 8534
4815 4495
7750 1233
3622 1330
2026 9897
2240 3576
2476 2843
4904 825
4889 4172
1030 2636
6829 6317
3091 5894
6241 2571
8068 376
7617 1330
4889 2655
4322 9353
6099 7450
4072 1335
2325 156
4520 6892
-1
9656 4176
3040 3576
2655 9095
4072 4832
5708 9412
156 7189
9656 4210
8509 9095
6549 5009
7067 9808
8509 4778
4746 4375
3634 825
7189 2502
485 3739
4210 4245
6166 2843
7067 8130
8068 1109
1218 5894
2260 3040
8130 7537
1186 4778
2502 10
1233 5318
9965 4245
3061 5009
2506 2859
5714 9897
3435 4132
615 6166
9417 6559
8419 5548
5762 541
5708 8400
4832 3491
1803 6559
7617 7258
659 9353
9965 6255
8969 4375
3061 2386
5548 8615
9675 8393
5714 9962
7453 7537
1336 5494
-1
2260 4732
2103 8400
5927 7450
7952 8711
7952 1631
659 74
2103 2244
1822 2244
1822 5331
1803 2701
1218 2602
7741 7258
2701 2537
5207 5331
9419 6892
8994 615
5762 3506
1542 8534
5318 8989
8955 1186
6253 3491
3376 4732
6253 425
3376 3433
2537 9117
8989 9982
2386 785
4380 3605
3433 4469
8080 9117
8615 1159
205 9389
7080 1881
4469 1006
10 1767
1767 6265
187 425
915 3712
6265 8103
7741 3029
9012 3506
8994 6621
-1
7876 74
9962 3258
8585 8080
7087 1109
8787 8969
9419 9747
8585 6791
6101 8393
9747 8448
9982 9149
6131 3029
6131 8533
1138 7080
7949 8448
7261 6317
2715 1117
1159 299
9132 299
1138 7183
294 1781
1006 5204
6101 9088
-1
9132 6958
7261 2911
125 3871
2506 1036
5023 1712
7547 1631
8103 4927
4380 539
8803 294
3004 5023
4220 1030
8955 9749
3285 485
187 5184
6579 3004
3892 6791
1733 8533
2609 8787
6958 6435
5991 55
785 3965
3500 8803
6832 6435
7104 3435
7139 5207
5184 1458
2739 9149
3416 5927
3965 8892
6406 3500
8583 7547
734 1733
9350 7139
2837 6241
9892 7039
1036 6620
8430 9350
1697 2911
3871 2478
5807 1697
6832 9251
4220 8054
3416 4966
2930 1542
2670 3258
4665 6255
9373 7453
539 2986
8583 4969
1148 2609
7876 1592
4232 9373
2986 4779
5146 6579
5807 4171
6190 1148
8764 3634
6621 8540
6812 2930
2536 8764
7183 7717
291 4966
4665 7160
2478 5127
9749 6951
3048 7505
6980 6226
9251 7469
8430 5136
4114 1458
2536 622
5204 6923
3892 4877
9684 734
6343 6620
7954 7104
6226 1254
6839 4877
1151 2837
6030 4927
5580 6951
6406 8341
6808 7469
8658 5580
9312 6030
4779 6319
6693 8540
7608 989
9277 6343
870 4969
1151 4938
9088 4517
692 55
6492 4938
9586 6812
496 6839
496 7493
6693 5443
8892 4446
9415 7717
7112 8054
4891 9012
9312 121
2602 5589
5559 692
121 7165
8961 7112
4592 6190
8570 5127
3096 1592
4076 9684
7589 7493
4331 4114
6492 8424
3020 4076
3020 903
8886 865
1644 7949
8424 651
8341 6840
6923 5466
1927 4232
7165 4391
1784 6861
5136 4837
7228 622
4767 4171
6960 291
7216 7954
2654 3096
708 4592
3908 4837
6168 6319
4092 6840
6189 6168
5466 8889
8252 4815
5468 4331
5468 2198
8438 6808
915 1791
7031 870
8252 6666
2739 7991
8658 2785
4446 5014
6865 5494
4092 2539
7216 8620
2796 989
7087 6096
9648 903
7103 6960
9892 2161
9415 4804
5443 9966
4606 651
2047 1791
1674 4606
1249 9648
9274 2796
4391 6051
8253 2785
2829 7031
8889 2634
2829 4610
4799 6051
9777 4610
5146 5950
6865 8119
2539 3989
3989 2500
7160 6718
8253 188
708 2884
3275 5014
3824 9277
5289 7505
9502 2884
4767 8525
188 1551
1644 7686
6093 1927
1784 7965
3698 8438
4799 7458
8326 2198
9791 8326
865 2682
9791 9234
7103 3254
7686 4662
7273 9502
1249 8696
9777 8832
3609 3824
3254 2983
4789 7965
6096 9864
1175 9234
2161 1833
7458 472
2715 5556
9586 5517
5517 1256
7273 8184
2634 9200
1402 9200
5589 2909
7210 1256
3609 1639
363 8570
1402 8741
2909 7445
8024 7445
8909 4804
8696 7837
8484 1254
8310 8620
5289 2351
3908 9660
9128 6718
6320 6666
7411 9128
3275 9481
893 8184
472 9491
375 2670
8310 7236
5834 6093
1833 7933
8623 4789
893 5862
6615 1639
6930 3698
8506 5834
9481 3423
9491 4417
9389 9995
7210 8435
2 5556
3849 8119
6320 3495
7236 4208
1175 5765
2047 8247
2543 4662
3285 1088
3534 6930
7589 4743
2264 8506
4743 656
8753 9660
7304 7837
9071 9966
8741 7693
8753 8871
2500 2773
3646 8525
8435 6661
6615 8382
4891 7417
8382 2700
5765 638
7417 892
8088 2700
638 2338
5178 3534
7304 8055
8832 4259
9971 8961
2654 8964
9971 3741
4417 9608
3423 327
6539 2983
648 9608
5313 2338
8871 4698
656 1045
8055 182
8160 5862
182 3240
1042 3240
3361 4259
1045 2512
6519 327
8909 7692
8623 277
3495 1743
4249 1743
4642 2773
9555 8160
119 3361
9249 4642
3741 7864
3646 512
9864 9422
512 7295
7311 892
8088 3666
2203 5313
363 1421
4202 6189
119 2105
3666 2656
5178 6411
2660 5559
2203 8398
7692 6562
648 5206
6411 1566
7991 8329
8964 9486
4822 2264
3560 8398
2664 6661
3849 2583
846 1566
5961 7295
4129 2105
2543 5200
6562 2288
5961 3722
6483 2
2656 5110
9632 1551
4864 7311
5200 34
5950 8724
7754 4208
2712 4129
8484 9327
7555 4864
1674 4112
6286 7693
4202 3403
9486 1847
5653 2712
3700 5110
1029 3722
1042 1439
8657 7555
5653 9819
8177 4112
3207 1847
4822 7823
8177 474
9422 8284
277 9434
4249 1692
4536 6483
9249 8280
2512 192
474 8687
9122 2664
8429 9122
9582 2288
7228 6386
5431 1439
8704 2583
-1
5206 1176
5824 4517
3487 7411
6286 9192
3560 3948
1692 579
375 1820
7248 8687
3281 9819
7327 9582
82 8280
8207 82
6519 660
6360 1029
7864 8164
7823 1604
4581 9995
846 2987
9632 1047
3700 963
8219 8207
5431 2025
789 4698
7175 9327
9192 3246
7773 2025
6509 3246
2660 9673
6509 877
4581 4133
3487 8490
9096 963
4077 3207
192 7105
2173 9555
6629 4077
8219 131
6880 6360
2223 6880
8492 1176
208 1604
7922 877
9143 9673
6386 2061
4318 7105
8492 2413
3281 9203
2223 3383
9203 6421
2710 34
7773 2049
3619 8164
9871 1088
2987 4513
5082 4318
7172 8657
7811 3948
2125 9096
8809 7811
4019 8809
1047 1991
9871 7974
6421 6436
2061 412
8350 7754
8724 4182
7020 4019
1991 4758
9071 1435
5706 2710
7922 860
131 8726
1435 8258
860 5450
2125 4860
1421 5345
8284 4123
8350 9441
2064 2173
6459 8726
7020 8791
7769 2413
8258 2448
9441 9723
2721 2049
4268 6539
6459 6138
579 8917
-1
