5000 4900
4841 2607
1721 4745
1499 2748
4320 3168
3119 1738
1414 1094
4420 3418
1345 2415
4385 1864
4085 80
774 4300
1716 4177
3487 3638
2168 2282
1576 2527
2294 1453
334 2209
1561 1662
4610 3201
3141 4662
3261 2943
1299 3821
1020 1302
256 1088
748 3332
4904 163
3066 539
4432 1611
3461 3864
4053 2185
3799 3896
4267 2647
3453 534
4612 983
2750 4139
3689 3051
3157 2030
3255 1092
2092 2930
4040 2328
329 2839
3549 3320
405 2243
3557 1836
4155 1549
1829 4850
4957 2082
3108 2353
3738 3132
922 3703
1780 2031
3021 4368
4252 821
2854 4526
1046 147
1523 432
1036 1336
4077 3729
261 3994
2425 4651
3798 3784
4037 1697
4758 2909
378 3196
4777 3679
3435 138
1861 2984
2240 409
4206 448
2517 768
2806 2764
4382 1719
251 1844
1205 2487
772 2763
476 407
2655 4598
3347 3850
2788 1118
2267 1213
4656 2376
216 4759
3618 2390
1300 1540
2700 3019
2131 4240
2159 3745
3341 3575
1574 3366
3918 3866
978 3741
1751 4621
3598 590
610 2413
3694 4411
1223 444
640 1714
428 2211
2335 4783
2403 3338
3794 3010
2132 2192
1034 531
2047 45
3173 4419
2929 4221
1247 2716
1446 446
4621 4577
2170 3899
3876 1393
3502 4818
4257 1461
3046 1357
3467 4207
1971 2296
3881 1920
722 2477
1317 3112
3840 1417
2103 3970
3853 701
1560 3471
2643 3965
2033 1779
3933 1510
4458 2605
2005 911
68 1970
4389 2130
2581 1279
17 3302
906 2923
2064 3820
2516 4853
3078 649
1392 1552
3799 4328
1622 403
2694 3566
494 1409
3550 335
1649 4458
3193 967
1864 2738
2026 16
4071 314
4505 1219
3850 758
2972 3442
656 605
2208 1012
4417 575
633 540
3524 4215
1661 1742
934 1519
4847 4429
253 2513
4516 3507
492 399
2969 278
1398 3855
39 3600
136 394
3970 4859
3494 1725
3133 728
2513 4922
4632 4142
4803 1330
3931 3353
823 4711
4320 1634
4895 2632
4273 981
1711 2304
3234 2732
4614 2616
4041 4946
3371 4923
3802 220
2172 2258
4547 4369
2357 866
1889 2749
916 3521
2951 1032
1519 3782
2235 3991
1370 3273
2625 4347
4415 2753
338 2469
2697 2598
1426 2438
3535 2745
2610 429
2173 2796
3493 1601
2458 3497
4110 4470
2027 146
2714 666
4668 4902
3716 2027
2899 183
2463 4358
3853 3888
330 1343
3153 1009
2200 2557
4021 37
237 140
3828 1642
312 3930
3399 297
348 2867
3901 3042
2216 3170
2088 3028
3207 4973
1644 4262
2715 2765
4403 4562
869 4700
953 2472
4576 1944
4666 4387
4096 4154
4796 2369
4514 3602
194 924
2989 3912
1057 288
3026 4817
3175 1884
61 2166
619 2073
2319 455
1790 883
4197 227
2246 132
1835 4460
687 377
1445 2184
2799 3977
2244 1904
1746 974
2622 889
2204 2399
4959 4957
958 2265
4876 3055
1599 2406
675 3534
2378 3653
4862 4705
2901 4190
1728 1902
3510 762
3022 3751
3110 119
4416 3196
4575 1407
717 3080
1105 3997
1752 2933
3075 596
1016 2975
1875 55
2050 3072
258 2098
3743 1363
2346 4140
4872 4147
2169 3105
31 1546
44 4730
3517 4285
1824 733
2916 2978
2346 4527
1723 3534
2986 3588
2684 1381
4938 1245
4420 746
2417 3319
254 2386
707 1630
1508 4125
2043 4016
3988 3397
2446 3488
3937 2239
2359 3339
2913 3340
1120 2629
1202 2648
2795 1160
68 1475
988 2874
3211 4709
3631 1115
3707 4270
4626 776
239 271
47 2852
2844 4290
4087 2590
1866 388
4985 1006
453 3056
4757 1319
4271 3309
1379 2504
1989 3615
1473 2091
985 838
948 1655
3666 4604
4288 297
380 3563
2702 552
2325 906
993 3057
853 281
3204 2775
1337 231
2989 1473
816 2894
4314 1969
3702 4251
1549 3070
2095 1778
350 2122
265 4870
598 4823
2960 3525
4377 4646
3623 3916
1419 447
2841 3073
1920 1377
3724 2109
56 106
1744 3120
1917 734
1009 1025
2685 4391
435 1634
3571 2322
145 4833
3192 1909
3896 549
3103 4975
2625 3078
1995 1882
4938 4722
610 2259
2714 2728
4772 4814
2669 3466
4151 352
691 2932
1018 2586
3805 2316
3143 100
2966 1767
4744 1547
80 4934
1705 221
3106 3767
287 2060
3053 1655
130 2587
1943 2165
20 3435
3009 4208
266 2883
4584 1527
938 4084
3065 770
1563 2807
977 3563
557 951
1514 1830
4527 2726
645 2631
2629 661
1583 3668
3336 2055
1824 886
3892 293
2427 4091
4984 3225
905 4600
3511 3124
3256 4598
1556 4908
2400 1638
4438 439
178 4296
2646 2391
4918 113
4846 1097
588 2492
291 153
1231 305
108 2665
1476 474
2348 1369
4978 3123
115 3059
2017 3547
1626 2967
4956 489
3162 2894
1142 475
4805 3681
3291 781
4099 10
1894 2531
4639 3922
4867 152
3027 3045
1722 657
3147 2769
585 324
3151 122
4493 4658
1885 1948
2220 4002
14 374
146 4773
336 311
910 2532
4238 1005
102 2003
4295 876
4141 1211
2773 1993
696 4950
3032 2575
4910 2724
4250 2456
3683 1825
2096 3819
4323 618
2479 1629
2977 1307
1 4178
1201 3415
4805 430
3907 3803
389 1850
1359 3605
3050 4809
4785 1217
4104 4354
457 3414
2455 3611
2141 3089
1792 2389
1645 2654
4947 2543
3730 1880
4915 533
3800 3651
4907 2449
1675 4366
4056 1648
3180 3905
1883 114
2134 4802
2456 4756
0 2502
2450 2697
3886 3780
630 2572
1060 3748
2977 165
4425 1291
1447 4546
3622 268
2228 3003
420 1022
3914 1945
3401 4427
3998 2968
125 1701
438 3346
2651 758
83 1881
1688 3828
3334 2138
3327 1523
1922 979
2743 1048
4731 3337
4016 4092
1196 2309
1767 1073
511 995
4864 3710
2417 1267
4398 4389
2856 1780
2692 4522
2419 4510
2968 226
4373 1352
4633 2547
4966 3480
1292 4790
493 4865
4629 495
4427 2421
4085 4321
1212 563
380 4190
4843 1458
1457 1225
1068 2587
3348 2591
2086 2351
3648 1487
1348 2186
3635 4804
3125 2501
1077 861
1910 1158
1043 1598
1988 381
3640 2649
3578 2436
4257 3987
3584 2243
3496 3104
1992 442
1912 3297
4875 4245
4583 142
4237 983
2658 3194
2617 4609
3315 2564
3183 945
3460 290
1218 2296
3532 3964
4361 913
868 1082
856 4126
4235 473
1793 3365
12 1118
3415 675
3700 947
2771 3859
1548 3352
2577 4112
295 3568
2620 2957
488 4098
2751 2041
595 1775
4605 3813
854 1323
1853 3323
4651 293
1364 787
2557 1305
2827 2169
2376 779
4367 3929
4594 208
1498 1867
453 2525
3349 4625
1561 4330
4035 4118
1848 2980
1679 2108
3689 4996
3533 1605
3837 2226
1803 2473
44 2562
723 4558
644 2061
2627 951
1542 1056
1152 1590
2534 4888
1154 3013
4235 4991
2254 2510
4166 2312
3760 4125
1231 505
2279 20
4624 86
4662 4796
4312 3127
4468 2921
2473 2851
2900 2543
1340 376
3735 3283
3349 741
4728 2017
4162 4401
3894 852
2768 3101
2300 1730
2536 203
2863 454
3092 4806
4507 669
786 2454
643 3793
1424 2783
640 3869
4532 1581
4228 4960
4332 349
4797 3326
1296 3807
4928 3445
3408 160
4424 3200
4148 4672
1335 3135
529 4329
2130 896
1137 1715
655 1360
4633 1707
3801 2569
4131 638
3936 3360
1161 2597
1143 360
40 4910
3244 4861
4423 2599
1575 1580
2466 734
777 2844
550 3094
2354 4678
3235 1907
2144 2822
2481 2201
4084 3115
3221 2535
1782 3173
1607 4838
2302 3959
754 196
3625 1091
3403 2689
1545 3809
2474 601
1511 3140
1288 438
2011 4588
1096 2937
4774 1919
3509 4015
527 3139
4440 1159
1582 465
4422 3537
1331 4538
2377 513
313 2686
2471 3081
718 4260
1188 3070
3711 4263
3382 3361
411 2066
1890 280
3616 1692
3794 422
2506 2711
688 4713
1271 831
2156 4799
2290 723
3341 460
871 2680
382 945
3293 3279
3639 2454
635 2060
3914 1062
4274 1819
2367 1258
199 1346
518 175
3448 998
952 1720
3194 813
3427 4962
1928 1730
517 4337
1320 4836
2941 4278
3023 575
4210 522
1606 4086
1872 1714
4454 681
2592 3500
444 2252
368 2591
1025 133
3175 822
1868 3128
2352 156
2530 1998
3352 2167
4481 851
1821 668
2523 1930
1013 1307
2696 4989
3469 3882
1278 571
847 870
2664 2814
1786 2001
2630 158
3688 4522
3002 3438
3642 4062
820 3437
1338 3640
3244 1938
1263 3819
4837 545
1371 841
4635 2063
3984 50
4026 818
4425 672
370 2666
4743 1318
1128 3768
4904 4704
120 1394
2163 4854
3300 2284
1727 1317
1594 3172
2289 4101
3295 2067
1087 2535
1533 1269
3727 3759
449 3884
2511 535
1644 1494
3822 871
1709 2849
569 1513
1759 2617
836 2476
3461 4934
3105 1293
2128 3532
1481 2627
1718 357
210 3539
2518 2820
2140 4597
2552 3218
1180 2688
1290 4372
1499 573
890 2175
1505 3098
2285 4561
4012 4108
1525 2770
1192 1313
4052 301
4109 2761
3001 191
1440 4404
913 2681
4899 1111
1538 3573
1794 930
1134 2969
4416 559
16 73
4812 4367
3706 2604
1744 2181
197 692
1334 1530
1882 2621
3033 4133
797 1147
3479 500
4976 1589
2564 4684
1075 881
3334 310
2228 2036
1263 3813
1715 3422
3101 3867
4100 2420
2527 2071
3209 1761
2934 3150
155 2936
592 337
2372 374
601 3582
2698 4301
3620 2049
4123 337
4606 1421
2846 4828
4794 3908
4406 1241
209 2667
939 2025
1628 2217
2230 3139
4337 3887
4920 4772
3521 4654
2521 3511
1254 15
539 4897
3370 2517
175 862
2009 2895
2929 2624
1480 2428
3159 2091
4939 970
4981 1189
654 3880
4556 3161
3082 2106
3380 3628
4058 4179
272 148
1477 4258
2974 1673
4801 4596
4623 3463
386 4259
2320 3913
3086 4102
1579 4916
2418 1110
3458 4747
4209 2338
4411 4696
1107 3197
4883 351
1956 2383
597 1793
4203 3655
4620 2797
4480 4222
1335 4137
323 3184
3430 670
3306 984
4171 2636
706 2663
2824 4302
1065 1063
2792 2537
427 981
2907 1746
3096 621
1387 870
1615 2396
2712 4218
2045 538
4083 1083
3359 1481
1818 4118
352 1615
408 3116
3549 1987
3085 2678
3432 4830
3113 2285
1356 1958
4773 4971
3809 4768
2083 4560
1990 1891
381 4343
2461 2134
2516 1687
4907 2861
1765 2062
4724 3433
171 3784
2233 3594
4541 3029
3765 1950
731 2178
1067 3236
2126 2119
2177 184
3065 3546
4821 3915
899 4211
3643 1050
2662 3347
1900 508
4582 3251
2120 1193
4421 3129
4627 4226
4913 3351
3849 2575
2325 3922
4955 395
1817 3039
3621 1827
1755 1783
4992 1112
3924 1159
3669 215
4717 2573
2113 1332
980 3036
1395 1289
1865 4759
2010 2076
4549 4317
76 2811
3875 1924
4604 2773
3292 4542
3112 695
976 3582
280 2024
4327 3847
4581 3753
641 4113
4901 2253
2290 3927
2661 553
3449 3212
4044 2348
278 2033
2048 15
1246 3774
1193 3639
3601 3089
4011 4668
4409 2790
3003 3258
470 1085
3829 1558
4782 1616
1985 1725
1745 1436
3447 1017
2476 4593
2298 4293
3284 3211
1276 1983
2038 3280
3694 1855
1059 4254
3893 1921
4935 2182
451 445
4327 2689
3948 2085
2876 4025
1117 1874
4964 1373
1402 1543
428 409
3170 2152
3363 1582
4157 2827
4094 3385
4928 2062
3842 1151
3596 248
4474 3004
49 4501
4635 626
346 1871
620 4073
299 1176
2360 4719
1280 3902
2279 3947
482 982
2734 2198
358 1250
2286 1358
2409 1249
2443 4151
3455 2382
1200 2272
525 1528
3149 4764
2084 3278
2080 2434
1208 3652
1313 1439
4971 506
3834 3703
4726 1536
4469 97
2956 1980
27 3235
1902 4488
4729 1750
686 4614
2442 4082
4062 2778
252 354
4166 2760
2352 4911
2326 1795
2493 152
578 4243
4488 1482
1364 1436
791 551
1732 1841
4243 2190
2213 4558
1627 4567
2160 4617
4292 4847
1308 3490
4444 4702
4168 4842
4039 1442
4447 2664
2150 3129
4670 519
3783 1545
1609 1489
4270 3279
4953 4745
2754 3440
968 2489
3441 2762
4387 2485
4107 1405
4484 4815
4210 688
3826 3941
524 2541
3673 4135
3543 4448
2503 4182
4599 1162
1422 1277
4880 4492
1794 3165
2447 169
1610 2435
1990 3468
465 3873
1010 4900
1104 3631
4863 331
3982 1883
4380 4553
4771 950
1107 2594
1423 1111
8 523
4573 410
3587 827
1123 666
4580 970
566 796
1804 682
850 286
75 3424
1892 240
1187 4015
4967 158
4116 189
3348 2639
2210 4787
3714 3908
4144 865
2500 2785
2703 1735
4626 1931
3818 3303
2834 2755
1494 4269
3394 4924
3796 2318
1708 2596
1949 751
457 2508
4111 2440
472 4964
1659 1399
4083 4541
219 2530
4940 4511
3650 1889
2889 4355
3250 4417
3182 258
2244 1144
4400 2736
396 4624
1857 3191
3148 3201
4730 43
1040 2053
568 899
3142 757
2094 1350
1737 3367
613 2683
3261 1941
4453 802
323 2203
2784 2520
2824 3555
3656 2707
213 1916
4052 2400
1412 3058
2991 4206
3344 1071
4231 375
2550 1345
4088 4837
1112 4530
4819 2317
414 1886
896 2331
3605 1226
1935 3491
2094 1819
900 4167
4513 235
3107 3454
1472 266
2673 1540
4968 3769
1556 1619
1690 4256
3146 1738
3965 4999
2787 1985
62 725
2788 3671
3540 963
1375 2021
3630 3138
4892 1891
1525 4827
2593 4050
757 4236
521 695
2774 4869
2838 4525
4537 2018
647 2246
2874 4693
1903 4593
1214 2224
2828 1062
4121 1491
1362 4095
2727 963
4539 3096
719 2798
2293 2132
1532 3085
3350 2821
3322 440
2083 4466
4039 132
4597 4995
1608 1696
333 2793
2549 1614
4065 1165
4860 4789
3736 2612
1234 289
3124 4566
1814 406
4521 2455
1474 1227
1859 2158
1656 1934
442 794
1846 3565
1375 860
1177 4393
926 3245
2269 4655
2274 101
39 3052
4099 1116
2810 718
1244 4167
2979 4963
576 4914
4043 2111
2540 59
721 4556
2418 3862
2864 1603
4638 3985
586 1382
4340 506
3410 3253
2879 262
4031 3457
681 321
3306 3592
2224 4
1399 3556
2449 1389
1410 4249
3603 1857
3520 4087
3531 3457
3419 1431
4027 986
2950 862
205 467
1593 2075
1957 1316
4572 3519
2561 1588
4281 2792
3603 2721
4988 759
4162 163
413 3274
1418 4142
3617 1512
1341 3692
1841 4481
3699 1633
3664 2237
1454 1647
3889 773
2860 215
4683 746
2563 4733
92 3187
434 2334
619 4464
1550 4352
2701 971
3821 1564
2446 3002
1590 4525
3164 2734
2538 3704
3567 670
1852 4493
359 2335
2710 2364
4634 4450
2459 4316
3841 362
4398 2884
1759 4241
2234 2260
3587 4540
2852 3573
2762 180
3062 1322
4435 3168
2540 3586
4896 4512
4319 2215
782 4489
2554 1140
3079 833
1553 3365
4939 3328
4548 473
921 1741
1603 3606
633 4494
2746 3973
2879 1884
1413 24
1205 3220
2691 4068
2488 2848
4265 3203
4988 2933
545 4779
1551 3350
530 1125
918 2422
3157 3356
3446 4803
927 526
2249 4844
4640 3118
4549 2719
4400 2419
1626 2310
2515 1952
2343 1849
4625 2374
53 3755
1385 1743
263 3620
1454 4361
1631 1101
1255 2911
2199 402
157 1397
3632 518
2801 2142
2323 33
1731 4919
490 3538
4767 1936
2129 800
1303 3574
1516 4524
4648 4114
2657 2250
1788 1126
2477 2742
1302 2108
4220 3445
4463 1986
1893 2598
2615 1333
1252 2072
1933 3660
2766 2465
2523 496
795 3465
4122 2723
4198 1376
3583 2881
909 3267
1774 3260
865 4664
4699 1797
3902 308
2542 4110
173 2186
416 398
4889 1522
1791 99
37 3378
2930 693
3281 4899
4982 2136
1758 2256
3815 533
4433 4940
3943 2770
3324 3199
724 1660
2741 4616
2450 2022
3953 2880
491 3972
4876 1731
284 652
1608 988
2410 3176
3713 3342
1878 634
3609 1937
2393 3311
2556 2214
3647 3309
3776 48
4476 3898
4200 3571
1295 2163
2099 30
2173 7
604 3761
515 3063
3721 3836
1361 1810
1514 839
3517 3983
2586 231
3604 1633
2261 767
4869 111
801 1674
942 2871
1770 3289
1959 2988
173 4364
1688 1584
2468 455
1873 2854
2379 3753
3807 3484
373 1726
3550 4896
637 4778
4205 4213
127 1658
111 3782
1572 2609
181 2271
4545 1557
1026 2906
2178 2179
4415 1962
2117 3000
2185 2337
2608 3434
2940 3723
2337 3285
2706 3064
1013 1996
3049 3858
3376 4309
3863 4386
2785 2740
1826 2102
3266 780
928 4229
2054 4379
4719 4399
3288 3203
2204 63
4533 2793
3674 3636
4402 93
3950 921
2308 4798
4266 319
654 2976
2519 103
4423 634
2008 4397
3221 3812
1707 3833
2012 1254
1813 4648
118 2910
3874 1036
4498 421
4945 600
349 2366
1858 4471
2190 4066
3718 2668
3134 4679
2878 4311
1483 2672
3838 72
2372 1799
3518 3734
1224 4736
1867 3354
3691 2176
4117 4881
4789 1722
4457 3741
4970 1820
4713 1517
4191 4247
2395 195
2355 259
1072 3637
1460 1619
2127 4590
2687 1568
1092 3793
2668 1045
4359 2802
2739 60
2748 3237
2630 1035
1807 4550
2360 135
4905 1437
344 4003
4531 411
2193 2551
2391 2729
1433 387
2778 3792
4517 4981
1576 3503
4225 2393
605 317
1908 1594
3646 1807
933 3749
91 4955
4906 793
3508 2142
188 98
1215 874
2354 1980
2771 1636
4064 2565
1184 1311
3642 2093
164 463
3345 2117
4932 2082
3785 2958
2526 3879
4704 4345
4818 2832
372 387
1069 2645
3321 1700
3131 1084
4053 4813
3205 4479
1617 3496
2694 3479
4036 1031
4071 3086
2334 2453
3899 1125
1942 915
4586 2573
1238 3048
4322 3470
3310 873
1124 3539
2074 4271
2231 4513
1108 4652
243 1196
4972 4208
960 2284
651 4410
3744 4128
3599 1250
2522 229
3121 2207
3163 1573
4840 1897
4660 4750
3252 2148
837 292
3940 3482
1917 961
1069 1297
939 2405
3295 105
3610 4873
1023 3963
648 1527
4519 151
3183 1274
1264 2482
4551 4688
2537 1228
956 4894
2405 587
3433 4998
1433 516
1524 1667
4653 3872
3771 4902
2023 1984
384 3504
272 798
2002 1044
737 1750
2021 1033
647 4019
830 407
3975 4258
3287 4640
4849 2383
784 3747
4746 3095
3242 2313
3658 214
874 2737
190 2051
4574 78
499 754
4962 2583
1448 3426
2143 4620
1678 1401
4958 4350
386 1782
3804 4346
4868 3416
4305 4105
1407 530
4505 3274
1670 867
3099 1502
2298 4134
3921 2197
1388 3040
1577 2490
1086 1130
3238 1945
3837 3615
796 1646
4294 3400
3959 3343
2713 4078
3442 241
3406 1286
3028 4860
3108 991
77 2908
3024 3536
2469 4192
2652 3919
474 3397
1213 3158
3697 271
1259 19
335 379
345 526
3966 2209
2507 3531
4280 3698
471 3233
1832 1304
1842 11
2077 2690
2146 667
4445 4136
1426 1551
196 3107
2656 1139
4457 4186
1993 1787
1635 2090
1668 1839
1808 1951
1276 1341
458 2366
4325 2431
4169 4089
110 3542
9 812
3229 456
1687 1406
1114 2448
2886 603
2168 2945
1578 3128
1596 1566
3220 3499
3716 3678
505 4339
351 3852
4360 3392
2061 4534
2809 2993
1708 1844
2713 2272
134 3216
3949 1825
3471 1501
1315 4873
3948 2833
1926 1478
3801 2828
1515 739
4669 4836
1467 2494
395 2016
2744 4864
4282 1354
363 2855
9 418
3020 2357
2653 2491
4244 404
4501 2262
2876 1903
4108 2006
1925 4565
168 464
4345 3697
4364 2736
4089 3654
1141 996
2836 2706
1261 2756
1690 3263
1400 4286
873 4748
1000 4028
4407 4509
63 4893
4588 1789
481 3757
799 4822
1022 1832
3870 3590
819 2914
1017 962
1983 3187
602 3273
1020 1127
2307 4975
4824 1425
1766 824
1098 4675
646 2085
4671 3882
3745 1570
4892 3659
4575 2776
581 2659
1233 2915
1737 1771
2795 2470
819 3599
2936 2528
2905 3379
4391 1054
3288 1652
1672 2079
894 1703
1911 165
3907 1789
2081 612
807 887
3277 4485
594 3865
2248 2064
2339 2038
285 707
4329 2102
4564 1956
3808 3869
4561 1435
1334 3041
2943 3429
166 2786
2815 3733
4529 3198
4783 1689
4656 3156
4179 698
3030 3971
2397 251
139 897
1221 1120
1933 4030
3862 4724
4930 4845
3236 1830
2413 3303
3543 2928
2920 968
759 3464
3328 1831
1888 3690
1682 1632
4273 4216
1459 933
684 3848
2992 1675
3206 4808
4829 3760
4217 2858
846 1915
162 797
935 2978
3883 187
1015 3406
2470 2088
4394 882
964 1815
3378 2392
3050 3247
4608 2682
3374 4422
3413 4657
3567 2374
2042 4182
3424 3355
4160 2817
4217 4680
3564 1913
4290 2
2451 2307
1506 2415
4714 2855
3252 3818
2695 1795
2288 104
3815 4684
2870 3364
2148 1740
2123 4547
2918 2893
2961 2124
2247 4138
2217 2340
1194 4922
4808 3246
3323 2539
4634 2164
3084 3939
4344 4993
3898 3523
1224 3952
2765 4775
3851 4145
3755 3643
4018 1416
3426 2018
3018 4636
1943 2789
4716 3758
556 2696
3717 1435
3190 1278
3248 529
2801 2613
946 2402
1342 2206
2326 917
2430 2895
1048 1011
382 2000
2841 3390
3151 3663
1424 2738
3197 4292
117 3223
1393 2850
4969 504
1543 805
1685 3526
1873 2311
1166 1620
116 208
2119 3710
617 941
3592 2512
793 1019
2962 1676
4239 3786
4058 2013
3725 4804
385 203
885 3254
4472 3231
2323 476
1982 2555
604 3897
2032 1234
1130 2312
1361 4311
3600 3523
98 3732
3591 3527
3515 51
2622 1139
2735 3530
1589 228
4045 2291
1351 4074
1677 4749
693 4047
3154 4742
3920 404
104 4564
3759 4570
1843 3046
1595 485
1638 1282
1439 2885
2222 1753
2820 509
1671 914
2500 2362
1380 2201
3788 1942
1765 4535
2140 2926
3268 1897
69 239
3756 1142
3693 107
298 1264
3594 3831
902 2914
4969 182
663 617
238 4979
3995 4645
6 4794
3117 1872
1068 773
2422 4891
3945 179
1796 2709
4130 3092
4542 1129
1478 664
3102 4161
1745 4172
41 941
1666 2677
4074 3881
847 2086
994 4239
4435 2203
4986 3245
4886 4622
2297 567
4340 3708
514 3577
658 2907
4449 3522
3875 2336
3873 2781
200 2255
2238 1812
1713 3955
4369 962
2106 694
4362 4895
282 52
2124 911
1347 4601
2864 1702
367 385
1093 3007
4173 3
2774 3298
1047 3181
4800 843
2013 1694
784 4949
4077 3671
32 2145
1434 1970
4334 3766
1858 4521
2506 3576
792 3059
612 742
1503 2371
366 81
3730 2954
3750 1669
2486 2297
2891 651
3000 4244
4392 3270
3890 2116
1353 391
1238 3849
2589 3872
398 1154
3357 4936
96 1895
2644 4712
1298 4040
57 3326
1921 1294
2754 3100
1174 3637
236 2401
687 1531
2467 4405
3722 2237
3205 4655
1625 2012
800 4124
2321 2056
4911 4990
1081 3398
2902 3040
2674 1677
485 755
2509 4072
2034 3541
2685 2756
4739 4761
2620 4628
877 347
3636 4255
4631 1749
191 3664
775 1912
709 1327
412 1778
509 3199
2962 869
1262 1423
3193 1169
254 879
1055 1505
1914 1520
1413 4587
1892 3487
4144 3632
2392 3509
2138 3250
1173 3738
1827 1487
1663 3222
3627 4931
2911 1471
1122 1427
4540 1828
2229 4187
3172 1448
3935 2159
3626 1748
2216 3271
1804 3217
4732 4882
3468 4751
344 247
2553 4124
1657 4102
1566 4346
907 4230
2806 4832
544 710
1640 3428
3533 1344
4249 3094
4708 4414
1630 343
2632 1273
1237 3728
3462 2452
430 1679
750 2468
1821 85
3301 760
4169 343
4687 4126
1663 2897
2251 1760
2544 1203
4810 4445
3740 787
1504 1896
1280 995
316 1756
4138 2261
4318 909
4326 699
3588 136
1438 4127
4091 4068
3854 4699
182 667
875 708
3662 1074
267 23
267 3997
4978 2115
1045 2657
1384 1501
4076 1140
1914 2057
3044 3491
3987 3559
2090 2331
153 4937
1974 2181
1312 980
2063 3913
1658 2317
558 1649
3443 3685
2570 2776
2239 3492
2588 751
3066 54
479 4449
1237 943
2235 3570
2588 4286
224 1764
2872 2877
2741 4630
328 3226
1843 2763
1757 2533
3483 814
1632 269
4814 2680
1896 161
588 121
1734 2251
4504 3842
4890 2990
4500 4472
3507 678
3597 4171
891 4944
3499 2716
279 4321
4336 4563
673 3355
493 4786
662 3389
3411 2003
2759 2076
1881 276
3696 1751
1099 2442
4757 2089
2025 3506
2578 1598
2900 1665
401 984
521 960
842 3110
2151 4599
3106 2560
492 2007
3791 1834
1244 704
710 4918
3766 90
1133 2880
143 3969
4428 1449
2133 731
46 70
1452 2926
4807 1874
79 2740
1464 2566
1610 3797
4913 2767
291 2995
1450 2439
564 3076
3956 1304
4725 2039
1452 4107
1149 4204
1547 307
3368 2870
3048 2005
2782 124
4397 2857
4480 1089
4080 2444
1321 2464
1515 4013
1242 565
2746 562
950 2211
4595 3528
1360 4237
937 1651
4349 1562
2949 4348
747 3752
2628 1148
1609 3903
515 581
3149 1134
4437 3715
2294 1611
1381 1773
4801 3189
355 2859
1155 3682
166 1643
3580 3212
2772 3395
1520 3878
3877 1191
689 3006
3429 4833
4966 677
2701 2370
4175 4093
3478 986
3950 194
827 3387
3232 1232
1190 2445
3721 244
1217 1057
520 4303
4831 171
3477 3243
3134 2923
4188 1287
2647 2639
2150 2116
181 1680
1178 292
3673 3839
3038 1151
659 2380
1684 2302
4667 245
1306 1624
4218 3731
4324 3796
2925 3946
464 2192
1096 1378
1798 2922
1183 1729
3934 658
4196 820
4034 3777
606 4036
2267 1128
1898 4261
456 975
2103 3325
739 462
1856 4279
1734 1683
3452 3976
4965 2000
893 4315
4456 1863
2213 2548
413 4094
745 3706
3726 1004
4154 3340
4697 218
3999 113
4994 596
2672 1849
778 2970
825 3409
3018 1504
4268 4129
916 2906
4925 1659
3614 3654
1636 4076
3576 3012
3672 406
577 1797
1484 3662
1328 2308
855 2877
487 778
2682 2176
4875 4946
4047 1396
3732 1763
1862 220
4762 3939
4338 4979
3373 4490
2529 3748
4545 3377
1564 1000
4674 4073
1455 3167
3845 2602
4233 592
2441 1529
3276 2368
4079 1316
979 2643
4696 4682
338 3998
3125 1906
1168 1135
1963 664
4942 2920
1235 504
362 2742
831 3191
3404 67
1922 3792
4451 2365
1878 978
700 2016
1939 736
4551 3736
143 3385
1953 3886
4284 849
514 1901
969 3739
4852 4195
2097 1663
23 1145
3025 3887
4659 4342
1981 4183
2797 462
690 2859
2891 1966
1705 4195
4877 3476
697 4615
2182 534
3495 2869
3772 3863
4307 1459
3586 1331
4146 397
3929 1805
4691 2611
3661 4820
4477 2816
4267 3767
2973 3264
1427 2394
3903 4272
2046 229
4008 4878
4260 1754
2939 2153
4448 4078
3870 3981
2162 35
1592 3633
4654 424
1379 4602
912 3502
1007 2210
753 326
1255 255
4515 1713
4980 4735
2964 808
4716 4657
744 320
367 4374
4238 4177
672 4116
2626 1919
1939 3318
478 3551
4897 1580
1225 4787
1222 4503
1078 3874
1879 3669
2941 1511
2283 770
2904 4228
4747 4041
3377 4301
4903 2484
2819 1916
1870 4871
1430 4356
1784 3787
2584 3906
3672 403
3088 394
850 3670
867 1027
697 541
1845 2049
1026 4024
207 1275
4159 393
4011 1272
3857 2460
1953 4452
3478 2411
3169 593
1109 2404
2601 1032
536 3169
3935 1066
4234 4734
2305 1493
4111 2780
121 4353
3889 469
2595 4507
4215 296
432 1145
4096 2035
277 4909
1024 4045
4357 128
2347 863
3957 3289
234 3063
3529 1972
449 1488
653 2873
4528 12
315 4373
1049 1339
1573 4740
4777 1211
3900 4993
1160 2338
170 1146
3961 2605
1828 4705
3067 767
4143 3593
1396 3932
3708 243
918 2940
1474 3778
2341 4007
245 4728
3652 366
570 2556
1172 3579
2087 1479
1702 3171
2008 4666
3474 311
1890 4790
1940 4436
1680 810
3135 3629
4891 36
4363 2004
4618 2939
3932 2558
2519 2848
4181 4990
1468 2069
895 222
1181 3895
2768 1195
2861 391
2414 277
4315 844
2462 327
3982 1080
765 1029
2717 321
4043 3989
1616 1695
624 3836
3104 4409
1442 4440
4948 4388
2794 1650
4376 4477
1563 4287
3556 2313
2344 614
1384 3126
4695 1946
542 3333
4055 3719
703 1512
226 4925
2645 4146
3174 4997
2121 1791
284 1880
4306 3195
3825 93
1306 1550
1932 1507
4279 4421
632 2518
920 4519
1754 892
2752 768
3079 1229
4770 3609
3885 4407
356 2584
2835 572
4693 1072
3294 1800
2952 4839
288 1451
3393 3843
3761 2100
1977 2461
1168 4882
2942 318
3425 3649
3578 3465
178 2601
790 3418
1380 1967
955 4375
300 3071
202 164
3178 2896
3037 4227
1197 3816
2729 840
4776 503
1600 546
4676 849
2324 4293
4219 4811
2683 2347
4511 4855
864 4189
4044 4287
2428 393
4582 89
2995 4060
4987 4742
1521 3257
606 2489
3299 823
4294 2887
4241 1404
4097 1171
3963 1121
2001 4020
2882 1694
3990 958
2104 1367
3579 1038
4253 206
4642 193
4825 187
2964 998
1979 2608
3437 2047
900 761
4694 2257
3687 3561
4853 3393
4012 4174
1497 1664
1401 4007
3122 1227
4664 3217
625 89
999 922
2457 3630
3787 3607
252 1404
794 2650
4497 761
1587 3144
3358 3876
2834 4555
2289 2582
2187 223
3608 680
498 3179
117 1769
4152 4059
1456 3644
295 4996
4829 4977
955 3688
2631 3296
1457 4281
4159 3276
2475 3077
3773 2766
2619 3572
1783 2619
2238 702
1228 232
1110 3665
2798 2534
1837 1597
1055 3486
2952 1377
4048 2585
3072 3538
2276 3915
532 2744
4365 1315
249 2484
3861 3047
3380 1388
1851 3498
307 3450
1218 3602
4755 3469
2128 638
4197 3904
1536 3206
1775 1308
1955 599
2032 53
2925 1935
2899 2938
1209 4788
4686 3918
1669 752
3111 957
1637 2389
4404 4862
2679 3751
4199 1458
74 3762
4945 324
4562 4305
192 3262
520 3081
2453 3583
1274 3513
3712 2133
4459 3233
74 4495
3310 4250
4552 2488
3969 1184
373 4051
3004 4933
932 1258
4055 901
4977 919
4201 1529
4288 2931
1080 3153
1535 2031
4884 4741
3381 555
1770 2052
1879 4297
2924 4123
3036 400
991 3068
4280 2131
3174 3005
4216 834
1283 3812
1960 4433
2723 964
4049 766
1833 1847
2278 365
1606 3495
3906 1109
328 4676
31 486
1496 2414
2822 4570
3087 4128
4371 436
4589 4441
384 3924
3307 1008
4681 1855
4523 1588
300 3024
4196 2101
4291 1774
3834 2306
1966 749
3366 1538
2888 1394
3954 2567
4095 3314
1328 2522
4450 4741
1382 1518
4753 1618
71 3687
2576 2074
3407 4222
1243 1962
783 1994
2408 4284
4671 4578
3774 2996
566 3030
4622 3864
1904 3083
4800 4799
40 881
1402 4390
4460 4524
135 4645
1604 2521
4027 4049
2750 1887
4115 4660
1701 665
2838 1314
3695 281
4333 1999
2157 1320
3803 3848
2965 4887
2375 4983
3677 3074
2863 419
3940 1509
107 1040
92 3779
2651 494
3825 4858
2568 4603
1283 3069
4924 3596
4865 2227
1483 3061
3800 106
1578 4384
4661 4923
3674 927
131 2077
334 3888
154 3327
3545 1182
1579 1596
60 3121
2282 644
4033 4650
2448 1923
3695 1065
1395 3152
4710 1014
4175 3164
1471 1199
1624 908
621 1686
3026 4572
4815 18
4811 2385
543 6
207 1182
578 3293
3382 1735
4643 401
2545 4908
732 3966
1518 528
2949 2212
2229 1656
636 405
4619 1972
4884 2787
1925 4056
1585 1685
1991 4820
1506 4727
4771 1310
4683 99
2878 2799
2218 776
3765 1411
2300 3213
4667 1593
2270 1105
4276 798
1460 4932
1256 3839
2350 1344
4931 260
1221 1526
364 4388
2611 4163
859 1739
3440 3061
1216 1180
1574 87
1676 1806
3795 2825
4204 3611
2733 3226
2722 3989
3645 1768
3747 1251
4467 3284
198 3981
3062 3439
4381 3494
3054 1414
4951 4434
2794 2821
4381 2533
2198 3846
892 3677
4283 2014
2546 312
2670 1119
2955 3781
3589 1758
3838 436
1240 2225
308 3701
2070 2423
2264 2072
4318 4960
1028 4526
4103 4791
4878 4412
155 929
2250 3475
727 3316
3008 4021
1668 3861
190 1686
201 2183
1355 2219
1930 1376
3926 825
2006 2638
2641 609
3073 3564
2248 1251
4571 1446
2730 3581
3558 4368
3299 4610
3927 1710
3585 3412
2988 554
115 475
2681 445
616 4471
674 3978
4475 843
1368 623
4557 1243
1581 4379
4498 4254
3851 3329
2951 2868
4246 4750
4081 2947
2865 4066
483 4906
1911 1443
3624 4631
1859 2772
4698 452
4974 1475
792 902
3255 2342
1833 454
3962 4006
4744 3362
156 3920
3516 3962
4675 2260
4842 3917
2671 1978
4703 2259
4473 4456
2658 2040
2646 3268
1597 463
4792 3786
4219 119
2202 3891
4856 3204
765 2654
4188 4357
2987 24
3928 250
1790 4827
920 3519
2579 3699
973 2825
1729 1279
2404 4113
4921 2732
1079 2707
2080 4143
629 4973
4302 3811
1602 2959
1595 4958
1268 126
2678 4670
2919 2194
4065 4594
4780 3727
4341 446
2382 2503
3686 4825
972 4623
3298 3562
2162 3560
4439 3178
1826 4509
4603 4212
959 2976
4530 1206
1856 1219
4075 3960
2199 4446
4874 4793
2659 2958
4982 2499
4844 3553
303 3329
2189 3832
4754 1136
689 379
3789 33
2095 639
1604 924
2704 209
2883 917
3344 586
3143 4506
4528 1438
378 3388
2065 2648
2814 3282
4278 4970
1046 3964
2426 2769
4468 1974
1621 188
1840 3535
3405 3554
103 2019
2420 2687
4503 1461
662 4748
1102 1058
2175 2815
1622 94
1077 1485
4834 1441
264 3501
1003 4259
3820 2231
4628 3824
3090 268
3723 2576
4735 3371
2831 2143
3454 4905
2862 908
3601 3958
3399 4347
1152 3215
990 729
2099 212
2606 1339
2857 4289
4692 2462
3459 4518
838 706
4067 1548
987 4751
2972 3544
3282 3644
4017 4647
3425 2490
3791 541
3001 4658
82 4941
217 948
422 2388
305 1138
3790 3928
2221 2780
828 238
3242 4359
4275 3624
3879 2791
1129 1913
1420 3712
4473 3213
2255 4122
4762 2220
122 1259
923 3058
2433 3430
2073 1430
2236 602
4028 4414
3389 835
4005 2501
2757 1232
437 3911
4828 2712
4001 4297
315 64
1931 420
2580 2158
2512 2589
4826 4641
137 174
3731 1854
4715 4097
3016 242
306 3990
3181 339
661 439
4680 722
2387 2610
3542 883
934 2319
434 3633
4506 2572
67 1998
538 3032
4202 2379
1371 95
1039 2922
755 4782
2554 4009
4487 2365
943 1601
3931 1908
4223 1103
2498 4689
543 2472
4592 1721
1291 3022
3388 2266
1305 3071
3077 1332
2387 1076
2320 1018
1672 4571
1285 2339
782 4191
4661 2515
815 2381
1034 1720
1495 2718
1412 1352
4184 4483
2110 1083
1661 4817
898 443
1628 1842
3909 2299
1946 3017
1724 2993
2950 4692
4577 257
2845 186
244 1553
2550 2436
3223 914
4158 4262
2700 431
1014 3770
1507 3398
3878 2921
1530 1940
4721 2113
4032 1575
3467 1387
2402 1063
2752 567
3737 4496
3482 2802
4605 549
3884 607
1021 3427
4390 1681
4708 2051
4164 4067
582 572
1528 179
3680 1851
857 940
944 4255
1147 2492
2917 88
895 3725
4709 4383
3416 4140
3034 2129
4090 4881
1792 3822
1051 884
2340 2467
4941 1420
679 4042
3336 2996
1771 4356
3021 1169
3195 141
3485 2043
3202 2253
4537 2916
3705 949
2205 1957
4079 2818
2281 4919
3198 2581
1591 783
3757 76
4883 426
3655 36
2493 4139
1533 905
1148 1958
4004 2424
2144 4328
253 3231
2686 1290
2691 4485
569 720
3200 1845
1863 1498
3720 105
2999 448
4738 3871
3764 425
1567 4395
1374 811
21 595
2669 3372
3733 716
4646 4061
1572 1051
4160 3133
1165 232
3387 2149
2092 400
3234 942
3308 3166
2599 2757
2758 2495
317 4303
3402 3308
1385 3974
2107 1909
3684 561
2998 2871
2903 102
480 1786
4203 2804
1132 1718
4816 3591
3910 775
4578 1073
1256 69
861 2638
1443 4377
3871 1408
2215 2432
1764 4685
2982 350
1565 2416
1293 1157
2377 4508
994 4784
2478 3979
197 2223
1552 4354
2720 740
878 2336
1555 1664
4325 1605
594 4953
4898 3826
1871 3302
1817 4691
4754 3392
348 3992
1772 2789
3317 118
3431 294
3441 2270
3696 4479
2715 3758
4706 590
313 985
4609 1023
2112 4334
195 1895
1175 470
1432 3883
2482 3123
989 2345
1078 2015
1150 2164
1124 1189
2485 3185
1421 3097
2207 42
2853 3991
1425 2809
1303 971
1038 1064
841 3724
2483 3017
1773 332
2711 2842
1325 3045
4948 2917
2990 167
1502 953
1554 4740
3401 489
727 4013
4592 1831
4701 1415
1612 3506
4214 2849
3501 1374
4942 780
3144 4695
3432 686
507 1355
1612 3132
1314 3411
2747 412
665 2309
2081 3185
3137 3038
522 77
4821 4371
4554 2888
2679 2196
660 3754
1266 127
4363 3324
70 192
4568 4226
3111 4679
1569 3734
1053 1333
3827 1007
1030 2817
2805 2542
3650 2369
1210 708
1486 1639
4451 1138
2349 86
2363 1236
3831 1559
2985 1999
3938 4186
144 3384
764 418
1010 2965
90 949
3548 1806
750 1823
2343 3280
1248 2438
4559 142
2390 1963
713 4689
3729 2549
704 1027
677 1047
2411 26
1918 4769
806 499
4365 4224
4478 2153
4841 826
4248 2959
2593 3954
4135 829
3973 4738
65 3868
2019 2
1936 830
2720 2582
2994 3167
4824 3986
3434 650
2759 392
580 1683
1207 3728
3158 3275
3944 273
2075 2189
1143 4943
3249 1949
83 2241
1810 1153
355 4952
3239 3449
808 919
423 4886
1157 866
2426 1201
1546 3192
4 4482
2753 715
3390 4649
4211 1167
55 2197
1137 1796
4868 4355
4722 3080
4199 3570
1326 1039
2196 176
2398 4968
4767 1631
2125 4659
3466 3752
4006 1300
4781 3866
3814 2810
4961 2305
4037 3790
4629 3618
4663 3054
4201 296
1635 2188
2287 748
3709 62
4929 2548
392 1113
1366 47
1209 1326
2014 4516
1411 3926
4618 2329
230 789
591 4601
2597 1818
2505 3361
2927 3315
4461 4001
3047 4959
4718 813
4413 4266
4358 71
3114 2563
2356 4823
673 3516
2265 2187
3474 3607
3610 1739
4336 3735
4059 2592
3527 972
2747 1599
1353 1761
3414 938
2321 2281
1175 2953
3083 2927
1555 3137
46 1447
671 4149
1296 358
589 2024
3628 1011
1091 1777
3756 1763
4352 1803
3269 3163
4776 2779
1484 1961
4395 2412
631 3955
1537 4917
1838 1941
235 872
4630 1141
1847 3629
3941 2616
1799 510
3384 1085
4723 4950
4119 2206
4070 1591
4698 989
2342 4563
2288 375
110 2020
3216 133
4702 1453
487 2709
1692 653
3420 3272
469 3346
1408 738
4133 1126
3152 4158
3980 4840
331 599
3770 532
4176 2937
925 4984
1349 2232
3422 213
1012 1028
1811 3634
2242 2137
1887 466
123 4192
3779 4933
3742 3093
3548 1319
85 3817
3316 721
1860 1006
2812 1214
327 4812
508 4424
1310 2089
4202 2585
1252 1059
3330 4888
1324 4174
4187 211
1719 4017
4443 2919
1144 3552
4845 2851
1516 4798
553 357
3925 1106
570 3979
4484 2705
1704 4974
935 789
8 2416
4082 4313
3335 2037
627 3958
1149 3031
711 1450
2722 4401
329 1654
326 3473
4031 2791
795 3515
4858 3707
1155 3029
3574 835
3742 4221
3641 903
2831 2737
611 3278
274 217
2614 1089
2123 3569
1170 2481
4729 882
1800 3589
2875 2170
3087 177
3436 2171
3396 159
2356 4050
3421 2096
2666 772
1906 1470
4848 2322
1216 1877
3773 4538
1021 1627
2258 4856
3719 3138
4749 1955
3297 4150
3685 2532
3895 528
2796 4313
2909 845
1798 4585
210 3207
777 3953
2403 904
112 3155
2673 2890
3805 3184
3403 2642
4014 497
2496 3775
1292 4366
1392 4954
1665 931
2256 1181
1269 4194
114 564
1340 466
4494 4333
2892 310
4514 3069
1577 4487
1431 929
3833 3407
3035 3504
816 3481
1524 4855
3806 997
637 2931
4200 4565
845 3993
19 3300
3190 3362
3114 990
3777 2068
3904 2635
3877 3034
345 1042
3692 2370
4963 1428
1513 3754
3764 2961
3049 3014
4314 1691
3240 4952
2009 1449
2177 1898
809 3335
3762 4412
558 712
3012 1391
4559 3984
603 4264
2052 3698
2118 560
2314 1982
4335 4775
2760 1470
2157 2311
4322 1428
2078 2731
1727 2856
1618 3569
1490 1422
2245 1367
1495 3525
2437 1557
1383 3337
3267 4927
2813 3847
4403 2286
1434 3693
4636 2381
126 3088
3208 2956
97 3006
304 4100
2973 2524
1822 4098
766 360
4019 1321
3667 4437
837 2149
1968 13
4209 1522
58 4998
2396 2725
2421 2480
4137 3951
1281 1689
4495 1390
4715 1456
1472 84
1253 2758
2104 3956
21 3634
3271 2371
2985 4057
749 523
3711 4872
1191 4590
1363 224
3186 3146
976 1239
3313 3294
2807 3946
353 1814
139 4731
3649 43
1860 3894
332 912
1802 2997
4515 3505
3218 302
1451 172
2903 2044
4057 741
648 260
2839 544
4298 809
2693 2840
587 803
4343 4038
285 201
2609 3386
2829 2306
2171 4245
1400 1537
2427 4786
1733 3370
3810 3900
450 3806
1114 1947
1948 2730
2935 2915
609 3041
537 4795
2139 3179
4502 4295
2212 4342
3771 3142
1808 4170
4014 1757
546 1711
3746 4870
1074 4835
2397 4469
3967 2429
992 2577
184 431
1195 2441
3795 4263
3367 3016
2967 1700
4224 3977
2735 889
1865 4088
3130 2395
3075 4025
2803 2948
3225 4915
4462 3541
3007 2986
1417 4331
1479 4298
3431 4277
4531 3909
2623 3616
1508 2692
4246 402
161 2882
467 3013
1031 3357
864 2779
4442 2154
3744 199
4686 3304
4517 2954
120 2380
2310 257
2388 2280
3720 2110
2147 2314
1997 925
1415 1587
4489 2111
1816 1186
2480 510
66 3318
3606 3675
531 151
716 2981
1666 904
2885 1497
1094 4265
2066 1373
3476 1179
2179 4707
3281 1166
822 4081
1486 100
2637 3780
1127 4566
2560 4647
2538 3113
2030 1329
2195 2035
4613 160
4893 3082
536 4595
840 1861
3277 1
1429 2126
3651 2249
2873 388
4947 2671
4780 3005
2826 283
408 2316
2069 2127
1041 4442
237 2913
3260 2410
2277 4579
336 4995
901 848
148 3921
4851 4393
3451 760
3619 512
1177 3951
1926 501
4579 4441
4310 1542
3057 4743
1185 4093
4112 977
2823 2002
2918 230
2401 1132
1236 204
2764 4807
608 4802
3960 2458
2621 683
4492 4879
1206 669
2292 618
2837 3967
2439 1693
2558 1834
1967 3391
1923 2435
1510 2015
2811 2641
4548 34
2385 2273
3804 583
1876 2327
4236 3802
3272 2361
1899 3332
2291 577
1648 1829
4627 3892
64 116
2252 4813
2775 4859
1001 2234
4611 3458
3683 818
2596 3249
1503 562
3188 1372
3558 28
4434 1987
3345 4360
4961 676
2180 2545
3897 2241
38 149
309 4276
2829 3763
947 2497
1044 4557
1742 4463
1785 1462
447 1927
4600 1295
1651 2373
1544 4585
3263 4232
4370 26
4769 3237
10 4504
154 540
4453 421
3214 3551
3188 4901
1691 1602
2603 222
2618 3916
3259 1693
248 4956
2475 3552
4300 1712
4261 4072
4443 1298
1285 940
2865 4185
290 4532
2994 511
858 4644
4418 2361
936 1877
3456 4866
2406 574
3472 2982
903 4136
2699 2275
1337 481
877 4030
1215 4736
1378 286
4885 4889
735 3109
3841 2324
1294 2644
339 1482
700 2898
1625 2562
807 959
2223 4615
2273 1717
907 176
302 4792
1365 738
2161 1544
1779 3769
3485 2652
3968 183
2445 3778
598 3681
2218 2555
0 1977
452 2634
1614 1403
676 4929
3856 2029
3412 702
2897 2823
1492 228
1179 4752
4153 946
441 144
2292 2496
1976 2717
2268 4141
1235 3781
1467 4148
3402 3617
3545 3797
3581 4213
1008 3099
236 2635
4317 2122
4024 2955
4644 4394
4464 855
4106 3658
4306 2166
2526 1954
4430 2200
1699 2559
3227 318
3912 897
691 2399
4145 4233
1131 1173
383 1684
1432 3930
1910 2059
3147 4734
969 1037
2254 4677
1372 2862
2368 1488
3679 4000
1242 341
1569 340
655 205
3835 1054
3126 1755
1805 319
3518 1347
3776 3182
3933 4930
3961 3595
261 3750
2053 4784
3031 3937
3593 4809
1736 3056
29 4165
810 1207
3678 4510
1465 876
3890 1938
2708 4943
3375 1768
2626 2840
756 657
1186 94
1270 527
726 4717
4309 4402
4461 3666
3060 1053
2896 3228
684 1410
368 1203
41 87
4520 1788
714 1835
576 4546
211 4181
2430 680
354 880
4848 3363
811 3246
1419 2908
193 1952
3475 4852
4470 3330
4120 1647
3090 95
3717 2675
3202 1885
2733 1947
2225 4533
2777 3704
804 1866
371 1954
2327 28
2946 1162
3508 4283
2703 1637
4989 2553
1620 4650
1271 1706
4380 2046
4004 3983
2661 3145
2886 2329
1558 2494
3597 1281
3865 1492
4770 650
2333 743
2850 3444
346 2992
3160 3116
219 1093
4926 4502
623 3372
3675 264
4240 2574
141 3209
573 2963
1253 696
4069 4927
240 3290
1104 4054
2183 223
3488 4396
3229 1239
3714 3256
1342 477
3489 975
1541 1813
4161 1988
1996 4746
711 879
2100 1318
4349 1260
218 4760
4710 1995
1641 4214
1837 4131
4576 4119
2155 1973
2079 4000
3160 856
3880 3210
2202 4677
167 1230
1183 4331
3613 1526
2268 2451
2315 565
836 628
2295 1257
3115 3259
829 1178
2567 3843
3626 1869
733 3312
495 1042
4080 61
4607 275
486 2615
3942 1325
1968 1210
3394 488
4478 3715
1070 709
4060 2412
2957 4718
3480 954
2655 3663
3254 1600
3562 4641
1965 1695
4778 4447
2364 3232
1409 4157
206 568
1961 3788
2684 4760
1079 548
3566 583
4120 461
4375 525
3451 3859
4376 790
554 3726
263 2602
4714 51
157 2662
931 3120
685 4150
1035 138
4156 14
3910 923
2299 1469
1349 1848
620 417
3590 4075
3798 2004
4338 88
4994 1156
894 3555
4005 30
4877 926
2912 3462
2520 1171
2141 2945
2479 1037
4764 2531
2818 3971
4132 4299
699 1809
4879 1671
34 4348
1728 996
719 2725
4903 2151
2514 555
785 1509
4586 247
4810 4720
1043 4732
1090 645
1064 3691
3690 742
1463 3763
4483 735
2059 1585
4508 692
2497 584
1645 1309
1934 2301
3456 11
356 322
322 4583
4252 372
2860 512
2070 4909
821 3286
4606 502
2739 3653
2721 3395
25 150
890 2636
4921 3141
1060 1747
4781 2384
2044 4830
2478 1273
4426 3444
616 1682
4685 3239
1117 1386
423 396
3656 1466
2425 1016
1357 857
2097 1233
4432 1950
1532 4070
1811 4871
2499 4092
2219 279
4867 3619
4223 1870
1776 4106
4885 2702
2350 1586
4475 4486
1781 2565
3074 966
4247 4272
4834 2105
4419 724
1623 2578
683 3522
25 1975
4763 1455
3119 150
1712 2328
3283 4937
3364 2755
3251 4304
2868 2999
4326 2928
3972 630
3670 415
4194 1052
3974 3830
3528 1061
987 1568
801 4587
1185 4220
1736 3473
3526 4063
3423 732
1981 490
3823 2245
3470 4339
2594 851
3612 4863
2214 4248
2486 3995
1248 2826
2808 3952
1894 1741
1901 45
3722 4234
4819 4912
2278 1301
3789 1204
2623 4362
4733 1653
3257 1559
3622 4225
4854 4482
1586 484
3270 1095
2295 1082
3230 2731
3846 1223
3498 4788
4720 1100
4029 2114
363 1678
4569 937
1164 3625
4018 1623
72 4462
4591 3623
125 3383
763 450
1776 2358
3343 4383
1816 1809
2660 1531
1406 459
649 4277
839 3829
859 2109
2890 2963
2384 2667
4500 2603
3835 2358
399 3140
3148 1066
4069 705
4002 1997
2303 1174
369 679
2233 3702
1445 501
13 3358
2640 309
3988 3544
1621 2262
502 4029
1464 3369
1359 4134
2277 3421
852 1249
3321 4436
131 3855
3455 4046
2195 1286
2330 4178
690 2459
2991 1641
1150 4616
4285 96
3768 715
4408 4954
671 204
815 1989
4890 2783
59 2633
3219 3665
1535 249
3208 965
4289 2036
1246 3353
1158 214
3957 4212
4497 3131
3994 3417
999 860
3446 2362
4372 212
1838 4299
928 1418
4296 2156
3130 2283
233 2866
2498 1208
3448 4949
3783 17
353 2767
1282 4711
1723 753
3305 2274
4652 3857
198 3575
109 4010
3661 3905
2726 234
3417 4413
109 3858
2423 3230
2098 872
674 50
4399 878
426 3635
507 2628
3408 629
660 3322
4536 1971
4926 2569
2979 435
3359 2728
3638 4569
3484 4763
4980 714
993 35
282 2058
2804 2444
3404 3713
4454 4114
743 4611
2835 4580
571 159
1108 2226
740 842
535 3584
4370 4737
3162 4026
4920 3453
1262 3492
1900 419
2271 1338
1570 1362
4972 3219
479 1061
2276 4795
2541 3486
4090 593
497 4308
4378 289
4997 2432
3210 2559
4023 1200
559 1441
1476 607
747 32
2813 2946
805 4232
4653 1964
347 643
3342 429
2819 4268
3553 600
477 4880
4173 932
2011 2867
1197 3155
1777 585
4378 1041
3919 2719
3612 4839
4688 265
3645 4335
2330 824
3749 516
3684 663
2975 745
4316 3893
2020 1812
4866 2247
517 2457
397 250
3055 4129
513 4700
4304 2606
2460 1194
730 3595
1463 2093
1324 174
833 3420
3180 1924
4912 1440
1699 967
342 4529
1272 200
3561 2058
2136 550
2264 4766
1927 4439
2359 459
1899 2318
2056 1297
1868 4428
584 547
1667 4418
2889 703
2040 503
225 4768
992 1749
3646 145
1781 2048
1583 471
2881 1146
2152 2039
274 2633
1839 3976
3214 2745
4581 622
4466 720
1327 3247
1756 1383
2191 4544
853 1629
1951 3224
255 1156
3238 1489
1500 4183
3068 4207
2528 1670
2474 2373
1164 1753
774 3354
2571 3248
3986 2751
241 2670
974 2407
498 2344
415 140
1534 1067
3775 1642
2971 1102
4452 1732
4251 1019
4176 3154
130 4791
3215 3718
4797 1617
694 3228
3860 1491
1565 2649
1113 3483
2028 1099
3009 2483
2552 275
1266 1539
622 147
2800 3811
3436 1613
441 788
2571 1301
1823 1284
256 930
216 3949
4849 737
2653 3269
4851 1095
1277 78
4706 3369
1336 3042
4117 1348
4008 4619
3015 433
3008 3810
1500 2174
3305 4032
3554 2974
4560 4330
3304 1852
3817 3481
3996 3992
468 1270
1354 3051
2269 1084
3705 4064
1893 4184
3064 2808
3844 3452
4127 294
1098 3530
1657 1477
2743 4761
461 1368
4793 812
3313 299
1907 1106
2304 804
4101 3844
3676 2431
3331 611
4639 410
2637 1480
3985 3373
730 4185
2398 1075
3265 3037
4155 3978
624 771
4086 625
2230 582
2487 4816
1366 2437
828 698
4275 325
3459 3095
4022 1762
4282 2160
2708 342
4843 2447
2424 2293
73 42
1071 4491
2529 1170
3044 4673
370 1978
944 2115
273 2898
1299 4499
330 1403
2884 3166
3275 4967
1389 75
3296 4147
2491 3980
2333 3938
1704 2858
3676 2440
3999 4063
177 3368
2443 2934
4385 320
3700 1097
4535 2981
728 4034
2624 3830
1167 4707
1918 729
2078 1122
1386 1265
134 1650
2613 631
500 4406
763 1716
4152 3641
2782 725
1190 91
2546 3052
4608 1562
424 170
4822 4353
1015 4669
3118 1850
1309 4022
1390 3682
3396 1613
4386 608
4672 185
437 361
1785 4999
826 3845
1049 3409
2227 3536
2551 2184
4739 3827
57 4319
2816 1469
1975 3580
4310 1517
1567 1462
4765 1056
1822 3419
4374 162
1365 4396
814 306
4229 785
2236 18
2055 1405
4965 898
4051 2568
4917 875
4344 3317
885 2983
427 4674
129 4758
2045 4153
66 4455
3505 3011
359 227
4227 1136
2947 1787
301 2944
2665 4351
4663 2590
2120 3027
180 1241
4429 2846
2695 2580
1029 3537
3709 1703
3100 771
642 3136
3667 3852
4638 591
2029 2084
2803 2953
3165 1846
579 2125
5 4046
3015 2050
221 1717
298 4665
2221 3510
2180 1437
3351 2353
910 3885
1416 1928
3627 270
460 4132
2938 4054
4242 1662
124 2463
4431 4351
1466 38
642 56
3443 3291
4712 3490
3943 340
7 1204
4544 3020
377 1003
390 3608
4392 2242
1103 2155
2351 632
4476 4665
233 3093
3743 2607
3381 3025
1584 786
451 3854
1964 551
484 3565
3159 1088
2547 3189
4681 844
1284 2507
468 1554
3540 3701
884 2394
3376 3076
2191 1760
101 364
3145 4552
389 22
2087 2998
314 557
4048 4438
3975 2266
1288 2905
4431 4033
1888 2970
3512 369
712 4637
762 2240
4130 2408
1287 3686
3 3934
4697 1652
1002 3737
3512 2924
791 2674
1802 1496
3945 2188
1265 1222
112 4205
705 1358
2853 4539
4986 2071
1398 316
1709 563
2536 58
4455 172
4678 2375
4149 2303
1905 3647
614 1976
3464 2727
1346 3413
383 1984
2407 4291
4916 2010
3968 49
552 1748
4490 3840
2579 1329
3621 1905
3386 4165
4846 1391
1639 3339
478 3243
1322 108
2618 3513
4003 1133
3375 4104
1356 519
52 1673
4230 2971
129 4765
2893 3891
2301 2057
1772 4198
2429 1696
3060 185
973 414
3614 936
4035 2345
4857 1289
2688 4894
1465 4673
4721 483
3285 1485
458 961
4115 1119
283 4042
4350 1726
3374 597
2614 579
4568 4023
4602 2172
744 893
4408 2363
2604 2812
246 3923
4900 84
1312 3307
287 1929
1220 4193
2315 1747
1986 3925
3264 1875
1033 4935
615 2205
1541 79
3186 4410
1268 3023
1192 1030
656 3258
4573 4121
54 4649
1330 1959
626 547
888 2837
1001 2892
1820 4898
3312 3019
1245 416
2139 4726
4806 4992
2698 4951
1101 270
2663 4983
1005 2502
4584 2784
1815 2067
713 1153
2121 341
3301 1116
2875 4474
4589 636
65 3785
1944 542
2041 2650
1960 2026
652 668
3860 4755
3314 891
4242 4727
496 3122
2660 4038
2690 1539
3529 4874
1468 2904
556 2781
82 4536
3171 4312
3438 1323
2514 2232
3356 2495
2465 2287
3660 246
1161 4253
1740 3657
3405 3156
2434 1654
3944 2452
3033 2777
5 2642
1743 1115
2866 4850
848 1123
2135 701
2902 2948
4010 3338
2464 2800
3400 3428
1534 4914
443 1490
2007 2693
4756 4256
3497 802
1733 548
4323 2193
305 3222
4020 1188
4752 2386
3477 2960
2101 4612
1929 2942
1076 4596
2944 2161
803 4857
3262 3253
4274 2872
2257 2845
966 480
1932 3410
2677 2023
3292 2275
1973 1198
3856 3035
3816 1397
2355 2675
1351 168
259 1198
2704 4103
2574 3287
3917 2167
4491 1275
1724 524
2034 3546
2165 1086
491 1260
628 3604
965 2146
4520 817
1226 4991
1886 3103
834 4976
1261 3136
81 4694
2705 1343
242 1766
2174 2761
2932 2912
2847 4753
2471 3117
3067 417
2341 3493
3489 333
589 1992
846 1660
2836 4307
1706 4567
3572 4523
482 3325
2786 4887
3808 4332
3746 1004
615 3447
4382 4405
1100 3360
4987 3460
2222 1607
4617 1937
2833 3500
3772 149
1640 788
4467 2561
2887 4613
269 3993
4105 4687
4163 2699
2511 325
1369 2935
1784 4170
4189 3911
4835 3659
2054 868
2118 1202
4632 4553
3320 3379
1220 3657
2869 1212
4643 1853
4496 4426
3923 4832
2147 4193
2980 2114
3568 4766
1240 3585
4574 764
4172 2107
2037 1087
1752 2710
2539 682
887 29
2349 3423
639 4512
952 956
4555 2544
3503 3947
3524 2105
3127 560
3319 4725
3823 169
1991 781
880 886
3331 4446
425 1965
1840 4723
4168 561
3814 1176
304 1646
1710 3265
4164 2022
189 2987
365 4269
3286 3463
1229 3224
4936 2508
3240 957
472 4591
1429 982
1836 390
4861 1230
769 3996
2280 1979
3161 4384
2028 1024
303 3613
2612 659
1876 3450
2135 3227
2112 2984
3514 2910
3514 225
1592 3266
4518 3290
799 863
4459 4944
2409 2433
1050 1681
3547 4550
4785 4701
3383 3936
2566 769
4499 888
3824 1163
-1
