10000 9965
9951 2511
2648 3489
4724 374
5704 9665
7176 1040
3994 2742
4023 6728
1159 3930
3279 3904
2955 5395
4655 9683
1240 2429
8270 2769
9050 7400
7706 5131
9651 6688
5688 3057
8985 4840
9401 2042
905 5855
8498 6956
1546 1564
2161 6023
7828 1817
4571 6832
1091 3155
9284 6168
3032 1969
5521 2242
5139 2731
204 4688
8107 339
5467 2300
7759 9389
6749 1548
7533 8938
2014 1563
2072 6192
2402 8790
4165 1758
5875 8415
9023 9673
6052 5574
127 7925
-1
4717 6429
4722 6508
1599 8597
4583 9814
5059 1548
5038 3713
9555 7537
6155 8905
9244 6323
5894 1196
9664 9141
1116 6412
8575 5488
3404 4727
706 4775
7766 8586
1311 4038
1120 3848
436 8159
1063 3593
7189 5331
3832 1339
2192 7667
46 9990
9887 6000
7692 2336
8541 3560
9927 9987
9920 8305
8986 6245
6414 8209
116 8294
7825 6457
500 9000
9392 7431
8335 7934
7335 2567
2245 935
6909 1072
4877 4659
3818 6228
9632 5515
9346 1664
7543 424
7874 2672
11 2381
8041 6557
2855 8959
1984 3543
6376 2132
1249 3577
7638 8983
157 1999
2165 8348
7829 3338
858 4244
7170 1104
9463 2575
5590 5929
682 6555
8016 6550
1173 4656
3977 5290
8593 1179
7301 5953
7409 6744
2039 6028
8272 3950
6958 4876
7178 2476
6948 957
9281 525
6369 1188
4561 9196
6837 8892
9685 5561
5118 1474
5880 5558
7253 2525
3205 4958
3800 5947
6366 6889
2772 8863
2280 3577
8373 5951
7489 6988
2231 2651
8547 1478
3390 6674
8653 9882
1732 6176
9443 8936
3974 627
6986 7387
6462 4321
4527 8559
4147 5433
6341 308
7080 6171
5661 4551
469 4159
4337 7329
2887 4431
158 7849
6776 1003
4420 8459
9953 9643
4260 2596
6790 7994
5326 5657
3833 9796
2297 2987
8380 3171
9389 1709
5759 7002
6664 276
8070 3947
2357 4255
2018 5979
8887 213
2846 3452
451 4567
8721 9404
-1
3341 5025
838 9500
3966 4570
6489 1828
3074 7593
9715 7040
8548 4882
3579 9512
1377 2202
8767 5770
2201 7447
4415 5563
654 4013
5714 2545
2449 845
7319 9028
3862 7524
5516 8039
3101 8998
4382 6677
1176 3825
4458 1798
5291 9189
3475 3618
1512 529
9745 4258
3182 5736
6355 268
9354 4909
6059 908
9449 2941
6667 8332
4924 1773
9195 6063
4317 1779
9335 3500
1941 3895
2886 1435
8129 3753
3157 7821
6500 9057
7621 147
462 387
4381 4287
636 3409
5484 5031
709 9489
2649 7128
4313 7004
6342 8788
5498 8114
2330 9775
8241 6665
8681 9355
7297 7249
2556 4018
5868 2098
4856 4869
7459 7087
9178 8389
3404 4478
3325 4608
8177 2306
9786 102
4783 4490
1882 6309
9370 89
5168 6597
8951 2389
3997 2392
1274 5785
7916 3434
357 2581
5284 8630
2390 9288
1178 8688
6112 9183
7469 6968
4449 6285
6793 8833
3173 9328
8154 776
6898 1815
1602 9468
6276 599
4539 1544
8645 2351
7861 7465
4369 4264
5520 5617
7167 7323
915 1411
6805 1474
6202 8039
9618 8804
2063 7180
4342 6520
7477 4721
9393 7208
8188 8080
65 3412
1173 9971
7649 7301
6561 8744
8964 3776
7834 4437
7888 5802
8513 3802
125 7136
63 8633
5129 1284
9 1081
8240 9521
7254 1998
1254 9998
4829 2446
722 3096
5620 6016
1759 261
-1
356 7254
3965 1631
2086 0
8426 8063
6173 4401
9322 7684
3705 4647
1418 4520
80 8504
1030 4748
3015 2426
3111 9116
3069 3243
8781 1240
3825 3194
3953 8429
3334 5452
9985 177
6460 7839
1783 6273
3388 367
7031 3567
3100 2609
7296 5174
4325 119
4661 5066
7231 7756
448 1913
3847 2703
7989 4942
3940 8374
5592 4477
4870 7569
4534 3215
6114 3306
1919 97
7642 2675
2109 8598
7150 6851
61 118
5532 4014
6337 8598
2137 9668
970 6305
7444 3286
2834 4872
9291 3597
9319 7427
9339 2707
6426 8877
2602 3844
6067 8195
1638 4261
1495 8743
4129 1704
8940 5551
4279 9981
69 3951
7356 3999
7633 4176
7343 6049
9188 4805
2317 3884
4498 9381
9401 1706
817 5045
7350 6213
8979 4934
140 5372
8297 5942
2521 8673
3698 6737
4967 6964
574 2867
2312 3890
4437 8729
9357 3597
2101 708
4993 1717
8442 9498
4069 6451
7308 3773
7063 8211
6547 6727
2788 1527
6864 3861
4935 1251
4113 5639
837 5092
5582 7567
9157 781
3857 287
2384 4601
9491 8910
5206 3830
6657 9735
8461 3918
6035 9578
1189 8596
9019 6754
6265 2901
7429 5208
5004 3533
5716 9336
6932 4324
8724 8854
6077 2205
1450 9168
9289 9589
5040 6716
5299 7646
4811 6727
8963 952
132 9921
2505 764
6935 2329
7273 755
-1
2216 6937
2561 5539
1792 6620
1650 2871
2035 3514
7420 1844
9916 6715
2022 4309
8757 7186
746 6486
5801 7592
8709 661
8940 2905
8900 9352
5865 4720
9277 868
4755 2455
8418 5839
396 7553
3935 6460
9507 5163
1549 4093
8051 5241
7089 9912
1130 8012
6322 9176
1473 8679
7501 1826
8604 2040
-1
1085 9103
5978 6712
1385 1259
1431 2010
9977 6068
2997 9226
9455 3990
7867 1397
4871 92
4022 6440
4918 3457
6461 8419
1617 5258
4576 9930
4859 2540
4940 8959
2979 9474
7922 8460
971 3032
6369 2907
2126 7854
6842 9949
8323 614
1457 4791
4729 1124
2952 7571
6086 7241
6494 8470
929 7982
8408 6015
2049 7215
7490 2910
8239 4933
9348 7650
3854 8269
1171 3204
6122 1132
4445 3935
1097 2150
1434 2586
7902 8174
9068 3807
7013 8243
9413 3663
3914 1995
7226 3860
2331 7092
3706 882
1089 8608
363 9092
6299 5522
9364 3431
4696 9322
1417 2280
4766 9654
898 9647
5381 7003
4621 9976
6814 5861
834 4020
2092 2898
5295 7316
8800 5567
5743 7051
560 7066
6091 4449
1044 4715
1445 7707
6808 5765
8408 5366
1247 1127
4374 9413
2398 5146
8930 5952
8207 305
4368 1752
3853 3044
318 2752
1614 7889
916 2355
3556 8801
5072 4145
6891 7980
5546 200
2133 5645
7348 4234
8202 5117
2478 6497
8575 213
6174 7351
2842 7359
8915 8555
1730 8729
4774 6436
2175 7274
3362 3791
65 7658
5033 5739
8078 8445
5889 9895
7668 4269
8573 8330
2410 6132
9583 1685
538 2383
-1
7620 5412
1043 9026
222 4418
6182 7633
9843 646
2249 3423
815 1234
6437 6011
9133 6269
4994 5950
1520 1668
3155 7520
208 3998
309 6358
9015 9675
9649 2936
961 5419
9063 4673
5511 5255
1324 9317
5199 9453
1223 9998
7927 7057
1601 6673
2171 1276
4367 8118
7645 7625
4452 6314
8907 9006
7749 3066
6075 3006
8827 2253
1133 5446
172 8793
8683 9087
3318 525
467 2762
1489 7012
2528 8121
7205 2267
1317 536
9869 6571
8657 1165
7847 5721
1239 8084
2710 9321
214 4097
4497 1119
4506 6512
4630 7879
7205 7292
8476 7656
7045 3693
1631 7163
2352 3364
9779 8543
715 6081
5701 8705
6669 1835
3272 6402
1500 5165
444 1578
9836 103
8965 9258
8324 6910
6151 6401
7640 6206
5888 9754
574 5327
7744 1905
-1
9864 3856
9022 4716
1147 9839
6268 5222
8455 5466
3108 5989
1514 2588
5023 6045
1349 4701
9765 6256
5876 8952
5140 1972
620 8387
6078 820
9122 1634
5668 1005
7944 8818
8642 4618
2026 8768
9794 642
9748 1565
5148 410
6006 3428
8267 334
8276 7070
2533 5479
4950 3734
4609 5864
2551 7206
9242 9278
2940 7133
6094 92
1523 8961
7391 6470
2474 2438
3340 2461
2038 8518
940 3376
5512 8322
465 6570
7696 8605
6211 3448
4989 6203
1128 5470
420 7801
7580 5241
8041 4463
9985 4539
9094 6733
6361 2230
235 185
2443 7521
2149 4885
3312 340
7411 7202
3050 9149
1812 5853
8393 838
8758 8410
4326 9558
5357 3771
9346 7033
5185 2907
8443 3449
9172 3406
644 7892
8650 8753
4845 9893
6016 8795
4110 7326
6536 7544
1956 4701
3254 7117
8180 9280
5059 2154
-1
5404 4990
9229 417
8356 5176
6868 1125
7880 5229
3812 6843
6839 3105
597 7538
6437 5219
3266 8136
9551 5308
7263 652
1672 6403
342 4762
920 280
9305 9713
2859 8161
9227 8573
4125 6017
632 9467
3690 485
3486 2843
819 5334
6804 5444
7312 1708
480 2260
4640 8182
5709 5680
5571 9301
9880 6110
4412 3073
918 3344
9991 8415
9010 8800
6054 802
6706 7159
4078 9641
4997 7576
2845 1045
1490 7741
3557 6693
9265 6980
4825 4558
1215 4529
483 5695
9180 4756
3780 8709
3991 1180
1358 6580
2536 9700
3361 7168
1258 4469
4866 5110
9586 2513
2208 3391
1801 7358
494 9650
193 8476
9634 7064
6259 7950
7666 2353
1348 3399
9548 2371
6781 1689
9344 9143
1621 8629
2245 8743
7611 9446
6073 9174
5355 9630
1481 2767
2766 8755
6712 5613
3010 6571
1526 9642
5031 2963
3548 2270
4525 3586
7257 8813
9396 9516
8520 7325
1994 9905
5958 1874
4787 3135
1246 9825
5246 2382
9866 2883
7262 8753
7893 7109
1315 8089
731 1477
2403 5341
3007 9140
3728 5126
4553 8011
1201 3991
6339 8742
9118 3273
124 8400
719 1102
761 5071
7855 4867
1851 1476
1609 9568
5481 138
3772 1095
9273 4590
1453 232
5142 4672
3030 3052
4559 7001
2176 1306
7599 6398
9805 9080
3480 7388
6375 3033
9046 6993
6802 4801
8249 9993
67 841
6001 6408
1782 4182
3014 9564
9807 9205
9206 8219
6517 8995
7508 3274
4019 5202
6140 1222
6240 7139
7117 9260
8765 6568
6519 2119
5447 7416
9680 3591
8411 1502
967 8057
4506 4104
5815 6684
1103 3103
8365 386
5424 5927
9058 3089
8506 7665
7872 5352
433 8660
8514 148
3214 1561
633 7624
8118 9743
4035 1028
2506 9809
7141 2639
3873 2228
9016 7578
5123 7330
8924 8038
1383 6295
275 6557
951 3163
234 7321
8960 673
8151 523
7890 4722
9506 2176
3360 7022
9511 851
4440 4841
2943 6101
8297 3930
9048 9339
6166 3177
2434 2491
6714 9014
4559 309
6626 2220
4197 9099
8094 5921
83 3972
8346 8186
9766 4114
1294 1740
5074 1111
6819 3058
1642 2820
8647 7461
4357 1776
6152 3764
422 6942
5839 1568
6386 9175
62 656
6984 3262
2509 7073
3767 6387
4102 1061
9097 534
1376 5959
8802 1652
4569 2903
755 5040
7184 7424
288 1045
6160 2994
6057 3124
3570 2224
9460 1334
4947 9610
4513 6200
6107 8580
8702 1243
9706 8569
641 5197
6448 7940
3316 5330
5503 1937
6248 9858
399 191
8921 134
6291 4622
6884 1308
4978 8838
2127 4597
2096 2767
8748 523
3158 8091
8702 9312
1238 3234
5296 3251
6090 4800
9106 5461
9737 7046
9741 6312
3051 295
-1
8097 3709
6689 6100
2020 8364
6854 1321
4828 836
8146 9718
1721 2283
4400 2719
1259 3491
4061 579
8974 6849
7572 7788
7118 8200
9115 3315
7194 6659
9396 8156
8810 3868
5874 5372
8424 9834
435 4533
9020 2358
3778 7602
-1
6212 7267
2342 8752
19 4651
7662 5451
2450 3797
3745 9827
6786 9200
7972 4948
834 9509
5519 1961
9756 3394
6399 8228
-1
5791 8602
8797 4606
8436 2213
8466 271
142 235
1719 9983
6005 2315
4456 2703
6704 8074
8258 4913
647 1235
4488 3634
9791 8143
9185 7814
3674 5828
2180 2366
5860 2308
2943 6758
6397 517
1547 6618
2863 4309
2381 9506
5548 4911
960 4564
2115 8245
3214 3050
8912 9650
2117 9141
622 5293
3237 8464
9395 1775
9372 6212
5459 4371
1806 4483
1963 5058
6769 3718
6000 1354
8173 4240
9999 8002
1975 9250
8320 2747
4331 2306
6394 2704
7310 2884
5901 601
9976 4203
5418 2694
3599 7601
55 1730
7024 903
3953 8805
7155 5264
726 1636
2081 730
867 8960
1921 6007
9248 4864
6810 9378
2079 40
5544 4299
8518 2350
1087 7942
5992 7682
7116 1918
6043 5730
1541 1999
7798 3637
4367 1054
7995 5203
2187 2283
3042 442
9419 3676
5027 520
8659 9508
4292 1599
2755 8328
6468 134
52 9070
9984 4072
3413 4902
300 3582
4164 7964
4365 8482
2376 7165
6159 1024
702 2273
2312 7512
5349 4017
8350 8829
5909 5721
6595 577
783 3791
5711 7704
7878 1701
2524 8614
1893 5934
6312 8821
4168 1237
6033 5804
2518 6279
45 7602
8934 8026
8997 3626
230 5293
2818 1885
3078 9559
6461 212
3327 9897
667 444
2473 7727
1144 4251
1145 24
934 9064
9400 345
6502 7259
3532 5345
6628 6743
4035 2530
3226 8570
5190 3520
3689 2592
357 9909
1148 4862
6432 8321
9530 9131
790 4223
4897 8763
2322 4594
9853 8716
2615 1241
4659 5731
5239 9503
4438 2821
5101 1934
4359 9745
1996 9993
328 271
7653 6651
2472 2509
9799 7593
5348 9038
2915 7609
3335 9040
2157 3625
9222 742
68 478
1502 9691
8037 7422
4146 3212
1484 7478
407 1568
2515 8784
2355 1984
3536 9491
5849 3978
4933 919
2334 1401
473 8009
5081 6536
705 8561
8328 4743
733 931
7677 707
7535 8161
9907 6151
8203 9357
3218 5832
3845 8797
6297 5370
-1
6293 8567
8644 4574
4242 5602
8538 4707
4252 8030
2150 7487
6108 6233
5098 8511
2976 9838
6034 2983
9561 3526
2622 8843
2866 8793
21 9698
6843 1357
120 253
5163 2410
2409 2757
8035 4836
1134 4648
9254 1283
5574 4028
1439 9535
1634 1772
2318 210
9768 9299
7518 408
5492 9518
7063 4906
9494 8319
6471 9514
6876 4567
5852 977
9033 575
3152 9804
3276 1215
2044 1825
1521 6819
1860 2372
150 1639
713 9657
3786 5723
8852 9624
8673 6067
3166 3212
4577 1464
7560 6193
3501 3263
8517 3020
4895 2099
3968 4505
4389 4031
7186 3004
8586 6173
1448 8980
3866 9016
6660 1881
3139 5068
8687 2055
7697 6414
5517 5691
7405 5703
6363 6021
1697 3183
260 7480
8104 3260
-1
7561 117
3456 5945
8483 8122
7845 3354
5543 1678
8609 336
4005 4650
1693 7705
5402 2794
1375 1944
110 5047
3981 8839
5037 4464
6683 5041
2724 4482
7828 1575
6329 9515
5297 8582
3717 3719
1871 1150
1417 3928
6433 3247
3406 5756
6059 2597
5297 4555
198 331
1635 849
1004 6
3076 2953
1361 7738
852 1594
8224 4665
2828 7361
5011 8495
9929 3239
2697 7507
4760 496
395 3130
5878 9149
3074 8309
137 909
2024 3440
7925 6829
4225 1021
3494 101
9379 3653
30 7032
9655 1166
9533 989
1014 6818
6771 5576
5549 3258
2637 111
7228 9177
1226 1663
26 1978
6443 8851
3265 5942
6583 1129
-1
2013 8991
919 4725
981 6280
75 386
4803 2161
4493 5244
6141 1566
196 3576
9148 413
1872 2619
7872 4465
815 4162
4960 8903
9242 7861
2793 3502
6321 5296
4189 6277
9256 2598
6971 6990
7394 6734
5822 1211
4314 3939
5877 5416
1370 558
2159 5961
4564 7580
2423 7915
9695 8288
303 6359
2870 2229
6426 8050
1925 5539
6128 9892
1495 1035
8563 1824
3125 6324
5488 8170
7898 7567
527 7851
6691 4314
8846 2653
9943 576
4538 3216
606 2147
7146 284
426 4522
1119 1222
5235 1425
5863 4186
8276 9189
5530 214
3154 7419
4023 8141
959 512
2732 3466
-1
8184 6509
5763 4626
8113 644
1085 3294
9216 1699
7875 1182
7560 1248
3288 5994
93 1342
1716 7087
1298 7664
9343 108
8966 6836
593 2613
2225 1083
6473 5578
4420 404
341 624
6040 5020
2186 7516
4681 7300
407 4391
2534 9202
9971 6808
5818 7601
4951 2926
8926 953
2208 242
2560 4315
3724 1945
8477 2687
9035 9448
109 1968
289 2499
8844 1700
34 3376
3982 4794
7643 3358
286 1231
8609 5014
1006 3813
6050 2473
2792 745
9548 1523
7362 42
9652 8409
8486 4562
-1
3904 8979
5384 1662
2504 6534
2696 2267
5064 2809
9510 658
4134 5145
1475 11
4053 2032
2056 2445
2050 8872
1584 3708
4498 5916
78 608
9562 5108
7318 1090
4266 1198
9085 2706
3087 4032
6629 3
4288 5819
8179 1070
1360 9485
2420 7819
6099 1908
5540 1810
9334 8680
4458 6317
3101 6543
2340 8337
2495 4408
5990 5859
3831 7406
5616 5360
719 9767
9466 5199
8358 7082
5596 6013
6860 1923
1946 2544
9519 2595
5024 1771
7415 4972
8994 2400
5383 6313
6578 3629
7805 4654
1611 7745
-1
8630 2110
206 6753
6053 3283
3017 498
8511 1411
934 7860
1637 2000
2952 6654
2411 7856
432 6280
9675 7392
7970 2755
8623 559
8956 5981
8594 2268
6455 2991
2247 8397
2121 3471
3259 7859
9173 9455
9076 1230
5600 1711
6927 1466
9813 7792
5742 676
1406 3902
6562 6731
9811 4571
2929 7782
8033 1560
1735 9464
6142 2026
5788 8400
2638 1163
7016 6438
3512 7247
6714 9492
2691 6290
1880 8055
928 4174
4147 5116
2830 358
4329 1421
9081 5061
3210 1482
4691 9403
2874 2401
7738 1466
2466 2324
8116 266
9591 9067
2123 1470
9956 3946
4654 2857
9263 1749
6029 990
8905 962
4143 3392
9219 7417
8933 3198
3650 9696
500 7054
6782 9771
4942 4052
3031 2582
3755 732
7439 8763
3043 2877
1715 1778
3550 9449
9690 2351
4227 3555
9318 8088
6410 9936
8881 7337
4706 9799
8723 391
9205 4119
2739 8896
186 1861
6229 8899
6654 5087
4291 6522
5684 3793
7584 1982
5365 6356
8631 6737
3465 8761
4865 3107
778 1657
4667 5982
5725 1492
3964 6551
103 3353
933 3895
7815 865
7972 2496
2417 4682
4282 9915
4254 4263
7846 829
5683 3182
2390 7048
2232 7119
9936 8275
2771 3056
6183 8944
1841 7773
6442 8891
7731 4825
9307 5631
2295 3345
3338 647
5068 9919
7563 4307
9823 4925
3984 3521
7778 8608
7079 5827
8413 455
1455 6660
3524 9889
4598 1892
1516 1050
1157 9356
5513 329
1722 1160
6227 3125
3291 4569
-1
5741 5918
534 4837
2289 4034
3832 9708
3171 4053
7785 1169
6029 7591
2562 372
7073 3615
3914 8676
7529 74
9527 482
7509 879
197 8281
8734 9772
6263 5205
7286 3394
282 8733
5029 6964
7835 6448
-1
2625 9894
6645 8249
2354 1253
7078 3524
6959 7101
8125 7253
1257 5048
8534 5752
5187 3083
5065 7644
5782 8942
402 5069
4759 3078
513 3611
4116 9499
7568 7793
6427 1175
6070 7178
4435 8083
7523 2652
2563 3241
2299 2750
9274 4806
5469 3666
3064 8888
3123 7835
2284 4422
7484 5643
7834 439
685 7866
6901 5322
9175 851
569 9418
9261 3760
870 6516
2789 2798
6450 5640
8721 1182
921 3846
6970 4416
6661 6730
3042 9108
6961 4109
9330 6997
220 3224
9992 7728
1997 2152
6480 5035
6950 6962
3280 9628
3640 5894
3772 8000
2916 4319
4054 5392
7114 6161
5099 6184
6888 190
3801 1687
2815 4173
6944 4776
5541 6948
3583 753
6119 3735
7587 7605
7513 6636
2320 2580
4340 4980
9025 4826
3363 9826
9093 7657
6325 398
3451 9726
8072 2485
2405 7562
6098 3671
5224 8700
8655 4814
9340 5881
70 206
5215 9911
999 5865
310 3959
4865 1734
4565 1693
349 5882
4270 9838
4375 4859
7549 4766
3106 1229
2685 990
6549 8416
3796 2199
967 9012
801 7398
3912 8155
4474 7753
8079 7120
6849 7277
1493 8438
-1
3563 5582
2888 750
3643 8019
9315 2121
1260 8685
6181 7945
4228 9608
1029 5166
370 7386
371 9210
7008 9471
7258 9495
7381 9250
3260 5670
8846 9089
1488 3695
9132 1264
2550 3529
991 9187
6229 1818
2601 1108
5202 2549
6295 2543
3572 9597
8354 2323
5496 6405
6599 2538
5093 1876
3056 1868
5269 7179
7596 1499
4125 3454
1462 1484
6093 5937
2088 9235
8969 5638
460 9778
6225 7344
5870 29
381 3565
4710 1082
2252 689
8122 2663
4134 9680
5689 3743
824 6721
269 2344
8934 5193
1076 2475
8931 8973
6850 3130
772 1404
3110 8171
4373 6768
8071 1383
9576 8571
7291 3881
9225 9406
9554 2486
5813 1615
4101 2574
9287 5292
5362 8760
8829 5274
-1
5773 3336
8 7131
2833 8021
4089 1269
9757 7957
5228 3865
3137 4281
608 7208
5472 8740
9981 7777
710 773
3827 4283
8024 2077
7660 6670
2608 8345
2092 2812
9616 7961
5236 9142
8097 3713
8544 162
7880 4565
4454 4885
9763 1340
2922 9603
2632 5881
2615 6872
6335 4836
190 867
3839 6247
1785 270
5506 7278
4440 4063
4693 9407
4451 7437
1751 9264
4846 4414
3621 364
2361 5009
5237 7137
672 8813
4195 599
7389 6542
7270 3237
8220 7955
9996 2704
5192 6046
9084 7376
2252 4345
8475 5573
7262 7159
1225 612
106 7956
3228 2789
1725 8178
5165 1791
2068 9333
1915 2095
4096 7357
4755 1366
2951 1148
358 6785
6202 618
3181 3439
1534 4267
5637 8457
7067 1629
9146 8064
6502 4728
5186 9428
8377 8759
9166 8964
3865 2722
6621 487
4026 2756
1203 8916
-1
2022 5025
1976 6830
565 4954
8437 4149
3616 4384
2047 1326
5247 1997
5779 3967
7042 8738
6777 5485
6389 9274
9068 2011
8641 5646
6851 5627
4927 9581
3701 3527
2397 5443
2976 6272
7071 7754
4817 4608
5117 1426
1739 6778
2895 7027
1315 2382
6647 7889
8591 1658
3310 4412
9059 9604
2177 621
6845 3561
6894 6648
7535 8776
6360 9576
1960 9365
7452 9200
2492 6137
8132 9290
33 2080
5422 6458
2531 489
352 8667
7230 7551
6335 2413
600 9426
9471 2111
6543 4850
2359 3925
8121 5816
77 2007
619 8976
7489 922
6885 1341
6033 3695
5766 5490
684 1949
3195 7010
8225 1465
418 8227
6300 3647
9137 1415
4431 5670
5913 9788
7912 4124
6313 6641
77 498
2524 6966
4603 6014
7566 5
7304 1613
4407 5977
7432 2867
4858 164
8369 8712
6740 9672
9733 6999
7632 5492
1467 8449
7295 6548
5605 1160
9490 5782
5620 5523
3421 9363
1677 9761
2749 5864
479 3592
1180 7223
8338 9011
4638 8166
2593 785
791 9047
7913 7349
4968 1992
3190 3461
1924 18
2551 4510
75 782
9162 3751
2776 6484
3049 4877
965 5833
3800 7654
5938 1763
447 8741
731 926
6617 4358
4273 8065
5943 6201
7161 5597
95 5505
2776 5897
6941 3436
5295 2347
8314 6601
6985 4113
1267 3645
5489 6816
4206 233
8588 9904
7541 6763
3090 8930
248 4598
4077 7990
7379 504
1289 1635
4943 4268
2412 8778
314 8735
3136 278
3390 365
5758 6594
7481 9136
9865 8593
7336 2445
9792 3016
881 1287
3352 9934
155 2333
1452 5254
1778 7315
7010 809
3178 7210
2212 5299
1362 7238
5308 1650
9470 3347
4016 5809
7202 8043
2251 8613
2658 9826
6343 1089
2109 5976
188 4511
3959 8024
1566 5321
6697 4303
5125 9100
8658 5439
1413 6148
7113 13
1802 1860
643 2841
9878 5599
7225 1729
6858 7817
5928 1022
3495 3072
9319 5764
7448 6328
2947 6147
6063 7579
6667 4407
1074 5715
8803 6914
7652 5812
9097 5391
2584 1805
6244 6143
9377 4460
3979 7326
2272 4263
1536 9071
7441 3869
4680 2913
1939 7199
7951 9443
8485 8049
8204 3204
1265 4892
592 15
1749 6154
316 871
2902 695
6152 8927
8178 785
5206 189
5595 6133
5252 6809
8032 5891
7311 1217
3320 5313
5586 1058
2311 7176
1260 383
4819 332
7618 2638
2804 6756
660 5651
3540 8126
3039 5948
5807 8647
4796 267
5383 1158
1665 3745
8317 8306
7426 2466
7494 7740
4502 3698
3339 3350
7297 5394
4566 5660
2178 4710
1988 441
6525 3203
2800 1332
9532 1799
9913 7585
7197 3641
1447 1438
9280 9973
6189 4179
1866 9594
568 6493
7711 5572
2814 8845
2894 4697
5776 2258
7219 9442
5138 5912
9450 6423
2120 1842
4824 2581
652 648
5760 1745
5796 8310
6834 3749
5690 6695
7377 7978
9701 273
7533 663
8809 5388
5426 2837
8487 1630
8504 4064
521 3811
1815 4554
5013 1722
466 675
8866 3220
1931 9913
8465 2236
1501 2748
4791 7924
1015 5992
3159 937
9169 8564
8062 2668
1542 8153
2579 9832
3073 5411
5806 207
1082 3807
4003 7111
2893 4068
2610 2814
7734 6114
5319 9265
-1
1532 3122
8851 5732
9031 594
2670 2617
5978 8832
478 8664
9786 3277
8772 7162
5580 6215
8090 6745
1416 3728
6492 3139
7428 2868
182 5194
7770 3911
9264 1056
7785 6509
6365 5112
225 2879
6099 389
6838 2159
3378 3002
4560 9128
3564 8796
7360 2099
5178 3370
1846 4107
1486 2909
7045 3165
325 7768
416 9607
9975 7309
9464 3949
9487 5021
2576 9931
5386 5235
8772 1552
9926 5218
1392 1410
9481 628
2980 9919
7090 8980
5858 668
6237 2558
9560 85
4986 317
113 7550
2727 6292
9551 4672
9129 6809
5651 1745
6013 4552
4419 2544
7046 9027
8527 1673
8552 4158
6699 2085
2278 8231
2672 9776
7786 1057
4540 2555
5260 2719
2779 7629
2481 6544
6600 9751
9995 6352
3426 1863
880 8446
8824 9349
6417 2428
2523 2923
7114 3541
7869 6733
5656 2030
6538 7158
5817 7659
6718 7681
626 3208
598 6933
9699 4430
4344 3010
8699 3454
2480 7703
1216 8556
1857 6817
8684 4434
5483 9541
2966 9073
5578 4406
4164 9246
966 3024
9662 4469
6607 5213
3656 2041
1335 4807
8119 7986
2412 9197
9135 5695
9982 8824
4583 6609
151 9752
894 2664
3252 2067
9569 9535
5143 2836
3079 5405
839 6774
8138 1895
9816 1288
9746 3184
8817 4524
9697 2604
5204 4771
5703 5134
2387 8859
5933 4966
8113 6757
9314 1167
3694 1446
3030 2982
1243 3192
1007 5619
-1
5903 7327
139 9574
8107 2772
2965 2256
21 6903
6361 8853
7451 4104
9708 8741
4098 1524
258 1947
5250 4246
8697 3181
4842 2622
7539 6257
4706 2696
6162 615
5315 6009
6490 8535
8764 8568
5375 2409
841 8619
692 3611
7607 6797
955 2079
7425 5846
1985 9345
9798 4899
8514 1728
159 3447
8633 4779
6239 2009
66 1434
5612 7066
6608 2990
5399 8464
6619 4494
3547 1503
1843 3806
4712 4404
3416 9537
7964 1136
2046 8856
3047 4535
1126 4620
2991 1740
5329 3723
2217 7526
2842 4079
2041 8791
7939 7803
5134 2697
7344 8465
6381 6095
4721 3541
4635 9484
1662 7938
869 3567
376 8305
2347 1399
2145 4079
4700 902
1171 8448
7647 1038
3474 3509
2564 9970
2680 6531
5959 9538
3426 6431
6523 4753
1517 6226
383 9124
3720 7750
2780 4260
5486 8263
2890 7011
3321 4932
5976 5388
4930 4229
2745 3540
7105 3164
36 4919
8994 9907
8937 1615
4641 8744
453 5867
9606 1121
5439 3661
5243 6511
2560 3487
3631 3118
9738 4191
9762 6863
4521 1011
8962 2144
2172 3441
8939 928
6089 4984
3878 8730
263 5200
8131 5249
1841 5692
6649 9159
9181 5147
3675 9960
4433 8241
3366 9822
9421 3657
7718 5169
2239 1043
8038 8444
5664 5311
4682 2198
2874 2451
3938 6076
5808 5209
1275 3400
9599 2859
7177 2832
5160 6641
3126 8746
6046 4254
891 9190
6467 4383
5826 9247
4364 1193
1372 1807
2988 6943
8649 5524
925 1654
1856 6164
9670 8924
8542 4742
5152 5707
4220 5802
1448 476
2710 1788
40 9036
1333 2186
3121 3686
6434 6692
7897 5271
6806 4525
8089 9697
6128 994
6882 1990
8348 5417
3896 8757
9600 5608
2229 7655
6106 337
1036 9933
5151 520
1682 8111
7706 5317
1482 7921
7352 887
6607 7175
5170 6300
4929 3227
8972 3492
6249 4095
869 7647
4055 5096
2612 5288
1387 1719
8462 9782
1078 9925
4823 8399
9007 3903
7014 2765
3135 6053
5493 47
2091 7153
5286 1927
329 9140
5717 3700
6362 1077
6600 2825
4352 3427
2346 9230
3217 1583
8073 1736
856 8006
9815 4041
4795 348
894 8871
7607 9215
3849 5570
661 5533
1623 3826
8455 7096
1804 1206
2885 8513
9358 8893
5834 1694
3587 2982
5924 1912
9759 8678
6302 4964
9358 1269
5105 968
7868 9428
1331 8416
2909 345
4142 9587
3344 7391
8120 6150
3682 29
1571 5664
4946 6761
2047 8017
9429 8745
4883 3602
6773 8381
4115 5178
7339 9869
900 8136
197 6563
1032 650
982 1291
5312 5006
2348 1430
3943 1348
1111 9472
8049 4006
6108 1143
3309 9819
9286 3912
9832 691
3759 5637
8316 5777
7836 677
9493 2380
104 8085
7680 7384
8581 1491
506 7818
9438 7407
7099 5214
1159 7787
2930 9233
3595 2175
4867 4259
9908 8858
3095 7750
6456 9482
3393 8993
2656 5
6662 1472
4742 9461
8176 7511
5671 8454
1327 7252
4015 2149
872 3819
912 1955
4185 8880
2884 9409
3557 2647
3737 5600
4810 3431
3770 7857
3309 4213
1420 3688
9556 7928
1337 7145
6175 5417
2654 2288
4027 7506
6246 9502
3176 2432
9562 4211
4692 2993
6118 7902
6698 7121
6254 463
3040 6689
7127 4532
5502 7362
6679 1605
4006 9883
365 7761
1833 9158
2335 1590
5144 3639
9398 7747
4873 4239
3175 6565
6528 4161
3413 5280
-1
216 6734
3783 2580
1435 4705
7057 8901
1355 7901
71 1402
6717 1115
202 6998
9461 1062
2937 5801
973 1660
4507 9474
7287 8841
1713 1649
253 6115
9927 2860
8152 6623
9834 6562
8532 2510
3321 2888
6602 3614
2698 8318
9167 3127
941 468
8135 6450
945 3882
-1
8201 4085
5601 8414
7717 3545
5672 1468
8291 4712
4956 4462
9161 6158
697 9344
3095 8360
5344 7056
1680 9513
3167 9462
5907 7355
9054 8463
2043 9218
8395 3365
1242 2968
3655 8209
846 1606
2608 9454
7634 4586
1117 2716
5879 6732
5872 1442
1986 5632
6157 7530
7149 1875
3871 9714
6862 1436
8780 9362
7256 1726
3677 481
2078 552
566 6945
7198 6840
9411 8102
6367 8695
4143 7496
7492 8385
811 832
9534 9269
918 5636
4297 9183
4781 5289
221 6223
4903 9139
844 8025
3022 9628
1878 1078
3065 7598
8811 6350
8552 9164
5783 8401
583 3921
7936 3221
-1
8674 6368
5671 7309
2978 3472
6976 2548
1802 1218
5051 720
7958 9377
4042 4643
3568 4518
3954 4830
4925 7221
3429 3737
7450 5340
3117 8663
4763 9702
3172 657
1591 5633
1399 5052
3645 8134
9148 9717
151 459
6970 6187
8565 7092
6072 4979
1945 9083
1646 4973
6945 4097
8388 7219
5233 1926
6497 9158
7105 9938
1893 8060
9508 5685
3280 9032
9447 3479
7402 6846
1987 9547
7201 8364
7064 2195
7269 7782
6710 6668
8715 4804
6873 539
1702 1862
393 6820
2481 5173
-1
5075 4190
1349 8627
8103 9159
6336 7336
6411 3220
7074 4045
976 4108
4935 5038
4167 6342
8051 2964
5537 3684
4817 6344
2427 3021
8028 8512
2187 6624
2383 5159
5189 1310
5770 0
5054 7746
2627 5911
7831 3223
5451 2463
3164 2065
8956 4856
9111 7436
4409 8879
9308 1765
5911 9835
1392 915
541 1443
9160 6930
4926 5634
1513 5886
311 1439
2314 8384
6501 6487
7207 7017
7242 3691
4627 7106
8280 1817
4400 7037
6513 2630
4627 1429
1223 159
4949 1369
8992 6882
6590 9220
1549 9656
1561 8443
2040 8332
1870 4339
5269 7169
5985 5963
9784 1557
2240 3403
6582 4645
249 2981
9069 828
4803 3153
4012 9762
1537 7565
3348 550
9285 9565
4245 7232
996 1098
1603 1539
7486 6400
1190 8808
5956 6434
3643 1633
3731 9198
557 9310
8020 9588
8423 2036
2462 1974
3464 4348
557 5423
7759 6127
5728 4043
9069 399
8106 8153
935 6404
5641 2123
9781 5954
2558 7424
1345 5755
2169 4175
3803 7498
4356 9302
6001 8652
9338 7369
8336 9434
7949 2786
7473 9154
7210 8088
1535 9331
879 9737
7302 1605
359 1871
2369 6640
746 621
4792 8137
2869 1067
7135 2242
9975 5230
2744 7272
2616 5974
9717 2567
5249 5523
9004 5983
6801 3913
5108 1051
7214 2226
7220 8076
4352 5263
4180 2660
9557 6524
1086 4482
3102 7846
7821 2086
4170 4663
7762 6383
7294 3986
7977 4543
3525 1661
2890 7841
4274 6927
2861 7797
750 6897
1919 4773
6539 8395
8654 6235
7806 7171
8595 2204
3168 5650
2651 3070
9966 4140
4813 6558
8353 5796
3822 9304
7059 8988
6870 2156
9575 2140
2585 6232
-1
4508 9687
8261 1583
8739 8308
3318 5150
2402 1531
9101 8242
1445 5263
7467 9315
5044 7322
2195 7363
470 3649
6410 431
9366 3186
396 3015
8554 6371
9138 447
6487 3089
1229 1741
8566 7134
1120 4402
3282 1901
5188 6051
8158 4837
5673 3432
5874 3225
863 7373
6978 9311
5622 753
7574 2404
304 147
3157 3169
8230 5302
3817 4600
1407 8895
1280 2539
8822 1990
2903 2385
740 7304
5841 3801
8059 1201
1867 1397
8941 1928
7320 9629
3516 9870
4372 7985
1965 5500
2731 9917
6850 8285
528 611
4208 9091
8277 9693
5575 3334
1727 362
3530 4410
7575 1437
1146 5226
4318 9490
1661 7492
7024 6469
8931 245
9584 5686
2916 7154
298 4568
5556 3347
7306 2817
9687 8622
3058 6111
-1
6705 2442
6050 2533
5064 5242
209 9390
4557 8418
2433 3834
4062 877
1000 2144
4065 4675
8558 3283
4516 7663
4938 7360
5162 7538
1070 1920
9493 4257
1618 3701
317 1167
561 6625
4324 3900
-1
5955 1989
3955 5887
7420 3340
5632 5723
617 5771
4492 6789
4025 348
9552 199
7791 8691
8489 2815
1736 181
2831 4523
1846 8539
6196 3257
3216 5088
3589 4572
9385 6622
6564 6598
4230 437
172 7183
3813 1781
4934 2920
6416 7431
5545 2946
9393 1936
4782 470
8061 2034
2609 9967
4183 4229
3691 2363
4128 3881
2967 3951
1465 2015
8540 7709
8911 2049
4359 3704
8087 4132
2416 4272
7166 7468
3275 1951
3332 7715
2354 4558
3018 3996
1272 6871
2131 9130
9615 5017
8683 5323
7545 9104
-1
4959 7499
6924 8519
814 501
6635 8566
2605 2377
3331 4158
832 1471
4735 1569
1645 5534
8052 8213
5368 2712
6401 3477
7802 8945
4574 9099
5366 2076
5798 4152
3642 9988
4633 3998
2984 7416
563 8224
2922 6788
673 9373
1607 7606
7279 1401
544 3702
7574 3658
8539 678
4154 7292
99 9848
6932 7508
9414 434
3687 5610
4246 787
1834 3961
752 571
1003 9368
3410 7628
2436 664
31 6105
5216 8181
4748 7419
8462 8075
7634 6452
9704 5920
9303 1396
8086 6054
8641 1576
1360 6784
4730 6370
5471 7367
8190 2758
9875 2538
2669 2650
2200 1641
1191 4325
648 4278
7774 6637
8497 2571
1791 6702
3256 6049
9021 7863
480 9371
8869 857
6421 7670
8466 2204
3931 4065
5682 6914
2557 9891
3525 9136
120 2887
1227 3151
7954 6104
4738 8170
247 9517
6359 8286
5424 7965
3873 3887
7050 6008
9597 9170
5338 6841
1688 6552
6779 9403
9127 6811
9667 7457
4533 6133
7513 3830
8357 8657
3989 296
9216 4007
5965 2253
9004 1304
6479 5747
3915 6532
4296 3511
1456 188
3490 4693
2547 7997
4002 9902
8971 8281
2142 7285
1101 3209
1212 7913
6466 4484
1199 3742
3726 4004
9096 1686
537 5820
2724 7517
8610 105
4192 8706
8509 4756
3905 6627
9125 1433
616 5277
2400 5499
1585 3829
4719 6340
453 1581
5551 8398
3835 1321
8600 3820
6404 883
3874 6615
-1
6604 1046
2927 7311
51 8777
9267 384
1753 8324
9844 1372
6169 5314
5154 3402
9254 3923
7519 3952
6541 9923
1613 9513
7648 6637
9107 6698
6271 4291
3191 4514
2847 4797
923 8145
2125 9552
788 2439
7710 6901
5964 6658
5938 9519
4306 9165
6044 1731
777 6902
7662 738
1509 7688
5914 3892
2293 3476
7534 5058
8233 4233
5698 9851
5162 6234
3385 2441
3782 1695
658 5278
954 2302
9376 1772
5226 6766
2504 3327
6433 483
3806 2045
7273 392
8738 5816
6780 1207
5437 4634
8289 2992
5455 3534
2238 5398
5407 8458
4839 4945
4740 8151
4651 1671
5772 8375
2163 3573
6713 2477
9212 5538
3323 5073
2619 1257
8246 754
9308 7452
8237 7032
4878 9830
9011 765
1786 5511
9886 6087
8617 8584
6224 9350
9890 3747
115 3965
9585 2174
7314 7122
107 1589
7963 5022
6800 7411
4472 7153
1849 3537
9082 6002
2122 4075
7802 8162
3049 1333
6406 2061
1731 6077
7575 4236
2135 8000
3060 6185
1079 379
8621 4765
944 78
6064 8850
505 1446
5562 1232
8722 4264
4138 28
9932 9570
8128 2139
4249 1296
2396 6482
1386 5155
8405 4210
5853 7156
3173 5744
9605 7630
4166 7907
1659 7929
4718 8773
3803 1932
6616 3685
7215 2460
3143 636
3036 9612
6275 8313
4191 4253
5867 2125
299 6185
7799 507
6561 5083
6709 8300
3035 5495
9661 3086
5473 9952
9720 5378
8172 6735
2455 4965
7695 7590
4156 6440
7320 6824
1819 1305
4272 1479
3586 2324
401 8371
160 6631
232 3336
2459 2852
1489 1985
1521 4234
1059 4063
3644 1013
7863 3375
9769 6537
337 5004
5926 5842
1458 3710
9399 2738
9953 8277
7271 352
9316 6937
4002 1295
6652 3337
2268 8481
1456 6066
8230 6545
3829 9076
5337 6716
2479 4069
5056 8197
5575 1598
1820 6446
1262 9574
3453 1374
2498 6210
9435 5135
2557 7000
7085 9698
4739 3434
6741 7590
4409 4699
5908 8014
6704 9567
5706 452
7276 6997
1894 8086
530 6194
3837 7404
5892 1845
4165 6546
6163 1357
5973 8168
9923 7510
5338 2444
7380 6825
8524 2071
6887 7914
800 6966
8530 1450
5665 6412
5142 4036
9087 5448
780 3932
4312 2717
1633 6816
7170 1966
-1
1903 3833
507 3518
8150 7080
3133 3369
3289 1146
7227 1869
835 6364
5705 8329
225 2734
3495 3087
6465 2294
3666 6034
5244 9788
8014 8010
8516 1967
2080 4083
9323 2541
3177 5430
1428 8536
874 3799
2077 5786
5563 9155
610 3145
7204 5900
3703 844
2104 3001
5862 8212
7231 5270
743 850
7303 6935
7791 3209
3681 2454
5675 4144
1491 9196
6890 1279
319 9801
8189 7282
167 3458
5749 8692
2542 8191
8022 8992
6186 9049
3752 1787
9445 5969
1628 1991
1279 7235
6413 2393
1242 5474
2193 4336
9133 3901
8339 7998
7496 1794
3447 6135
3762 6770
1270 8889
5837 4727
5449 2257
5247 7885
3358 6011
8572 8473
7900 7983
5097 932
943 9317
6125 410
7209 7260
9231 7577
8421 2405
5699 157
4972 511
9539 3178
5363 7264
8919 9550
1271 5868
-1
6132 5797
7830 7485
6812 9958
921 6447
111 5565
8469 9828
2417 9066
3027 2848
8104 5644
5320 6982
8677 6191
1980 5935
980 1926
6777 9107
9037 4247
9721 1056
9167 7164
7531 4313
6874 8073
7497 6776
3238 9940
546 1359
2197 1702
7091 4122
751 2682
7370 4794
8357 2600
9955 7305
2834 8626
254 4971
1890 9496
9018 7075
5128 6145
45 273
9463 3689
4827 9191
5799 6666
1294 5548
2726 6291
4634 4866
295 6103
8350 5546
369 2090
1513 3429
4549 8053
2770 547
7891 6217
6129 1848
5197 3529
9570 8866
3264 4750
4855 9870
7021 1829
6967 7813
6478 3202
9529 3308
1140 5823
533 7519
6678 5645
6678 5082
8142 3561
6484 8713
4782 32
1343 4999
3660 8077
7703 5491
6919 6742
71 7350
5086 8337
7140 4218
9112 3625
3351 8874
8482 8542
1282 5418
1293 8166
4606 5386
5119 5180
8236 7160
5659 7962
3766 3319
671 465
5053 6946
1803 3248
9361 4269
8607 5466
5469 4413
9332 5919
5530 9199
4304 2000
543 6961
8374 5210
2042 7072
9249 8072
866 6240
31 630
703 6069
513 1486
9883 1041
6137 7796
6442 8002
2344 1168
7413 679
69 8353
9392 7804
7926 5449
9807 8991
9427 9351
7569 580
402 9547
7283 8119
6813 585
5121 567
5520 9937
2990 8727
3488 1715
4952 8890
9747 9355
8642 6826
531 2168
9498 81
6869 613
3673 9332
5845 7807
8491 7260
4799 9612
4335 6004
5743 9879
9062 1068
1886 7471
5173 9896
1313 6464
7034 9886
6258 286
9963 896
4099 4118
6422 8076
978 9643
6876 331
504 9257
9001 9811
4094 5113
8198 8599
1744 2285
3259 5884
4372 938
7917 2069
9237 5005
1023 1088
3882 5124
5007 4941
4536 2483
2321 998
2783 9649
-1
2778 9602
7191 5984
497 823
9279 2590
9865 1950
7692 9234
8420 100
6751 5588
2069 2505
1065 1094
1458 7232
4114 323
2728 3794
3146 8221
9104 5272
550 5164
2220 8265
216 5561
4512 6476
4711 7472
2366 3251
5182 7498
2864 5692
2250 1948
4604 2693
5309 4456
1816 3612
2006 9896
5114 3503
5556 468
9616 4926
5993 6760
8730 5904
6266 7723
8635 981
8484 8294
547 7713
5371 9947
7196 9416
5440 501
2935 4495
438 9478
3398 5175
-1
7018 3023
8329 1640
9192 2173
2971 4283
3276 623
1218 8240
7093 8782
185 9544
7919 2213
5288 2133
5102 724
6613 9422
579 6144
9044 2388
769 4290
3615 3558
6286 1505
4776 6908
3282 3585
8311 8469
3572 864
4605 1115
2554 112
1199 8150
9437 9689
6577 4544
9836 9223
9746 5312
9518 1954
9321 7875
716 2633
6262 3648
2134 884
656 8048
4376 5795
4388 4155
8115 2301
3320 8776
3685 8158
1857 8333
8947 5343
179 4636
439 1261
6627 8595
430 9329
1672 1066
6556 7510
4417 7161
415 7004
9505 5100
2951 8488
5184 4815
6840 405
6423 9514
6980 3770
966 3605
7854 2326
7728 5655
6560 388
9722 2076
3118 8626
1262 5179
6681 8828
7353 4408
1249 6236
7462 7138
292 9501
8523 442
7251 1155
5465 1325
6605 5805
23 4328
7565 2170
6215 2756
9171 8232
7422 4920
4232 2915
4171 2642
3504 2503
6995 2424
8213 8775
2545 6774
7366 7763
8356 640
3952 9255
6911 7969
2787 2212
5346 3411
7451 3712
1170 6377
7643 5164
6684 9153
4430 3356
450 257
2591 8341
6088 3671
1506 136
5371 6537
8273 8068
1250 2705
9436 6101
7296 6741
7152 2930
3085 8383
5036 1214
950 2591
7261 7911
5055 4235
3381 3527
8446 2993
9686 6949
3192 5708
2513 7249
7230 5233
7002 1784
9728 1981
3687 4411
5479 6900
5028 562
6003 4480
9719 9478
7342 8366
7517 8692
8749 1570
4453 3738
2152 1300
560 6906
9297 7811
508 6208
5916 4894
1344 3515
4414 8001
6838 8336
822 4184
7241 7486
4646 2691
4285 6357
398 3048
1546 5840
9926 5752
8747 5390
3646 2303
8296 581
4488 275
9925 8897
7984 3767
3244 4715
1533 4092
8461 3652
6650 6540
5489 3812
5741 7755
7652 8059
5838 3859
5718 4265
364 1627
1524 2841
9854 3339
4647 8042
7123 6957
392 7062
9590 9494
8453 6088
3827 580
6877 1292
2430 7145
5024 1226
2054 6985
6310 4424
4834 9113
-1
5330 153
4441 1519
-1
1626 1365
4687 7097
7699 7403
9568 6302
5072 6676
2471 5396
4943 5217
9335 2318
27 3363
-1
8635 4244
6445 199
3421 7646
5629 9119
2414 8272
890 8859
4843 9701
8618 911
8474 2500
4810 5994
7904 4906
3958 6871
8874 646
4323 5002
6800 6570
8313 6030
133 900
9168 7631
1339 8549
5941 7670
6326 1139
2957 5240
8229 6062
8698 7927
6513 3368
4896 351
4994 6146
3503 3136
7245 7371
1663 9674
1479 5070
9818 3675
2882 4556
4080 3239
6048 4579
9594 4714
3591 4528
5262 6820
6979 7333
9949 1038
2972 5625
5753 6421
3808 1940
2611 6848
2954 5804
9002 9408
6473 4920
7935 4211
3356 1192
789 5903
8101 4788
7624 9758
1691 2214
2008 2052
7243 6161
9856 6391
3382 1467
823 5988
4205 5536
7635 8708
9154 1053
7357 2735
9671 1301
4888 6275
6170 7953
7879 5406
4912 2493
5310 2969
4855 5789
9232 3532
7839 5341
6559 7423
4850 6324
4209 6304
7660 6286
1016 9100
8714 3510
9942 1149
3112 3170
4616 4406
7175 6154
3913 1470
8623 9885
3114 3798
2911 1232
5030 8799
6844 756
3330 5891
-1
5628 5585
3349 7840
4009 417
577 6886
5922 680
1982 4353
9009 8634
7180 3262
125 8579
7617 5507
762 8541
2906 4296
152 4704
3838 8055
9935 4022
7800 5988
3878 9620
4411 3657
7579 7857
662 7758
4 3761
6345 2304
1840 6885
378 6333
1900 6814
5074 4366
7709 3512
9829 8130
1961 205
2023 5100
5364 6591
8015 1897
7446 7604
4333 350
3894 6588
2521 3425
578 8251
8108 5356
-1
8147 8273
175 9397
241 6469
1375 240
9800 8872
7970 9579
4355 8206
7196 4017
1376 3967
5787 873
9831 8100
3892 7920
2084 1308
7860 8890
9609 3284
3497 9366
3128 8200
9194 487
846 3987
5257 6475
7083 8711
6842 1952
2111 2460
1831 1624
9695 7787
6960 9320
2546 7693
3219 1504
5541 6303
8052 8363
8134 6142
868 4302
7995 4046
16 415
7882 1020
3533 6463
1330 3929
163 9405
4422 2091
4286 6604
7710 4995
7727 771
9486 5494
469 826
3777 3286
3902 8099
6036 115
3632 890
8421 400
7585 2235
4664 1255
2214 8445
7730 318
4380 1808
7022 2517
6408 5769
858 4066
1762 9878
8441 2182
9298 6176
5158 1277
7405 8340
6169 7717
1914 6690
7286 8278
195 1823
9111 3317
8325 5835
1122 2712
601 3379
1275 6230
9005 1905
5428 7666
308 8982
1705 5887
5624 1652
-1
3470 2770
8167 3278
7401 9300
9014 41
6228 6881
8307 8529
3539 8288
2021 600
7522 5935
1913 6699
7701 7730
6355 605
5814 2919
3507 1044
8560 9345
9096 6296
7237 1683
8754 1186
302 4861
7473 4754
6913 3705
3944 4785
7026 7638
5957 5528
5447 1840
2829 9229
9751 495
5926 9644
4395 5079
4029 3638
1323 2406
2055 4318
5883 5232
4916 3628
6974 7509
5358 651
7067 9342
1735 3257
4025 9431
1888 1024
5677 9034
5785 3669
2316 2094
6680 9573
5584 4541
2689 1957
1764 2966
5132 5792
7371 6962
9051 5846
1677 3290
1737 3102
626 2162
3509 8393
3335 4694
6017 2690
9170 7758
4767 2070
9079 8299
5586 4554
161 8145
6491 343
9861 9249
7766 3305
9828 2594
8925 4393
5790 770
9699 9665
7224 8904
4145 7081
3369 2450
8767 2630
4301 5749
9805 9234
2368 7547
6635 135
95 7472
9353 8493
1197 6010
1695 9623
3077 3624
-1
7987 5883
8638 9709
8069 80
2158 3515
5055 9677
3301 840
7295 5675
720 6296
2506 4044
9331 7341
4915 5919
9970 7009
8601 8483
4127 7789
9538 3329
609 8458
4894 4610
7207 4476
4673 9383
8387 226
9852 3326
5195 4818
4886 2413
6466 6590
2714 2606
3969 5997
5584 7597
3499 4936
6225 2827
5880 8479
435 8081
1670 3115
3059 5510
985 2151
9761 6347
4548 1150
6721 511
9030 1655
3936 3649
294 1256
2840 828
687 7729
4741 4306
8963 1940
7095 6195
5943 8029
4747 5346
251 664
4021 649
1472 6379
2520 2969
7903 8704
5733 3574
1459 2500
4328 4193
1836 3942
2439 4666
7783 3769
5516 4619
610 1499
6207 2908
7375 8133
9210 6283
5001 3457
3398 9398
4240 690
4714 1496
9008 5084
519 1280
1049 786
6799 3242
4123 2527
3751 4847
1969 7093
244 9738
4993 7021
4631 8489
4777 8668
6921 1290
4160 6019
9374 2275
4622 5458
6750 5208
3523 6863
7983 8003
8196 2484
460 6950
5450 8591
5609 6883
7644 2070
6145 4702
1988 6866
8774 4969
9381 5734
7246 5602
6102 9942
6413 9812
2083 4209
98 8770
8292 2519
4276 8983
7776 9986
1282 4507
3188 3674
1834 7779
3412 1371
4822 6387
9847 3025
5425 2802
4952 9994
3151 6955
7400 7234
2655 7739
9679 1617
4680 3298
3112 8243
7745 5921
3947 5335
1509 2157
1011 6906
3450 669
5525 9847
9734 2143
6930 2307
3763 2674
1973 4908
1427 2097
9833 3372
3009 5327
1644 1209
2925 2057
4301 4275
7047 3183
9784 6766
958 1432
3620 1595
9201 5558
8370 1909
9769 1403
2319 4276
5630 932
4096 2264
6080 9152
2218 2206
2021 773
2662 4048
8057 2583
4011 1957
430 4561
6899 9114
6214 9553
984 5431
9477 9313
1682 3452
7906 5400
1844 3331
4485 671
47 7141
6936 7558
6895 887
2118 7636
2246 2742
9458 3763
2632 5406
7103 9487
9457 8783
964 3848
687 3246
7725 6798
1674 6767
4699 3765
4015 5863
2597 8109
1766 7497
9333 9501
9030 1230
5562 3863
4868 2738
7307 7617
9860 716
5402 8639
3633 1196
8232 2345
5487 8502
9214 7743
8509 6472
3021 290
7139 1084
7641 2736
9692 4949
549 4061
5797 9988
2954 552
486 4988
3849 1310
-1
2019 655
9605 9522
-1
6455 2920
8053 3440
7573 4155
635 6645
3653 9859
8195 7603
5657 2050
7025 3993
3966 2774
5200 6599
7744 6163
6506 9741
9207 1064
2973 3824
1958 1867
5560 7959
2316 954
4604 6428
630 1512
3578 3975
2005 8864
5382 8381
4901 6883
2827 7448
2984 3307
7460 8078
6485 1717
5626 8333
3460 7996
7971 541
1698 2628
6933 8803
3359 8949
5861 9686
291 5279
9808 8969
5036 8695
3013 1224
5708 259
8146 2098
3926 8754
8237 6574
4122 5862
5714 8694
9080 5002
3797 2798
6039 7637
2946 3360
1206 2700
8766 5464
1151 7120
712 3012
7365 533
592 7518
9131 3899
7012 353
5189 8210
7649 5528
2775 8304
7799 4868
1911 1614
9383 5717
8717 7439
2661 3686
8602 7804
2942 5661
6056 9431
5318 3371
5009 8690
5980 9193
1382 3715
2492 8640
878 5000
4517 2535
4719 6139
1800 8228
8950 2221
675 5157
5564 8320
4717 4129
9703 4039
4428 6673
6006 5427
1476 6492
4909 5534
6821 1175
3232 8112
5250 4087
7138 2679
4474 6730
7598 4468
10 7193
2058 2308
2089 6719
9682 455
6096 7347
9777 6258
361 5945
7271 682
4277 7678
7412 3922
3496 5057
3484 4135
3261 2507
6036 2826
8688 8233
3424 5474
2653 5687
1136 1185
3798 715
6425 3553
768 7100
5799 4007
4360 6483
7242 634
3319 3809
1314 5239
-1
4370 2644
8675 2569
9987 5436
4987 1177
3293 1683
4462 4823
946 649
4366 1900
4857 4123
1380 9731
7820 6888
7228 8494
4737 3355
3256 85
5587 6553
341 7212
3564 623
9817 7393
9678 4677
2773 9144
3138 5739
6415 1790
5191 405
6323 5949
4812 787
7931 1478
9237 885
5877 4689
5786 5624
510 6074
217 7952
8977 1350
8933 8263
2415 9979
3123 9379
3253 6378
6611 8492
6589 5427
9483 5593
8299 33
2605 6900
9740 1659
4763 1885
708 2362
814 8893
4266 3920
6383 4100
143 975
5352 6341
9752 8368
9979 7532
7294 28
4204 5973
6804 1110
781 1742
7976 4509
9613 1540
3128 788
5298 6799
6983 6407
9452 7272
9704 2514
8556 1416
5595 3120
8687 7328
7966 281
230 1099
7369 2796
8848 7310
6198 6424
3161 6153
4361 8283
448 7918
6568 6167
246 484
4665 8736
1782 4271
4653 2073
8127 4402
5012 2378
9757 766
3977 1854
1991 627
3323 7185
4225 9110
6643 5587
8490 4010
169 9806
7641 423
7027 9820
2905 906
6569 5585
6576 9941
7082 7495
1627 947
6525 6381
4643 4013
924 4961
9957 7571
99 2501
7726 8870
3699 3478
4916 5872
9884 2173
8261 6917
8314 2850
287 2301
5321 4504
8548 1405
4984 1454
9712 5089
2927 7385
1710 4426
6707 7038
6923 8491
7542 3749
8840 5421
7282 2707
9085 2977
8603 207
142 7926
993 416
7 5238
7265 4625
792 2254
2595 554
8903 8760
1767 531
8794 4207
4590 2985
7076 7469
873 2227
6279 8
7323 3243
7801 8599
4176 1178
4946 9220
3889 5085
8555 272
1920 3662
9336 2434
607 8085
4842 6944
8526 4131
-1
6596 9015
7582 1381
3472 1716
831 1123
3727 5962
1825 7315
406 7335
7963 6505
-1
6283 1394
2360 5265
5389 6420
2361 645
4274 1886
8672 7545
524 5730
2937 2989
5268 7887
4033 2489
7824 3027
8163 3342
3804 4116
5374 9042
4012 283
6395 7570
3437 797
4310 6301
5794 2190
1619 9252
-1
7055 9373
418 5403
6700 6690
3244 1391
5774 7390
4000 4577
4074 1768
7991 6957
1770 178
4723 4889
1692 8732
8533 5409
1418 5674
1039 5216
8759 4252
7255 3008
3134 9540
2950 9303
8713 3711
8816 22
189 3915
1498 1364
5369 978
2418 728
7470 7216
4312 694
5681 2872
2371 6642
4632 404
4213 1580
1112 4769
4526 4298
7975 4083
5893 2171
5196 3855
2797 9773
8510 6508
7152 6071
7201 5643
1072 3479
5947 6030
3060 4917
3799 3857
806 3039
751 5194
17 5167
4948 2379
8823 7595
-1
8880 4764
4106 1297
5789 7946
5121 2768
3315 1625
8921 5629
2310 2429
3046 2315
827 9188
6439 2850
7342 3571
219 2164
2100 2974
1208 825
4685 2428
7408 9362
4890 9599
2087 6772
9439 8184
3764 8856
4592 9347
131 8036
672 8123
6624 2435
2921 3707
9294 3451
1046 3605
8525 250
744 8008
5851 428
3446 3038
1763 1550
4161 2962
9391 174
2284 9840
3898 8867
2087 9903
839 1563
4111 6960
6375 8453
6510 9086
7213 8358
1060 9337
4684 4216
7028 9554
6503 6468
1410 9939
6952 4107
5890 3511
700 3725
5290 3583
741 3707
7484 4182
7268 6548
5019 8274
4351 279
2745 4095
4573 3710
91 7464
5212 9374
8439 4833
5211 8365
4576 5847
3081 8746
9637 5091
2281 8231
292 6621
7999 725
4484 6248
1132 6738
7838 2876
8996 1244
707 1140
1368 6107
1754 8503
6517 8892
3940 5358
6052 3650
313 6755
8596 3752
6239 2677
2771 5334
3528 1481
9688 8433
4542 279
5136 9549
1126 194
2960 763
4778 9821
3899 4570
2277 5720
9978 1006
2576 1329
653 220
5325 1858
6190 3435
6515 7996
343 255
7912 8932
2019 2549
5897 2459
3476 9008
2221 2404
252 82
3113 9734
1048 7952
7994 7923
1644 8235
635 2398
1463 2071
6628 1648
8610 4998
8527 5029
3084 1723
2906 7626
2736 4589
6908 4658
53 8830
2878 7932
7378 6304
3579 2266
2014 403
2327 5778
9787 8245
729 5502
9404 4981
6485 8047
227 4178
6707 4982
7752 7897
3901 614
535 8019
1138 3834
9831 2468
7403 3814
5878 717
4588 3377
8013 7204
4226 2297
6066 9822
3036 7116
1714 9785
2166 9766
5713 9906
7800 4059
8275 3159
377 169
8214 8512
6148 810
694 5026
4873 2926
9662 4141
1752 3581
5266 1141
9057 7192
7838 4341
1035 8681
7346 3002
1874 2224
1790 5454
875 1602
2709 4957
7971 211
4448 1026
4624 5535
8164 9450
3815 2415
5792 2198
6374 6976
9001 5621
9960 4820
1818 4648
7155 6479
8196 1601
3593 5698
4032 2822
7606 1241
3721 3880
4404 90
7413 2105
8669 8212
8280 7908
9307 180
7481 2038
1686 7704
7356 9299
7130 5751
9045 9688
2999 3719
3535 7891
2626 4784
3867 8077
5580 8414
6219 8481
8323 3218
1183 1342
2003 7577
1413 9946
985 5896
2321 9255
7440 7594
2269 9780
4030 9245
6121 725
5793 8919
1329 9105
3310 1021
1552 7622
695 4891
4660 5126
2661 2923
8947 2824
1122 5666
6813 8618
6856 7892
4689 2210
904 6085
843 3415
6783 4903
8183 6659
5047 2708
420 5048
8368 1317
1220 8004
7544 5350
1430 5823
6833 808
7182 7044
5225 3867
1067 9785
4081 8701
759 801
8367 4662
7810 7843
7947 6663
5803 408
6897 9459
1208 1157
7859 1622
3569 6259
9814 5323
3750 2582
756 8707
4806 8413
1903 9451
451 1378
724 9092
2657 3314
9881 5625
2868 305
8559 7246
6558 58
1784 3258
876 6388
7555 6020
542 8590
551 2016
2160 696
8185 2891
6370 2973
4115 7126
7284 2483
5306 3115
170 9749
1642 3672
4912 4369
1907 457
2532 6162
7671 532
1811 6553
6253 4826
6501 772
6743 6844
4619 5034
9245 6668
1391 9520
5724 3933
766 6371
5319 5453
9088 1681
6082 3906
8779 9663
4964 3624
5611 2340
1350 8579
5557 2247
813 4790
-1
2670 6622
8515 7151
5607 7327
9354 1077
2012 9969
6385 6918
9382 4425
7771 8885
3876 3916
4853 7671
5376 2928
4835 7885
4544 8450
1657 3669
8843 2217
5032 8612
5875 1118
6815 7928
735 9948
2603 5536
1409 691
1665 3563
8441 3626
8588 2511
340 4347
6791 1588
8021 8936
5810 7940
4413 7735
5093 7261
3954 4243
6877 6319
4204 8678
3134 9432
7968 2729
5603 1883
3142 18
6505 9293
9764 9647
7621 4827
3775 8989
5993 7551
4930 3692
162 6048
4432 7774
9894 1742
6172 1314
4768 8938
6521 3150
7259 4898
7071 5495
5986 7016
3566 9419
2606 7613
2207 266
6089 2497
8331 4336
2633 2938
8658 8172
9815 2451
5287 3194
3680 4389
4387 5348
1355 6589
6859 17
5895 2148
5685 9121
2274 1587
8264 6451
740 7884
3235 3425
2241 2200
8480 4707
555 3465
9879 6925
8001 2419
7807 9067
8268 2211
2723 5395
748 6113
5110 5866
5285 229
7850 9469
2857 4292
7931 5243
8406 2107
4403 5857
6417 4354
5350 5555
4779 6560
2639 3837
4207 4896
3385 4581
7997 8984
9029 9546
5542 532
8279 7915
9466 1313
3996 5109
5540 8708
8835 6205
7000 1469
2244 5104
4298 1289
7587 1681
1431 4046
6301 2183
4181 3970
7218 7550
6787 3573
1933 9013
1879 4117
4 9430
3461 5401
5051 6331
4711 9283
1034 907
2004 211
4991 419
8420 1165
3549 3463
42 8074
8522 6373
6384 9968
4889 5011
4494 2095
7512 9402
4497 3836
9125 8653
3418 4068
3995 5576
774 847
7733 3075
6097 9877
4762 8432
-1
3861 9621
2806 7825
9130 8258
6602 3153
7144 2998
367 3268
5633 9608
3304 5032
3190 2550
5929 7609
6759 7554
-1
7250 7476
8362 9843
1318 8913
3609 2331
4907 6309
3771 4130
3606 5095
2329 6249
433 238
6346 8923
6022 3322
1966 2568
1406 1102
7396 293
8312 6120
4633 1899
3430 8477
6672 3205
1707 9031
4884 3391
3782 4424
4886 4546
9990 7195
1031 7435
6430 2131
9888 3679
182 6117
2386 6902
4612 377
4471 996
9127 8110
7716 1235
8662 2636
6612 3417
1995 3905
2249 2088
2474 9855
1758 6129
2034 4457
7217 5099
940 1162
9262 1853
5570 1829
3594 2968
8330 7659
9888 9558
6420 8714
3874 368
3709 3147
6098 775
-1
4049 825
4476 4197
1797 5547
2116 4287
6242 3948
6222 419
2979 8486
702 3960
4179 9792
278 6768
1428 1508
4249 7809
9135 3185
3941 8015
3460 9566
1807 4610
2122 2944
9703 2929
6504 9061
3110 8259
7760 5735
8373 6760
4607 6530
9877 8664
7329 2970
8492 9567
9414 4578
1221 7663
3494 9222
2358 4483
9875 8451
8722 1963
5177 4932
9768 6953
7572 1080
72 171
5573 7060
933 9458
4663 8560
7536 9556
-1
9083 9591
1830 3574
8075 9400
8578 1346
9253 9486
2971 9732
5298 8192
2482 4305
4085 2437
9075 6141
1703 9658
4741 3815
1921 8928
5696 5712
8891 9060
1224 2663
3983 4447
2640 2589
2265 5719
9781 4891
1967 5912
4381 4745
1278 6454
215 8194
4108 8986
4265 5086
5684 6427
4607 9720
865 7106
94 2292
3324 464
2420 3109
2234 5275
3496 8984
1346 9060
8032 6203
6586 7290
718 270
9920 8470
2320 1875
4530 4726
44 8594
4728 7505
7529 5522
6579 9553
1047 6524
6521 7589
2862 5654
5615 3028
9950 2588
5572 4206
6879 3720
6954 1974
9504 7184
8538 9072
3070 7124
7721 9590
7967 4579
8587 1312
518 8752
4628 393
8862 1017
888 8953
5904 152
998 4215
3590 3001
6826 2478
5161 7121
7604 3165
3059 9405
1212 7102
895 3883
4752 1962
1845 1530
5658 3341
5672 4019
6164 223
8611 9536
5850 9646
7720 9326
36 8770
4459 9598
2031 9859
5569 1103
3727 4921
619 4967
3213 6793
8428 3880
-1
7306 6144
4510 8619
5128 2885
4390 5545
8699 9747
1755 2641
1345 385
5218 2553
8818 4222
6556 9603
6965 5507
4471 3281
7630 5307
3144 1496
6002 4783
8814 9233
1145 7150
7340 1992
8717 8758
1144 3855
1364 2777
931 9744
7873 6587
2565 4857
7464 499
7865 8396
3053 370
4438 5446
7691 8807
4551 3909
999 3038
2614 1174
9932 807
9369 5682
8058 1168
714 3450
1307 2865
2785 3823
9528 5906
877 2155
9592 8292
5016 8718
9415 4973
6499 6227
2739 2935
7985 9642
2194 5610
760 8944
4351 3120
3224 4255
4421 2449
4983 4657
5831 6068
4653 703
489 6377
9952 4181
354 5368
2168 3585
1128 9778
297 3628
3788 1578
555 8825
730 3285
5958 4071
4841 8283
1609 8361
914 7635
6665 7827
4121 8785
5795 1924
5510 7737
6493 2286
6026 6353
7417 3374
7438 2729
6827 1151
2623 5871
9456 5538
3794 696
5756 2681
7015 8293
5983 3482
1978 886
1010 4237
7741 1827
3096 7820
6606 5552
8748 7372
2788 3721
1 1273
2573 778
2339 3964
5999 8157
8205 2259
3485 8990
5807 9190
3054 9800
2705 1460
699 6616
73 3893
2626 2407
1852 2117
6315 6912
1565 9041
9978 3152
5635 4077
4772 8436
-1
155 7147
3253 2263
454 7387
4444 4005
2406 1246
1378 9555
2523 6223
8386 2873
4588 4089
3900 4550
642 2677
5501 9203
6042 7798
6328 4760
5683 4094
6021 2102
5143 1074
3603 4922
5353 840
3238 2894
6646 4600
6138 9146
911 6771
3793 4921
737 9901
3933 8640
2278 2648
8785 5313
8739 5907
4688 516
2032 6696
2309 1645
4092 8286
330 6931
5477 4195
9809 5939
4670 5101
842 1204
1910 683
7528 4981
4848 1256
6378 1593
6833 8109
1092 3184
184 8225
1302 7256
3092 2693
9716 506
144 4024
1385 9729
3919 7992
1855 1405
6494 7036
2279 1744
2061 4669
9881 2431
-1
4732 3840
1671 6583
2051 2666
8260 1356
5939 2296
748 7059
6632 2372
3773 2862
1414 6047
2196 3600
6018 3673
9275 4481
2191 7300
6977 9669
2454 5049
5182 6796
7245 3571
2699 1765
421 6193
6926 333
9625 2062
8888 3035
6597 1632
1068 9820
6350 8029
2359 5772
5332 2051
4738 4844
5413 9427
8406 34
2583 6662
1233 7623
2828 9910
5934 4582
3005 9618
8204 3068
2394 3127
3198 5702
1488 1080
2490 2908
4378 7790
3781 6951
4670 6652
7023 2614
-1
9123 7279
9874 5141
150 908
3723 4251
6738 7675
5639 8376
3918 824
7501 7570
9700 551
2309 8303
176 5631
2262 6453
9797 3470
3932 9510
4733 2858
342 1850
7653 2113
4540 6795
7203 4593
7619 5559
4736 8731
9872 8696
9241 2433
3051 5910
5885 9509
7257 5385
4112 3231
7482 9848
2820 5076
6196 7961
443 7034
3386 5083
6989 8282
183 5127
153 969
4751 6618
321 2596
3211 7347
4379 6852
2488 2263
8180 222
6429 5320
4928 4280
6865 1384
2593 4587
7455 8391
5238 8873
1873 1071
7398 8727
8637 723
548 5486
544 1288
5420 1603
9874 4217
2819 7884
13 7443
712 6748
4459 5367
1865 2421
6374 6222
7541 3289
7537 3635
5518 4989
2764 5975
6705 4761
7614 4130
1277 558
2191 7433
9617 7410
875 4642
4617 3609
5832 56
2645 2748
4490 4700
6582 2057
3242 758
187 2356
7698 4470
8012 9606
5227 8615
5813 4802
7651 8969
5747 571
7112 8834
355 5018
7775 6364
6866 8913
9872 4613
5111 9651
6904 3884
2938 4838
2461 4725
5379 2808
8448 4450
6495 255
1020 1412
4141 7702
4090 9857
5944 1943
63 2287
1954 2865
-1
4173 1847
5440 7020
3969 7191
1245 5642
200 35
9241 7224
2547 9656
7125 1643
8259 3014
8808 8315
7440 9054
5303 93
8044 5532
362 7636
3979 6190
4238 3444
7289 2665
227 3169
1884 543
2260 4445
9636 2282
8043 3554
1675 6043
3009 6191
9620 4468
7871 2629
3140 4426
4593 6911
9268 8665
7733 5084
559 9852
6518 9082
9144 2913
1451 8981
3551 4840
7399 9202
9221 6177
8819 1777
423 2100
1228 4045
3682 9516
8522 4502
7102 4139
9283 4043
6904 2556
9910 1906
2005 5203
6351 8535
4505 4702
7894 5398
9156 9529
8110 7321
4884 1684
3506 8284
2257 450
6831 4258
7275 7459
7933 1587
5043 7751
4279 7933
334 4709
6486 3944
8495 3445
4960 2747
4646 3090
7081 6824
1842 6028
7816 324
6311 1539
5615 8788
3471 133
1351 6018
3748 2950
2987 7960
6915 8403
9943 4613
782 6579
7973 3535
1273 3622
870 8143
8290 4592
5231 7527
1795 4685
2673 8812
9239 4294
3396 2128
9853 7368
2810 9982
5234 948
381 4664
484 9207
9825 6272
5949 3161
6575 8663
9044 5630
8208 8652
8849 774
8431 4346
4277 3972
8961 3779
6022 7976
8973 889
6457 3662
6823 4086
5851 5324
2299 8643
2898 2256
1821 7293
6180 6472
3291 462
9266 4788
549 4467
8450 6739
7934 8140
4169 8105
738 9676
6138 4599
8616 8551
2020 9773
2001 4329
8725 3438
5901 5146
73 7784
4491 5156
9036 2773
4070 5970
2542 161
5354 6407
8499 3986
9117 173
668 4374
818 8386
7582 1593
7531 1326
7918 6230
7148 5667
4157 6391
132 9422
8293 7235
3927 6530
6297 1611
6894 8583
1519 8830
502 667
8016 6290
1838 2942
689 3480
4852 4238
4838 7266
7449 6653
4691 8568
4262 6603
5019 2353
7328 2203
7354 4858
6785 8761
1797 1408
3403 5647
9407 3810
7058 4443
2126 5591
1769 4578
6746 9764
3871 9644
8382 3610
6452 1457
6633 2753
2113 62
2917 6308
2782 4970
3180 1384
4137 7425
4157 7408
6946 4690
4831 2685
9193 2137
4320 6857
3838 722
8825 9996
4289 209
4486 4681
9868 7172
4071 4041
5333 6156
6197 9138
2068 9436
6822 947
3668 2607
7076 4038
7735 8987
9269 9954
8669 2819
7038 2089
5248 5332
4119 8898
9897 4338
8179 7944
6695 1789
2425 4109
5829 9560
3741 6879
1876 4621
9622 4373
3843 9480
6216 2730
7611 3769
7142 175
2618 6208
8206 5882
7124 9408
4226 976
9995 1101
4217 1137
-1
749 9365
1403 1908
6400 6019
5453 4178
5616 497
7455 2809
8756 2746
-1
9696 1022
3492 8434
380 8042
8878 1268
2074 3129
4585 1799
9481 2754
7907 4974
7588 2881
2720 8479
7284 6552
4186 7708
6109 1531
6232 3409
3196 9917
5932 6923
6929 8863
909 5463
9378 7848
2448 9623
8811 8990
4464 9525
6778 4732
8417 4731
4601 2286
2006 6663
314 527
8265 6436
149 1865
6917 6288
1296 8152
70 1567
4174 4828
5399 6339
9109 1507
5711 786
7368 5981
8444 938
4171 3989
7382 4808
3301 6867
7949 7199
2345 4704
7795 4740
929 5592
8379 4004
596 7789
1061 7532
4205 9204
631 3840
9006 9163
6209 6096
5835 5212
3210 3599
9261 3067
6853 6081
3292 676
8164 3324
1676 7904
6130 6250
5049 6449
6929 1533
5644 8651
8841 9756
58 1766
1211 7043
1640 5557
1261 6675
6498 7051
4302 7096
9214 8762
880 22
1309 5619
992 4188
7061 9123
6023 5150
9595 8157
475 2403
7251 8349
6397 5808
7987 5324
9835 8035
4027 2822
8192 9095
3267 3478
2796 7707
8322 7354
4974 8617
979 2941
3416 9798
3539 3504
1075 4008
1447 4752
9350 604
2430 3786
1351 9901
5067 8769
4985 8115
6150 1483
6918 4020
1429 7447
4378 2875
8871 6791
9368 372
6507 8974
6327 4479
1029 616
1129 6564
3372 6306
7216 2823
6140 2846
9793 7053
4396 4737
3984 8786
1374 681
9967 3306
747 6670
2215 6620
957 2254
965 6044
6062 920
6542 9281
4563 5267
1912 2164
413 3869
8733 4135
6992 9033
2059 8082
7200 3756
8338 2642
6956 3233
4793 8457
1042 7850
6336 1195
8378 974
1530 6913
4508 4602
588 7893
3208 3896
3598 1835
9602 6372
4185 7148
2655 1281
6316 2296
5842 7331
8954 4050
6942 5501
9660 3870
5531 7588
5462 6828
8162 3781
3104 3298
8989 3401
-1
9615 826
2408 2766
1994 9808
1337 1409
7264 5382
4975 7827
2170 4425
7528 4441
6790 8805
7380 256
1950 4183
4965 5673
637 9984
4696 9748
8668 7444
8424 6092
7289 8943
401 7981
397 5385
9213 2886
9143 5826
810 5438
6526 1776
9726 8099
6330 3068
449 6449
9667 7475
3908 866
6892 9022
9841 583
9078 1917
1270 4617
8656 837
7014 1373
7668 4201
5571 1195
8031 1187
2889 7809
4280 5893
1698 167
5604 2438
8978 4383
2812 2338
7620 9456
8637 6835
4304 5985
9072 8135
4200 4628
7026 3044
349 9876
7762 754
8812 8589
1361 529
3093 7525
5658 7780
6881 6281
2475 2607
9152 2487
602 5736
7589 4923
1276 1054
9047 4786
4362 7960
570 7999
581 4785
2552 1473
737 1774
5748 3502
6912 128
7060 1529
131 7035
23 1696
3279 4746
1723 8431
8242 8795
9931 6899
6671 5753
4802 6642
515 590
3864 5201
6246 2520
6207 5836
9873 8719
2541 3637
2631 4749
8220 1497
5829 9290
8831 4377
2900 8537
100 3063
6755 4076
848 2517
4874 2356
4526 6750
3117 2097
6084 5665
8925 3388
9678 7808
5397 2713
6007 6447
5111 9126
9922 9611
4132 5309
1542 8786
4938 1164
3272 2769
7818 6836
8581 104
6920 6757
7563 4343
7423 3346
9147 5246
2388 4208
7920 662
2277 567
4001 245
1622 8308
8347 8860
6333 8639
1556 6294
9959 6474
3678 1117
5268 2849
8303 4649
4492 7463
8876 8680
6909 1394
3459 5790
5157 8939
912 9349
6125 3517
5930 6055
1973 1843
917 2933
8820 492
3053 6987
2179 969
8349 8404
7677 472
4117 1935
926 5347
6718 3241
2440 8582
9841 4160
2629 5034
3329 4259
5359 8425
2287 4872
9013 306
7558 8802
6032 1028
4626 8144
2577 2573
137 3370
7458 4650
711 1105
4683 8036
6886 9844
6475 9716
8955 9219
5356 5922
2251 5876
9742 4432
8870 82
4169 2686
4448 1777
4489 9053
7682 9760
2826 4584
1768 6318
9961 5609
8987 8301
6761 3026
8819 3438
8257 9812
2336 6749
1756 5272
8058 4918
5996 9569
7645 1143
3714 124
5183 2387
3047 5898
3604 5775
2009 6533
3343 6252
1301 1679
8154 4695
6032 4026
6700 3167
1779 8682
5457 289
5766 1422
7187 8632
-1
5514 1701
8251 4454
2568 135
6198 8997
6136 1471
4962 1741
1827 7028
9753 4455
3554 2526
1424 1685
9457 4990
6065 9340
4770 7760
6009 2917
3223 4326
1514 1582
8219 8865
2676 7450
5527 5075
7979 3433
775 5092
8262 9980
2444 7837
6238 346
1570 9629
7895 2678
9053 5017
375 7244
1135 4683
4716 8565
8884 5225
3297 3284
3839 9364
4679 4236
5847 5606
5577 7274
1134 2493
5066 458
5542 2634
8697 8966
3711 1899
1062 8260
9916 1197
5854 3601
8844 586
3842 7993
4434 3362
6696 4900
9705 3985
6754 8256
2784 2699
6563 24
5553 9955
3414 5735
2579 4050
7130 9218
7822 7308
1017 9533
8670 1725
9215 1618
3312 2102
5490 5342
7786 8686
3950 9195
8390 1299
5067 1213
6265 7291
7935 5287
7945 8710
1442 3351
218 4499
3768 3731
7883 5476
4316 7104
6677 8389
4531 948
6679 8672
997 6837
2636 2680
6783 351
674 2569
9559 6925
301 5177
466 8577
9625 745
5979 8063
2 5765
9387 4166
7865 2824
9311 1806
8031 1264
1303 5013
1594 9653
6467 1839
4735 2422
1822 7211
9244 4676
1092 6432
1796 7269
1073 4480
6398 3254
2023 105
4535 2093
9523 8034
3500 8898
8789 5242
3868 2259
6787 409
3235 6454
9546 5254
4789 2634
7225 2611
4814 9276
1234 212
5718 5676
2128 9572
1228 8781
2158 1030
3271 429
4545 8499
9484 4612
1953 8367
9090 8902
6694 3850
5478 1760
4848 9905
3750 6788
7461 3022
2654 9863
6974 8942
6540 1087
1432 5171
3775 5700
5830 9806
3116 4560
4767 5895
2375 4172
7699 2684
8953 1754
3196 8496
4034 4024
6916 7341
3375 4501
9563 1953
64 3584
5261 7836
5026 5940
6639 4198
804 8252
6242 638
2311 2270
6277 4914
3617 257
9211 6598
1803 52
2687 5106
791 2190
2115 2142
5184 290
1480 2760
1252 2342
3201 7943
3790 598
2389 7281
5915 5044
7939 6920
1033 4144
7716 6482
7490 7077
5148 4638
6994 3852
5166 6711
6986 9324
5370 9770
9440 1156
8968 6742
4900 927
8468 3702
3270 7305
8341 2956
1370 9285
4499 2463
9441 5716
1938 9793
3287 5491
9962 8067
97 6855
2116 4632
2274 1551
7197 2264
8222 6523
3992 5694
1960 4397
5742 7103
5505 688
2643 2799
6285 3537
5767 7642
8388 2386
5304 7348
8720 3299
1930 5400
2241 6998
3526 2813
1027 6453
4597 6853
4323 6060
5727 2066
355 96
3795 9468
475 5482
1451 1065
7583 3113
463 7817
8083 9645
512 8054
4385 7047
7359 8533
9804 2659
8507 2577
3405 2203
1732 1216
8096 2192
9653 1097
3551 9325
35 7474
4136 4368
3443 4911
639 6192
9945 515
5133 8447
991 368
6214 2180
7098 9801
2657 5300
7053 9593
2985 1916
3976 4455
3126 3556
700 794
1931 7110
6753 8932
7090 4133
2029 604
8849 2590
1338 5855
7901 6217
7317 8952
1324 698
5433 7164
3635 4947
3844 3154
2830 9129
1019 9621
3696 3071
6178 1090
595 3766
2414 9956
2529 5251
6085 5141
9664 3519
5758 987
3850 1914
1861 6247
2759 5535
4750 821
2219 2469
7333 862
1290 1254
5405 4151
83 3725
-1
9300 6274
3983 1793
1892 9102
3613 7039
7493 8138
8475 5373
7656 3646
9563 2718
1560 2813
9309 194
7702 205
6864 8536
8319 2138
2357 8331
4190 1040
8257 5179
1327 7177
2222 5035
2821 7454
8343 7331
8855 4923
4153 1620
8804 568
669 6996
12 4105
5140 8546
5581 9090
6672 9077
3400 6516
6444 9683
5734 7345
6762 4322
4772 2228
4504 283
8592 5828
8207 8600
-1
1154 1540
1373 6103
9845 5375
8827 3069
3491 2962
1666 8289
1858 3386
9272 6890
6338 2343
9579 4869
973 2332
6811 5908
2780 7898
1116 6872
2418 2904
5957 3247
6675 61
2531 7099
5824 5310
3821 6726
7742 2377
913 4940
2546 5062
4110 2799
8238 9095
1748 651
2836 4726
4188 272
8715 312
2237 5971
4821 1607
7548 264
3119 9323
6094 2847
8977 9028
2276 1441
1612 3566
1760 6131
1424 5231
3921 8217
9429 2743
5014 9341
3357 5774
3926 3098
2231 3722
5697 3507
4120 8935
-1
4289 2002
9863 7780
5305 6282
8067 4317
2333 8126
2008 7113
5817 5347
2702 406
1303 2380
8806 8270
5090 3080
2671 5668
9648 5722
8023 5188
3680 809
8218 2649
5222 3629
1775 1239
8860 2090
4051 7905
9759 6547
1485 8981
871 8654
4758 3523
994 5527
1880 4477
4010 5339
7154 3558
8430 168
3633 6650
8968 2432
3013 482
3755 8411
9435 1916
9106 5042
145 3990
9626 8862
1651 2675
1455 7522
9774 7435
4678 2904
8246 1579
5869 8191
1964 3034
2664 7097
9755 2674
4073 3779
3924 5193
6037 3333
1743 812
9610 8558
6100 8857
2393 5913
6736 2362
8302 9965
6797 5650
8576 1738
5248 6253
4945 6005
8929 4584
1328 7263
1528 9921
5037 2617
7672 9659
9837 1287
1589 9842
6990 5879
2711 2119
2540 797
6284 9191
7697 1684
8671 2440
7823 8686
8897 9706
5028 2864
3364 1490
9710 5727
2211 9890
9488 2185
9669 6065
3987 6113
4796 8474
2683 9855
3281 6483
5089 2932
8648 2840
6160 9816
4341 9444
4887 6719
4587 9454
7463 1285
1703 6701
2003 4734
7988 4270
9630 7244
4199 5221
7343 670
8707 5000
4878 1463
6220 4928
6969 1949
4000 3108
2153 2467
3016 7986
937 3820
3774 2452
4568 7050
60 6796
3148 2810
3518 3726
2015 3229
4962 7719
2375 5866
6234 5252
3619 9633
3856 1493
3877 8046
8922 6288
7742 8886
5355 7075
5588 1271
3041 8660
9671 4014
4048 4067
8820 5936
5550 457
5151 1477
5849 1099
471 5256
6459 8304
9441 4623
930 4224
5605 4286
8120 1404
6549 8784
6396 6431
3188 6835
7700 9020
2624 7505
4450 3917
2883 1535
2992 8787
5519 4159
7515 1154
4233 1532
3519 1655
5764 3530
9977 9586
3266 6405
163 9314
8842 2870
1977 6786
1189 7390
8869 8662
8346 3761
5407 9527
3408 7220
1798 5679
553 4401
1300 4194
277 7870
6784 9411
8236 154
9903 2851
6592 9098
5468 886
4542 7921
5155 7499
8836 2369
1816 3993
473 2292
7720 5544
8606 3029
4284 5762
8691 9725
5339 9658
2566 5432
2688 4658
2464 9225
5506 6504
9542 5830
6573 5353
2714 5641
2955 2189
6139 2897
4049 239
6735 4529
1281 8423
3410 9169
7696 5082
6801 4893
2525 5925
8334 1166
1610 2555
3963 5648
2059 2625
5336 6764
6315 7465
4876 2234
2743 7290
6003 2062
7524 6726
5094 6334
6769 8028
3971 2640
6209 4543
514 3758
3722 3028
8949 784
6559 4305
8312 3488
8857 4599
8380 6266
3482 6201
7816 9367
8564 1036
9124 5408
2223 7661
1343 144
3481 6792
3988 2243
3168 7443
3992 2305
5759 6921
8855 5416
5191 1526
8340 3819
9042 2485
9770 8460
7239 5598
3787 2818
4451 2218
5198 8266
2043 8996
59 2953
9186 8948
5351 198
2233 9904
6544 6936
2986 7527
9161 217
1268 3636
2110 1194
2783 7091
2490 5211
831 9180
4387 3668
6061 3562
8215 2114
2363 9417
9833 6943
7283 4214
2643 1994
995 123
394 3923
3694 5955
1336 3367
1543 3531
4861 2914
7433 3754
3156 859
8069 898
3552 2129
121 315
4595 1584
816 4845
872 1
4084 7488
790 7896
2425 1909
4466 8929
5081 5201
3699 7039
6896 6197
9991 5471
5091 2230
9230 1322
4057 7521
6166 8048
4140 8946
8081 6174
49 3570
679 4194
8873 7824
3718 1086
9760 989
3034 4133
9727 6104
9992 4358
7899 2536
8359 2436
8235 2332
3909 8740
2692 8625
2782 8218
6051 443
2448 1538
8167 4821
7132 7694
9325 6514
9994 8382
2179 6271
1330 3851
5941 510
1708 7612
9939 4853
3138 2112
8108 9730
7672 2757
4332 2537
4931 6264
2515 7445
761 1352
7084 6180
1293 7794
7043 5345
344 816
6939 2327
9819 7188
7982 6257
8007 3399
3174 3598
2328 2182
1094 5951
2910 2715
1156 6220
1755 1386
5198 7681
436 2314
8112 7065
149 3670
6299 5116
3712 6870
7487 1518
2261 6233
6503 1073
2476 191
8597 9304
4215 5305
2325 3377
9305 2763
79 8255
6978 3553
3389 9263
2457 6995
2559 2806
4139 7690
6812 3886
3651 726
3559 440
953 8922
7975 1887
9179 6244
5175 7910
6802 6188
7736 4835
1177 7270
490 7238
2795 8160
4427 9430
3326 6362
3311 6252
2948 8775
4310 9974
8889 5954
3043 5477
4040 4880
4256 236
5754 8585
8957 360
5725 4652
6669 597
2678 5888
4192 3000
4390 2666
7319 2725
5429 428
9073 4545
4988 1573
8724 2924
2035 6686
1266 624
6251 5475
2226 9884
4457 9627
3612 5905
6199 4854
2107 2603
9352 9631
6260 7085
7412 1638
7905 4566
3505 168
1131 203
1574 3956
1673 9361
3000 968
2620 8452
7287 7772
2215 5463
3094 3981
701 432
4890 8160
5237 9251
4465 79
6175 9113
1965 7583
3937 9503
8828 6736
130 3569
6772 8185
8604 9070
4596 6606
9794 3395
1976 8580
7988 9723
1001 6991
9172 6499
3066 1436
5022 5452
5351 7475
7500 1545
4749 5311
8578 8505
1152 4781
9624 1773
9282 9941
1647 1823
5663 946
9174 1379
4831 6329
6781 325
2949 3575
5614 799
6765 412
4327 4391
3568 6756
6189 6425
5776 4084
8611 7712
8123 7223
2304 8438
2761 8447
1621 316
3469 7941
8675 9824
8472 7833
2735 9928
5821 6382
7714 3226
9440 2140
4428 380
2271 1848
1421 1059
5924 2835
7723 4657
9062 6983
3420 445
5291 4931
684 96
1400 765
8490 842
1718 1498
6708 6535
3061 8531
8530 914
3191 8646
5975 3250
688 87
2646 332
5103 6531
5326 1213
2692 7299
-1
4768 4602
1515 1371
2030 5301
9709 8045
2154 9488
3265 566
344 8311
7924 4242
7908 2853
8394 8550
9860 9150
8531 4639
6595 9989
264 6071
4977 593
728 19
8655 8137
5869 3462
5856 1993
9783 714
4679 9066
7941 9134
7616 3086
6430 7332
663 6926
9564 6538
7765 5662
1793 4849
6474 8832
7812 268
8339 324
-1
9003 9268
9164 5662
6973 573
4572 4553
9052 7061
-1
3835 210
6586 6123
1746 5080
4350 7829
3746 5654
2933 4995
3941 8500
1113 6687
3487 5207
3004 3659
6262 1830
7878 1124
6422 7466
2108 7415
3513 2844
3197 6763
8203 1590
3432 1050
8732 2572
5699 686
4300 3264
9694 4088
2339 7365
4189 261
1575 6688
118 3041
6789 366
3531 6569
9999 4399
7005 925
7673 1286
5583 693
3852 4744
5077 1569
2401 7385
6348 3854
2419 7822
8383 9654
4472 6924
7832 8132
3785 1833
2779 7055
4223 3141
2956 1369
1780 8914
4282 8098
262 8271
8926 7576
2246 395
643 1055
5192 5950
-1
2869 8878
471 4996
2727 2899
6261 8750
2586 6184
8159 9900
8882 154
5379 8343
6625 762
2469 1597
9186 8735
1083 2145
9767 3455
1656 4029
2896 8430
950 9309
8696 8130
8409 9034
3733 4253
3093 7115
8433 2341
250 9298
5393 6855
7810 414
9337 9272
5666 670
3521 5552
4124 4162
7525 7937
8796 326
1800 5331
1941 8725
1720 1664
5333 9641
3 1263
7307 4370
8434 3252
5273 5694
4311 1433
4348 7165
5762 1049
9930 893
6221 9297
7693 8515
7561 3783
5822 8177
1580 4998
8480 302
2074 1453
7523 4690
4271 3608
4780 2293
4201 6186
7364 3886
2516 6860
3943 7157
856 6254
8523 5423
5483 2056
9476 2601
9924 6076
9118 6419
7911 1907
3107 7619
6638 265
3729 5707
6402 254
3294 8253
8155 9948
243 4149
3304 805
1944 7870
4939 9294
556 1398
9282 8216
6211 3057
713 3945
742 8882
3333 9103
315 6388
8787 1936
9588 5676
1353 1469
7029 553
2317 8040
7686 6456
7852 2486
4515 5920
1299 5360
5607 8269
5384 5107
6626 1697
4082 1812
1322 5204
2010 9277
5482 5264
2424 572
6526 6409
9731 4131
1510 1808
8789 7351
4812 8216
7909 8624
8344 3517
3017 2860
3149 1529
8899 6446
7432 1507
2522 3804
4177 4398
6118 2660
8487 5124
9924 9395
8701 7437
6110 7491
3631 8291
3163 2178
5292 6170
5476 499
461 5690
6907 7504
425 3483
2470 8615
8627 1925
8751 5484
9208 757
3697 6130
1852 6895
3147 4334
6278 3651
4170 3762
-1
5413 7386
5435 354
9276 7173
8046 1733
7280 9423
9150 9415
5426 4652
20 8023
7900 8440
3140 5138
7729 2462
1625 7781
9289 9177
5755 3862
4295 1114
4897 2160
7808 9173
5415 7107
6115 8471
9648 1225
1210 2167
143 1612
4293 6462
3679 1564
9256 2853
3202 4076
1198 7767
3648 9690
3920 7379
9382 7765
4733 9071
8238 988
5169 3824
8390 5726
4668 6764
8267 8534
9693 8501
3100 9601
5337 7129
6031 9117
1341 768
6109 6720
1660 1724
1227 6846
6120 1214
2996 4429
3846 7674
7830 8625
1093 3595
9520 2702
2618 1922
6183 3543
9779 1325
3717 2374
5965 5078
5659 3936
5159 7608
4009 8917
3805 9797
6165 8704
4047 1915
8526 3505
8583 3037
3221 1053
612 7883
3185 7037
6496 9937
5840 2777
7094 903
4753 9684
1689 7239
2348 2058
8139 3630
2396 7074
5123 3145
4524 8070
2183 2181
9089 6384
9273 2007
5190 1255
2194 1869
9790 3736
4851 3774
-1
5815 1127
4774 3733
7338 7869
1075 9880
3211 6715
1688 6745
4556 5120
9065 8091
587 1596
8900 8334
2236 9492
7020 3796
4937 1868
9911 8747
5357 6459
6623 2562
2875 4747
127 9964
6058 853
8703 7767
8694 8114
8198 2291
6723 4091
1792 98
3094 1295
228 2391
452 6963
7069 1516
8362 8106
8268 6458
5514 5458
8847 7626
2781 9823
963 6153
3546 6243
5967 373
4829 881
3361 4991
5566 4880
3997 7669
4887 4904
4969 5870
2918 385
3484 7
2458 7281
6204 4591
5104 6024
8690 8111
388 282
5119 176
6481 5187
-1
8521 5810
3200 9328
50 6619
4881 2018
5245 5814
9019 59
845 4986
1106 4493
6332 9670
3232 2266
3490 6072
5497 5660
1487 8282
2656 4295
9156 6588
7100 9500
3174 6121
6687 3267
7181 6010
8716 1928
6702 8307
3401 7573
4354 4060
9462 9582
5010 741
8247 7755
8810 5963
9544 3397
5767 9854
2732 1598
5977 3269
9577 6348
7345 4219
9566 4792
1190 830
7993 38
8221 9989
4816 7713
6344 5354
3407 3303
8009 5679
8250 7414
8027 8790
2258 2662
5917 9635
3018 6829
1947 2124
5843 9425
3879 7676
7698 5768
3316 804
7894 9306
4495 5564
5080 3817
6954 6241
7711 8561
4824 1889
5039 8250
8188 7599
5316 4018
7586 1511
170 6334
1220 1191
8861 8176
7632 1331
4594 8422
5279 6592
6775 8095
8392 4616
8060 4199
2574 2690
4959 5443
4819 632
2136 1328
6238 3271
6399 7540
9385 7226
5041 4844
7855 8902
373 6949
8676 6713
3618 3760
2559 7950
992 7471
7979 7929
2945 3290
2925 3740
3716 3748
1238 6380
5498 4056
4030 8239
7805 2395
4530 622
8815 7721
2665 5430
5636 1420
4862 3587
4219 5065
3357 3124
6834 6878
984 2036
1849 6122
1123 3785
4415 4257
6284 704
2947 7903
9243 6610
6591 3513
8661 2658
6968 6610
7640 1747
9041 6213
2919 9295
8684 7823
2054 3186
4532 4250
7842 9705
5220 1616
606 4557
3063 3061
5278 2833
7084 1608
328 8624
6725 4516
171 8404
7858 1541
977 4834
3968 575
7756 8801
8354 7658
9329 8432
7006 6656
603 7407
6080 1389
8648 186
9353 9050
7795 3382
2300 5622
5892 980
1106 440
5984 9530
6873 2589
4729 9316
9217 8417
2 6649
2370 1619
8025 7779
86 5185
2854 5467
3379 4908
1441 5608
7852 8865
4695 297
3888 7494
4316 3384
9271 9052
8868 7136
346 1060
7280 2307
9473 1527
2709 3907
7858 117
6322 6676
1015 2484
9108 3064
764 2447
8394 8923
8493 5617
1492 5809
8958 4770
5702 910
4081 1832
4371 5149
7367 8908
561 945
4713 4547
855 3365
8574 960
3667 3098
9743 4008
8742 4303
522 6977
1547 563
9876 9017
9292 2960
1444 1320
4330 4950
5043 2452
5612 8148
8345 2479
246 3538
1155 4941
803 7458
7248 1298
4398 9575
6861 6889
9758 5953
4591 8193
1395 7168
4875 6979
9086 6008
2644 3114
1832 5900
1244 7877
5915 5435
1943 2829
899 6292
9496 5781
8783 963
4394 8369
8585 640
7454 8847
1856 9652
7680 1696
7603 3948
1014 5611
1142 5195
2957 384
5638 4784
3845 8030
9938 6031
7650 5228
6314 87
-1
9755 795
8149 1172
8102 7174
5925 3464
2248 4136
5834 2508
8644 2522
2067 9296
1576 9702
3957 9153
6928 6605
2838 1942
7478 8147
633 7674
6097 3510
5214 5710
4308 1390
3928 7657
6546 5500
5705 8253
4975 9531
1556 5710
8370 8613
9777 6893
7479 526
8496 9839
7564 2205
4112 8149
6303 2671
1387 8946
8764 3828
2395 7554
8351 2489
4929 9139
174 8310
9840 8045
5649 1839
5361 9206
6179 7796
8728 2683
4202 7070
3623 7781
817 4999
8848 4256
8502 8584
5778 64
5276 2999
7594 1987
780 3638
244 5364
1747 9447
7546 2695
3195 2911
7030 6496
4361 9306
113 8401
5387 7339
166 7200
603 4874
628 4228
1407 1438
8937 2924
736 5704
6385 8264
5147 5257
5531 4939
4955 4692
2761 6694
1674 180
4734 2319
7383 509
2467 5494
9721 7131
9343 1786
3759 7806
8967 449
6116 8226
3934 767
4503 645
2718 2422
4698 1181
4311 1714
9347 9583
-1
6765 6994
6409 5454
1649 2184
6075 5971
3229 8962
9372 8344
4382 6360
8068 3730
3206 4403
1109 9545
4230 7268
4221 7596
7614 1377
-1
397 2225
8223 488
129 6390
2900 3664
7190 1628
9817 6251
369 9384
3600 9692
8909 3641
5634 356
2094 1592
8379 5618
1553 9270
4509 7477
3534 5273
7457 1010
5260 8254
5139 7962
7691 359
849 9782
7748 1183
2216 4773
545 5726
995 693
1712 8463
6317 109
9868 4218
9187 2421
9048 6822
8817 3975
8755 7793
2169 1889
8557 9614
1632 1738
1901 421
8429 509
8876 4466
7868 7476
3055 5125
2716 6136
9424 4436
1069 2967
4746 5750
6987 8815
7890 5436
1265 1263
8814 1906
6026 140
347 5485
4231 6415
4446 1811
3740 8853
8965 1959
5363 5457
7562 4882
8778 2285
2839 2002
9954 2423
2326 8791
625 6289
9420 7392
2146 1814
2839 2364
1018 1118
338 1751
7815 263
7107 411
4290 7370
3843 3777
3455 2446
296 6958
8836 4517
3380 9524
3942 962
3019 5180
6664 4777
3528 3246
5294 7628
8553 3538
3109 9502
2752 6480
3295 3957
1562 1161
1501 3082
7511 8631
7974 5757
3743 5724
3544 771
3665 9515
2803 1008
7317 3296
2730 6740
8712 9475
7991 7736
5547 4736
9739 3818
666 5445
9433 3176
5521 2487
7094 101
8620 8659
4100 7182
2510 1996
896 4070
5597 9895
4637 3654
4168 5613
3630 6981
8205 8366
472 9243
9795 6159
1890 300
1076 4645
6938 9918
7792 4342
3189 3392
6566 6134
3355 4519
7112 9055
2135 4798
7188 8798
9341 2508
8278 542
8427 1820
3105 2986
6731 4399
1878 7862
1911 5122
3501 5798
156 9945
8935 1449
4667 5496
6611 732
6287 7896
5568 4879
3287 4644
3463 5205
4997 710
8839 8189
2255 1668
9412 686
6178 4786
9673 1485
3724 1870
9968 5314
3758 4344
2872 5421
5267 3980
3493 8601
7690 2177
8084 3277
5060 5722
9360 6168
5171 1110
5757 5317
9074 2124
2457 3703
2889 6775
3562 4611
102 9534
2978 4944
126 4805
5380 2289
6821 2075
6156 48
7549 6250
9451 4913
7194 5738
7293 5769
5543 8116
1231 4888
241 6298
795 1414
3359 2004
3927 4380
588 7396
9900 9209
8103 1750
6638 8910
2184 9935
4284 2376
1647 5754
7399 3348
9866 7917
9845 1135
9208 5262
916 8168
1746 3217
3240 9074
1822 1567
605 3866
4121 6403
5256 8779
9151 7474
2081 6608
5318 2728
6655 9803
6112 8867
2037 4580
1192 5729
1824 1267
9639 2001
5824 2578
936 6711
2083 874
9128 7009
-1
3473 5843
972 5253
2529 8093
8693 1787
2554 3780
8557 1859
7701 7195
7140 752
49 1363
8674 458
3308 4944
6311 8706
5021 5729
6027 8144
8508 7914
54 409
6629 5277
6326 1809
4275 6683
4393 5940
952 9827
8587 5442
6576 4797
4956 4879
573 3644
2106 7516
7247 2895
784 6365
1461 6270
4150 9246
582 9842
524 4003
4463 5465
3373 8478
7743 5960
4586 9024
7557 7625
363 6331
1483 41
1670 7325
5220 2103
848 2185
9810 1933
8885 7203
8284 1052
6541 4839
1316 8592
12 5335
3033 1809
777 7612
3046 7947
2983 9058
-1
5322 9434
2468 3299
5438 5513
6991 9776
5693 7288
4031 6931
8252 2856
8156 5583
2350 9394
6358 8274
2610 5889
4541 8065
5687 9334
637 8210
5740 7324
747 3193
4820 8916
1853 9972
7316 5408
4953 7981
9689 3219
6389 8407
3808 5392
7725 3582
6086 9371
9592 913
3580 8540
2240 1606
183 5097
1460 1559
4232 7768
6182 7790
5678 1774
5663 1105
1170 2530
5885 9109
4979 1037
3949 173
8056 8906
2689 293
9889 5285
7248 7277
7427 5991
8831 9375
6841 2222
3922 2961
6057 6226
3663 7853
1237 7724
3367 2189
1393 3408
474 9824
3889 6382
2334 7539
522 3588
4503 763
897 1855
3269 2138
5115 4396
7685 156
7122 1641
7678 8782
1864 6127
5995 1528
2944 9204
6270 7722
9115 602
704 9864
7586 9032
8010 94
7876 3160
807 7955
5015 1804
4581 2892
1837 243
3776 9278
1923 5848
860 5779
5441 4357
7886 770
5008 5340
2624 9432
8128 3444
4036 7137
294 9098
6577 9000
4074 2232
6041 6105
4723 5448
4319 7616
1883 55
9390 6079
6522 4684
2552 5820
2594 9236
3976 685
9867 2565
8127 3659
2855 3627
7557 1096
9412 6732
6984 3278
1381 8467
6751 3542
827 6955
5061 4609
1558 1318
9221 6267
3293 86
6035 3739
6603 3971
2931 9406
5763 6854
-1
7938 9810
-1
5441 7502
7754 8187
4757 8798
7763 4078
7845 76
1139 9561
4807 6919
37 6575
7757 9631
9122 107
3753 9601
3353 5470
1555 1756
6725 7895
3439 2064
8005 3594
7485 1461
7211 2379
8105 1785
39 2201
3230 8247
9972 1592
5381 5845
3601 6780
1757 3667
6321 6818
2330 9635
1690 5369
9679 5265
1096 3250
7352 9846
2939 5286
2751 4720
2209 8391
3946 7434
6439 3302
5227 729
7966 9763
8124 3735
582 9163
1676 6795
320 5906
4639 5783
8737 6347
2303 9619
5856 3131
1739 7919
9885 4513
4175 477
6856 8056
8094 3072
2750 2238
1616 9445
1801 9497
7951 5434
641 5948
6368 8506
2155 6972
67 9312
3148 5414
8883 2365
8044 8606
6206 5135
4546 2364
692 6551
391 5706
2385 9094
5967 252
7770 4703
2237 4427
800 1209
5750 1026
3234 3842
306 7739
6666 4687
8507 9713
3988 3187
201 589
4661 7421
659 9232
60 2561
3640 7731
7886 2759
9184 7187
9712 3024
32 2543
8006 5389
9803 7992
9267 2082
7715 6580
4386 5733
587 4335
6992 1863
2918 8412
5003 5791
2753 3077
944 9442
2934 4548
2151 7019
9063 7797
1771 2676
8881 3670
2994 7278
3622 5890
7480 7346
7844 4410
3332 2934
4751 5325
2563 1896
2384 7667
2494 6219
5603 6584
1419 6134
181 9027
6149 5898
9145 6615
6084 5077
5475 9542
9251 5422
347 7849
4662 4060
9969 4671
2613 7376
3546 5251
5120 655
3708 3610
8061 8908
5806 1204
6572 3741
9495 2082
7968 5581
2148 917
9369 5090
1975 1573
8342 3373
5343 2584
7627 8287
1643 8945
4429 2740
3076 4011
1443 46
6947 4978
1946 1998
203 2443
6612 1586
7108 6869
2787 1179
5240 281
6916 3067
8456 860
3088 4452
3729 3062
2017 1993
4745 4088
2416 526
1666 5336
9059 6852
3081 4656
7313 8403
1586 5480
1130 8661
6188 10
589 9101
7776 8569
6581 7143
5149 654
2817 3536
4883 8920
322 4595
5646 9607
8852 3179
9009 7842
7250 5113
8392 312
7794 8175
8169 9961
3236 5773
3448 2033
8397 4641
6269 699
6261 9120
2631 6952
7910 7881
2472 8287
1185 9867
9084 7864
9940 4375
2948 3317
3692 3162
2360 108
9209 374
4394 975
7298 3879
7873 9958
2512 2053
1814 2548
6951 6565
9640 1207
8255 3248
2294 6567
4439 821
2571 6042
1347 5259
7930 6596
3816 2758
7393 456
3011 8435
7899 6236
7361 3122
5821 7111
521 1153
2754 4637
9915 1897
5873 8616
146 4905
4460 793
5517 3137
888 9677
9165 5554
6079 7867
4216 8705
2084 5115
3627 2964
1147 2762
783 9765
2805 1236
6862 3285
311 7358
6539 3230
9477 2290
3166 5987
6748 1669
705 5599
8295 9545
3397 942
4518 721
8875 1025
7221 9728
7324 2106
3133 4731
9617 2502
4243 9228
5154 6644
9795 8621
8918 7769
5404 3417
4968 9438
9043 446
8571 5174
7679 2146
4521 8958
9723 2496
2781 7414
2181 2873
733 3249
491 802
7303 4128
48 6798
1604 141
4830 1968
4126 1938
5215 6518
488 3466
7077 5069
2792 8092
3853 798
5018 7410
7906 2901
6241 2037
4067 799
3222 3328
1084 2108
1250 8837
3132 3716
5960 8547
8090 5970
8013 3672
1977 6231
5559 4550
1302 81
9257 971
5088 7777
4487 8226
3973 3149
7340 1932
9497 5974
6717 1248
-1
2279 613
6289 2794
3384 5931
4790 9425
3172 8646
8181 7198
5158 400
-1
3955 3170
7364 9112
9043 7749
426 4479
8442 2288
3795 7520
8792 6633
9271 2838
9075 3908
7843 9871
2518 3858
9160 9587
8975 5825
5991 5342
8355 1286
5223 2717
7041 882
9856 3418
1100 7313
6928 3275
2861 390
5627 360
2174 2882
4919 7705
9914 9224
1380 7312
7844 6055
389 6310
8211 876
9849 570
6306 1520
922 1588
3328 5393
1571 6307
9663 5850
9437 5129
4227 3395
5928 9710
9029 4481
5549 7648
9410 6507
3029 9399
1705 4059
5946 3132
8622 955
8402 9532
7132 1480
2105 123
8816 9736
1505 7831
7654 3602
3453 4898
4623 739
7162 3744
4958 2298
974 9387
3907 3012
1720 3084
556 88
2801 9572
6858 5746
7965 9719
638 6394
434 9596
6349 2811
6373 4649
9789 3493
431 9543
8315 5258
6406 660
129 4222
9279 7637
233 5914
2681 3897
2399 7109
9110 1184
8071 4708
6554 6759
1202 1221
1174 57
3859 706
6411 1819
9465 9983
9126 7683
2564 1600
9499 6903
5377 3292
1680 7133
793 5693
5046 3588
3026 2325
6613 1336
4334 8399
5529 4105
6061 6243
8290 2442
5181 8914
739 4322
2682 8244
6106 625
4365 6934
3255 7383
3607 893
7135 8262
3552 7127
5023 6519
6827 2374
8999 9549
139 743
3962 4758
288 2262
7069 1579
1272 1577
2239 5566
9040 4552
3079 5078
5349 987
6038 4423
4473 562
5623 634
3343 7163
1007 8405
2104 1063
5857 4405
7937 2899
5487 2891
7206 7233
9238 5577
9181 7236
2802 2958
7363 9540
4954 956
3330 9421
9142 3045
3008 2235
179 7623
7169 5464
3802 8545
8478 4364
9286 6330
885 2711
4347 4470
7661 1408
4261 7613
819 8794
3550 7157
7959 617
7748 5030
6126 6724
1396 7618
1305 4798
3576 9637
2498 6648
776 4064
3255 1297
4537 2791
8799 259
5508 256
4111 5403
5499 9056
734 1319
2394 1033
57 1245
2621 4743
7814 1748
6922 806
6910 6147
4360 7871
4636 8985
5728 1585
1306 9003
9802 4778
262 8201
8449 6584
6747 9338
6083 9775
8572 8005
2066 8510
112 5819
6969 1153
1934 5526
572 3746
141 2282
8520 5245
-1
7015 3916
2650 1487
7229 1639
4086 4527
1236 9417
9065 6351
9638 9025
-1
9526 8327
910 3810
5217 4102
6470 1927
6465 333
9609 2988
3545 6287
6445 6939
4596 164
6691 2046
387 4308
5401 4047
2535 3937
7771 9079
2932 9018
9772 9742
5063 234
843 9892
4905 5653
8710 2974
9024 9922
6418 4809
9351 2804
9284 8528
727 4037
4625 516
301 7213
1098 2733
5997 2720
4220 8978
2141 6815
8950 5788
8574 1379
9639 9536
9640 76
8649 9580
1494 8894
5998 184
6095 5394
3207 5504
3924 650
7062 8773
4519 459
3919 7007
9818 3187
5329 3075
8948 8309
2722 2700
7488 6572
9861 7783
2167 9327
3261 3407
1005 8347
4273 6587
2480 5905
2945 9543
7179 9959
4787 1037
5410 1794
3402 1550
2637 5525
5010 820
8529 1009
5012 7149
5811 8792
8842 1164
3430 9986
9467 8682
5995 3754
3619 6444
1347 1284
4062 2760
6682 1002
3742 4421
5567 6195
3885 8183
8671 9132
6343 9821
7449 2495
2774 6585
9330 4267
491 1426
1699 1711
8066 9410
5276 1750
1194 6535
336 7007
5918 1821
1335 659
4042 4501
6366 1525
6631 158
9348 8645
1511 228
4957 9211
6126 5688
3352 4744
8227 6594
1169 2027
37 8140
5681 4241
517 7143
2914 1761
9539 5306
6091 7373
3103 5745
7446 8372
5669 9394
1971 6318
5871 2688
6989 9504
4531 7054
8734 3213
4163 4983
7372 3387
5130 1737
1176 1133
7330 1653
6511 3603
2273 8296
2465 9727
2465 3497
690 7778
6194 9632
5601 9452
6532 5098
1504 2031
6477 145
1108 7530
5020 110
-1
2848 3616
3888 923
833 6216
6515 7023
6794 4075
7418 1427
4843 5373
1184 1202
2645 3019
9517 5858
9226 7837
9459 3498
9228 3052
9039 106
-1
1362 8187
6534 9051
3506 1930
121 5301
6847 6435
8749 1902
1009 2825
5050 5316
-1
8887 237
9802 5302
4416 8326
4127 7998
6340 8003
5811 6758
9724 9735
1382 16
8244 9790
7841 3162
2961 4901
7156 2835
7018 3313
7167 8620
7724 8971
3441 7566
1866 9147
4780 883
8995 2188
1340 1543
7506 818
5132 6045
9061 3144
411 3091
280 1753
1937 1939
5415 9359
9266 988
9791 4300
8375 8508
7685 6767
1312 6947
4881 4917
6308 8666
-1
7552 4730
9912 6674
9037 1475
5524 2816
4852 490
5145 5968
6839 9660
7442 5509
9473 1393
9659 3268
215 1979
6416 3199
972 7500
5412 9711
8425 5952
5656 9645
8302 2494
2491 3273
3516 2101
4522 4392
7665 9918
1064 4534
4811 7726
3596 7833
836 6146
1669 7044
3974 4808
1826 1687
8412 9525
8007 6332
4864 8133
9119 1525
9694 609
4708 1724
9091 4093
8883 3704
6200 1152
3756 5966
5434 5359
2534 9571
5859 904
5130 8532
8685 5455
1052 3449
2856 9571
7456 9613
5653 7948
267 9750
8909 1440
4294 3485
2587 7265
4377 3985
5442 7214
7689 2227
3891 7559
6865 8422
4138 8325
1057 6632
4442 1895
505 2233
3870 3011
3062 4433
4987 4436
8967 9580
9367 3621
2261 5432
1986 6245
4091 4423
6848 74
9725 1577
3245 4795
5579 2912
7123 1623
4343 2193
1389 3962
1344 4536
1109 1100
3994 1042
3787 5255
1894 4154
9386 4631
6828 3206
6965 2612
7969 2858
8095 2397
260 5751
5284 7134
7174 3508
5803 9914
9064 6438
4339 5027
2063 5738
1047 2897
9120 9026
8970 5713
7008 8884
6476 6617
6792 6807
2912 5674
7434 4475
9469 7029
3681 3823
3973 9475
8182 7453
2172 3875
4549 8666
6282 1813
5626 4363
8667 3474
2139 274
1366 8632
3931 2243
6506 3175
3863 9291
224 535
4237 3354
502 379
8736 5221
2441 3389
9482 3688
3274 6601
4163 3054
983 3006
2199 7025
2310 5526
5649 5844
6024 5131
1706 4214
1025 2801
5841 9830
1253 9707
7687 8917
4547 2808
7683 6905
5715 4615
8545 3894
2165 6027
6566 1251
1205 3437
1951 240
6729 7040
7160 805
3433 1390
6395 9446
789 9604
6573 5594
27 5210
9105 2064
7086 9397
9197 7349
6489 665
6074 9002
8484 3142
811 285
9966 5932
5999 1278
5133 2879
2073 2698
8435 2981
5740 3180
248 5300
2620 8467
3378 7761
8034 1323
8301 1462
9526 8988
3349 3228
3468 4982
1538 2816
8951 7442
2641 7747
1161 6510
1734 9619
5282 9862
2130 8858
3065 9259
2399 2290
808 7129
2250 4315
4953 307
3025 3945
2876 1956
9997 5122
7042 3423
8718 3910
5062 5964
1942 5996
4668 697
7784 6325
631 6550
4971 7409
8537 611
3097 878
3422 2715
4677 5219
3620 5701
9439 2118
193 7377
607 3088
53 1743
1398 1838
5303 6131
2893 5794
1810 6237
2616 3792
5560 4757
1352 7166
6039 1233
7526 852
3350 9296
5042 2052
3245 4299
5493 884
4016 3459
6038 5594
1320 1557
9528 1636
7564 8022
6135 3300
7615 9796
8731 7438
8372 2721
8915 4248
1910 8498
5253 3978
4435 1600
7001 2039
7192 4496
2365 7734
7515 2120
1522 8352
8454 5642
7334 8719
906 2785
854 3860
7608 4605
7078 165
5596 1518
4899 2265
39 2570
298 6746
6172 1558
7217 4537
8254 7595
680 792
6020 8300
2775 9557
1610 427
5931 4021
6963 8525
3738 1258
6224 794
6471 5771
9829 9077
927 7543
7240 5972
9483 5437
6477 3872
4153 4575
1051 5533
2519 1012
4765 8026
7013 6393
5899 9711
7428 7622
8321 4118
6073 9732
639 6267
2408 8636
565 486
7483 5007
3023 7003
1713 2791
4137 9012
2790 9370
2940 564
6554 3715
847 7101
2877 9577
7773 905
9857 7956
6720 3346
6893 2272
4970 6155
2202 7275
8131 6181
5050 4870
1522 2741
9114 5760
7615 7058
5046 9733
493 2784
6090 8165
6693 9327
2863 7402
8826 8643
585 26
5827 3575
8008 9121
5854 6803
5209 4644
4340 7534
528 122
5106 9893
4405 9636
3851 335
2497 9359
1141 6922
4281 3313
9253 1162
8139 1356
4080 238
3544 4028
983 9166
1955 4635
6260 3146
2512 8976
7882 9957
5420 5103
1034 3020
629 8011
5731 7627
7353 3836
6367 5473
7276 1691
8982 3875
7877 9754
8148 7977
2503 8907
3031 6393
7866 1929
3828 1935
3233 5429
2845 1193
1055 5459
8079 1079
3368 1332
7031 1464
3303 5390
464 986
1359 4187
2959 4491
5677 8524
2740 779
1796 6861
2305 1131
4196 371
7125 5232
1872 6294
304 1888
2502 5460
8326 382
9578 4333
7507 6165
8638 6773
9007 6058
5836 3841
6709 4955
9240 736
8546 951
2302 247
425 5294
3305 7864
7068 1142
8298 427
2437 1581
8762 3342
8998 6495
8497 8488
4320 9633
569 1759
3405 7874
6514 1125
3443 7115
2871 6686
5374 7299
4666 7862
4051 6386
335 735
5016 403
2592 9489
319 2276
8886 4976
8473 9882
7086 9672
749 5930
4172 7655
7185 5961
9600 9448
2029 5800
4875 8098
6832 195
8576 6722
1959 8129
6256 7610
7876 8854
7108 5956
7088 3665
7851 192
9102 5518
8628 1205
1018 8822
8503 1859
8838 2153
6345 5838
1311 7401
2652 192
4082 202
6703 4268
2323 1027
1163 584
4793 43
8171 494
5378 891
4769 9258
2093 7812
2391 5445
6658 9182
7237 8911
519 6779
3676 3499
3141 9902
1004 6868
6441 1783
1069 2977
8342 3938
9213 1788
2335 1388
9522 4167
7453 3606
8456 4709
7788 3784
4937 6204
8124 7421
9950 7467
4642 3678
1729 2669
1158 3380
7144 9479
943 7751
6643 3693
9626 8826
7388 2602
6682 303
7466 5073
7689 4442
6728 2980
5553 3592
6528 4101
3037 323
4353 1559
796 8360
665 4385
4961 9134
7989 8173
6512 1764
7552 4349
8693 495
5167 6971
7669 1039
2013 5593
7212 3424
4660 5917
6887 1709
5362 7732
7974 970
5696 4473
6639 6273
4951 5001
9962 5837
2628 3623
6697 2028
4489 6999
8190 9293
9944 3121
3934 615
3734 8471
1503 8517
4447 7395
7445 6729
1334 7514
7610 5509
1847 6116
2701 5307
8054 284
3222 5271
1551 6807
2464 66
9837 3456
9386 7030
7753 1902
8100 9899
4418 2378
4397 5109
429 9259
5761 3706
5183 3982
9227 4278
3647 3858
8355 3203
8186 196
4615 9774
456 4355
2488 8199
2854 2725
674 424
9622 3654
4698 3559
5969 6520
9851 2998
1459 7803
4582 4603
6064 6221
5936 6264
1891 44
1368 1962
6338 8376
8117 219
9049 1718
7722 5793
6630 9081
4985 6379
6747 4724
1283 9783
734 4285
3045 361
7546 7958
5161 8806
3549 4146
2392 8751
7540 6298
7600 6874
8906 964
1412 89
4103 326
1572 9388
6915 9433
7222 6830
4562 4200
3581 2130
8174 6934
2851 5172
4614 2045
4860 8728
1187 1983
8093 1904
7597 6025
1019 9964
5937 2207
68 3307
1767 939
5982 7397
9550 2072
6307 1008
1252 8745
8208 8256
3150 3300
5604 7479
321 9505
8234 3917
8505 8750
1877 2352
1658 2706
7229 8861
2997 8629
835 7334
9236 9666
9275 5095
1727 7017
5944 4461
3790 6491
7171 8318
5886 6805
4180 8562
9217 1873
4914 20
5112 2737
8352 8726
4892 8577
5748 1648
7491 9270
8901 8700
7088 2723
2407 6708
7984 3683
8519 6012
9730 2786
1517 2958
6428 5085
5480 6255
5909 8351
9324 5105
9476 43
2514 6205
3690 5328
4580 2136
9511 8563
9424 6671
7005 7252
1596 5884
5667 3143
307 4500
9017 2800
15 5280
9524 2936
7957 6278
9384 5380
1188 6578
6722 2623
4338 5800
6418 6357
6593 9668
9480 4485
1001 701
3617 6177
744 7719
4056 8769
6363 9541
178 2527
269 2668
5719 7840
6752 5621
1922 5844
4671 9248
454 138
4467 8720
5712 2975
3297 350
4363 8452
7266 7189
146 1415
4052 8101
9391 3747
5768 7568
5805 2295
1181 897
208 5444
5746 330
3995 4350
3231 6149
3596 4775
5737 5618
4419 5428
7752 3757
6988 4001
4799 2726
6255 8543
6320 5777
3831 1016
1319 3419
3415 8004
9363 7639
7932 3980
5274 7948
5397 1654
9203 7847
9380 2843
7639 861
4764 2456
8562 9676
6996 8554
539 9179
7158 4511
2156 1882
8033 378
9224 1112
4446 3427
2163 8018
8894 4739
6082 166
711 1728
5039 5052
7375 1217
9198 5137
6390 9973
9684 8972
1964 6752
8385 2790
9598 4106
3542 5744
3296 6644
3003 8440
3590 5478
6376 3999
4822 3604
9929 2578
1675 9116
5213 2162
7916 1107
6346 4771
2995 5972
5700 5669
5568 3821
5315 5635
1419 5079
9046 6880
3371 276
8439 485
7547 6701
3826 274
-1
7288 8092
2197 6349
1219 5462
9260 653
6940 8634
7990 3736
148 3906
1388 889
160 698
9634 564
7832 6352
2765 9151
7813 6585
2143 8999
3097 5376
3847 4362
7318 3325
1591 6268
2048 681
9288 327
6647 4321
4496 2939
9740 1881
9470 9238
3119 1629
2322 5784
2053 9010
6803 8528
2768 3489
8229 6884
8428 9980
8737 2598
3652 7468
2060 1762
3179 9145
1630 5812
3730 986
7584 3887
4073 4640
8398 9035
9593 4239
481 2695
6646 1402
4376 7555
6119 9537
8501 5990
9581 584
1002 4523
9295 3475
4815 4288
4486 7056
861 4152
3158 3744
5691 993
4655 4054
8468 7651
779 2470
2244 6527
1444 830
3911 2141
4676 3903
1423 7460
6419 9223
9871 1769
3393 5555
4629 5063
9596 5015
6972 3498
6235 545
9750 1608
3435 3784
1304 9582
4614 6337
-1
7298 2447
1726 5831
1884 5153
8193 9171
518 958
6380 9595
3428 3263
5270 3071
7441 7629
5579 474
9584 5425
4980 5410
3876 8823
9744 833
3473 8402
3636 4963
5598 3864
620 9908
1707 1595
1500 7483
8027 2604
6478 8125
2587 6636
6907 1508
8605 3778
7389 3160
223 8834
2627 1948
-1
4248 5344
8698 5008
4349 1292
9176 6464
4345 9235
3841 4816
7052 5176
7209 2033
2012 8163
9423 9565
3956 8614
6817 959
7943 1891
8082 7036
3445 4461
7502 3468
9715 4037
2373 7234
4789 1971
3656 6847
5377 6218
1058 1113
2526 757
-1
7694 8141
7382 2647
224 3814
3548 5468
5229 5282
6959 5045
4307 3811
3080 6810
6680 546
4678 1917
6069 3658
4193 56
6070 4262
7429 5054
5057 9194
285 1422
2458 2975
496 9749
9849 9465
4813 5414
2996 3215
6762 2411
5094 422
5281 1367
907 2011
3005 7605
4033 8217
8636 9974
942 6498
8850 586
2427 7930
6276 9909
251 4150
7578 8877
2114 6614
6857 4202
7504 1572
7035 853
6231 7406
1545 6941
5304 6630
7397 1694
5933 9302
3939 3634
9460 859
9573 242
8407 7769
7737 2085
1104 3697
3520 4250
8080 5873
4177 7922
9 6157
7104 7190
9523 1733
4992 8766
8650 6424
8954 1400
4055 7098
7147 9287
4098 7853
9320 5259
3555 5450
5591 1864
2539 2507
3314 7183
5005 982
6396 683
1555 4231
1574 6092
8040 5328
721 8550
4809 3929
4057 1877
3660 9718
5096 3684
798 4072
4066 479
3632 5481
2025 7072
4044 5156
9239 7430
3345 4854
5962 9301
128 5275
1274 3225
4346 6685
1510 2844
6875 5234
4293 6609
291 9521
8194 6040
6898 8551
4356 8459
3580 3091
5114 2338
8363 9252
6293 8780
2744 2949
6527 1423
1307 1690
3565 5170
7384 6481
4977 3129
5980 5144
9813 1704
7146 7322
5060 3614
8222 9326
6825 6093
6218 924
5281 2016
2255 2196
514 9965
3111 9005
8628 4388
8765 3083
5504 7118
8895 9722
7193 5732
6706 7089
5289 91
9627 4915
1041 5460
2298 119
538 201
5686 4386
9342 5512
8169 8295
8306 5127
6087 5787
6060 8711
2343 8703
4392 9585
8570 2017
5076 2112
4620 9472
5168 4555
4156 7811
767 6014
6685 5968
4922 2078
6441 1813
2188 2881
3958 4761
6372 277
8050 8361
4040 4151
6356 7718
4585 2166
6102 4203
2341 6806
4893 8197
6891 8223
618 3322
2803 5833
2537 3442
7395 2271
2368 5207
8047 7493
3897 3639
7826 4384
709 6973
2206 1837
-1
2741 5136
6782 7041
7172 7495
9850 6041
-1
7065 9155
3822 445
7676 2219
4563 9934
6529 7068
530 1506
5554 9088
997 8175
5186 4694
3201 9038
1831 5181
1309 9512
3960 1918
2210 6056
7218 8612
9184 4630
5987 895
1651 6316
4332 1452
122 4500
3420 9997
8955 1789
237 8018
5472 5896
1795 7430
5070 9420
1854 1757
5419 441
2832 796
7258 14
1780 5966
5387 596
2931 7953
5367 3337
9310 590
2209 9453
6037 7355
6593 3387
-1
3381 2075
6167 2721
-1
322 1952
899 759
6794 6710
1219 2673
2501 1291
2435 9201
9380 338
3661 1678
1562 8020
3883 8017
8837 5640
9638 7679
2902 829
5172 165
7482 6875
6867 7559
2482 1851
7909 4851
4090 5902
1440 2959
7255 1395
8087 492
7095 4241
7757 3156
1367 5230
508 1048
320 9531
7374 3961
3302 4210
353 6263
412 862
7740 5196
591 9247
3197 1712
1137 136
6354 6661
3677 390
2686 7019
4754 3193
2965 2995
2880 5137
88 3311
7775 3116
5515 7695
5989 4575
7553 7700
2749 5590
446 3788
2896 6692
4800 9485
1338 249
5614 1358
6724 578
4528 629
8285 5680
6004 7006
6703 678
5689 666
1107 2275
6845 6975
1071 2646
8957 4895
9589 9691
4936 4846
3458 4818
7048 7079
1597 3714
5107 6327
2837 2972
8215 7942
548 7462
2471 4871
9313 2734
7946 4327
3508 7631
9674 4337
4395 9753
9891 8771
1637 8590
187 4453
5784 7128
9729 6880
4963 9157
5678 961
6281 9262
4058 9899
4996 2963
1316 3446
2823 1862
382 3608
3288 2499
8451 4212
5709 414
2751 1537
9661 8037
-1
7923 7888
8202 1081
9739 4087
6655 299
727 3106
9045 1149
7732 3199
5902 8670
14 5781
5537 5053
1013 7181
8975 5655
9416 6199
863 8677
5848 9714
8396 5497
3483 9318
1553 7233
5927 6656
8427 1679
7227 9162
2456 8437
9360 6823
8941 9376
3700 6171
6500 1425
2147 4718
130 9933
8879 5153
1805 7083
9946 6892
5409 2103
9707 2585
5118 8864
3085 3189
4624 5508
760 7173
4235 7556
4039 2575
1887 38
1172 8840
5033 5565
9199 1449
6319 8928
8384 8875
7049 7314
3560 4198
2129 3419
6015 1365
9093 4515
6210 8768
2048 6634
9951 9862
9021 1353
8807 5628
1770 8199
1031 2291
3131 5056
6012 3249
7556 9231
855 3486
2659 813
2811 6567
8904 4126
6123 1929
8549 718
2269 5411
9947 4221
3411 8377
7848 9614
956 5852
6143 4611
594 1114
9039 7394
9507 8266
8327 310
1710 2713
6938 4675
2370 3765
6574 9928
9078 6770
4514 8142
3589 236
5550 8918
854 9178
3522 7675
8271 72
1285 3082
2281 3613
2880 6905
8756 7332
5860 2866
9666 8214
2134 5910
9292 2852
5461 3885
7110 1247
6953 7881
3757 9944
1624 1721
50 8096
7243 4833
7456 9846
7712 8912
2684 3891
8833 218
177 2346
5737 1653
8500 5569
3970 9611
758 6078
1454 6354
6859 8234
6657 5236
2928 536
2572 6083
5223 1266
1850 461
3383 9426
857 3092
4801 7151
8689 2553
4847 3925
9444 7381
8516 1023
2477 8298
7119 3240
4120 7052
1989 3664
5623 3547
2431 537
5431 51
1904 1879
8656 7819
8603 6274
7973 3481
6739 6723
7772 339
5261 9780
6744 7338
493 7302
7049 1354
6831 554
8665 4142
1582 5224
2028 7011
1534 657
4992 8419
3270 2060
7688 477
2701 5102
126 8771
5361 2570
8726 366
313 2025
204 3805
3477 2708
394 9771
5006 7600
930 9963
1692 7978
258 3877
1088 5606
5003 2694
4297 2793
8553 2733
229 265
803 3462
4976 7826
7536 6545
90 5998
6529 9402
7033 936
6463 6896
5745 5648
5396 5775
2805 8845
1515 2797
8723 7887
595 591
1121 9858
2795 8927
8544 8472
4759 8868
2764 8117
2763 8896
7236 8777
902 9182
1979 476
8485 3522
3768 4099
8062 7980
3104 7337
1363 7687
850 717
939 2528
5986 4573
1972 4907
7514 6993
8371 2878
8651 9418
769 4629
2746 6025
4966 5780
3055 1032
1494 6305
3578 4187
6320 9646
9137 6179
9479 4478
4245 4674
7142 7542
3040 9685
1093 5825
4512 6
2426 467
5365 4184
2921 8521
2566 1836
3048 7856
9240 7285
3607 1604
9787 9682
2532 116
9657 2970
8359 4538
2516 2778
6117 5391
9375 8378
4247 6653
5761 8689
8943 3963
1186 5780
2248 4697
2453 2373
677 3642
3514 4331
1544 7418
7592 8066
1656 1620
3655 5946
6581 5899
7664 7366
4330 1138
3383 812
8165 4212
4058 6111
4487 5529
7686 8316
9356 7404
1095 1970
8970 5160
9887 1497
7222 4520
-1
