5000 569
2605 3367
3273 35
4307 2917
1649 3582
531 4276
718 174
4400 4389
1311 1940
555 1188
1391 1465
1668 3720
4556 2664
2935 1906
2048 3974
2439 3799
3107 1968
2547 945
1779 4527
3641 514
4162 2606
1512 4903
500 4147
693 4120
3652 4846
2392 4601
1174 2296
3607 3178
4397 4215
2024 1332
2017 2555
1060 4268
4006 4553
156 2875
4974 3890
1678 1783
3408 1774
1898 3175
1453 2444
3094 3824
4161 1652
4208 1827
982 2407
4905 3537
759 1097
4250 118
1129 4052
1318 4309
3770 2413
3225 1779
1840 3733
4852 2230
2723 4548
3880 929
1929 3033
3023 3357
1165 392
4518 4319
3206 3933
1329 3455
3609 1481
2061 1293
3949 2096
6 3483
4262 1268
2590 733
3260 4257
740 1922
4597 2385
1637 4529
3124 2287
4741 546
1215 102
3784 1640
2113 3603
3999 613
1901 4085
3944 4328
1487 2901
3023 1045
2951 3327
891 1728
2034 1107
2041 1069
1484 782
3603 4836
3197 895
597 3079
2838 3138
597 596
4502 4869
572 1226
2992 4472
45 4201
4323 1194
1055 4450
1182 723
2588 4741
1601 3236
2212 3675
991 2198
605 2755
2365 2562
81 4872
4350 1756
2003 2224
1206 4484
1334 696
3279 11
1097 1145
2517 2425
4645 4543
4400 484
939 2636
2339 4455
2406 4061
3313 2205
3294 841
1730 1801
3890 2922
2410 1607
840 999
1787 324
4753 1594
541 2231
3733 1952
4496 2021
4509 372
1600 3006
4877 3953
817 4223
4587 3509
3011 4684
1665 1053
1686 3718
3578 4778
4827 127
165 2176
205 2866
2206 3035
4771 1025
733 1789
4565 4129
4285 1346
1773 2450
61 3693
3308 2225
2864 4932
2243 4055
2495 476
1673 4604
1681 3258
943 2946
1453 1837
4920 3237
1459 1781
4914 4237
87 763
4213 2007
4146 4523
3337 2312
3797 3527
3573 3215
3470 4689
3427 4258
3013 196
3575 2866
3106 2873
3589 1536
2369 2816
910 3038
1084 4370
2183 1708
4776 4857
4142 1210
3793 4592
3766 4671
507 3444
2138 1539
2055 2291
2916 420
2968 4396
2979 40
4463 1370
1654 1259
2557 1613
4887 1556
3863 2381
1898 1835
4155 4161
541 4309
3695 3380
4184 1398
1787 1204
858 4230
4427 900
1950 3828
1852 2309
1246 1873
948 648
994 1652
2277 4730
1948 3392
2546 359
3555 2401
1163 29
3822 1575
1908 913
572 1614
482 3295
368 3163
4623 3548
1106 1211
2762 1807
3857 189
2234 1632
2847 4460
1649 2799
2046 4415
431 3323
4211 3354
4277 1106
2976 3071
4178 1769
2994 2736
1099 4360
1657 4788
4963 3245
2827 2632
1663 2908
4985 4858
335 1689
1508 2090
1169 1861
4121 2210
1170 2543
4830 1666
489 1127
2323 3593
4358 1332
764 2252
3720 1948
1079 2329
4346 2193
3116 1932
2609 2418
2600 4772
634 2389
3823 2245
4296 968
1721 2196
3837 1973
3425 290
3361 1734
2909 156
374 4759
3398 3826
3680 2438
2244 3602
2597 2320
4147 3595
1527 1237
434 1870
2670 917
3030 1302
21 975
505 3534
4261 759
1478 4911
3459 1450
4709 2494
3691 4600
28 1879
4804 4831
394 202
4713 759
4709 2327
3510 3828
1992 4392
4606 2332
3460 1538
2635 2111
1977 3506
2150 4051
213 4057
1341 1321
2325 253
1760 3916
4203 717
1061 4743
4287 4212
1405 3561
529 1835
3946 1153
1756 2080
1682 3487
4382 4076
3443 1335
1243 3348
2443 2329
4329 3050
3949 3990
4532 3988
37 2415
4674 3168
4463 4187
1005 3032
2692 2614
4985 801
4479 1002
3533 2357
2140 4343
1234 733
4402 4847
3845 2698
201 261
4346 4638
469 3893
425 1863
4842 1921
59 1149
437 2788
652 4403
2623 265
467 3249
431 2630
898 3724
4532 2503
616 1639
947 3215
1086 967
3031 2734
4447 91
4837 3219
655 1693
913 215
31 4804
2931 4025
1653 2508
2329 1215
4983 2977
3424 1008
2339 4942
1132 1604
344 621
3871 2975
3188 398
1911 1346
827 1676
2786 1748
980 1412
1224 2188
3194 4587
59 653
2210 3190
2941 1105
4432 1810
3995 1059
4638 1964
355 1009
3511 2299
2792 4332
4856 598
1957 1084
2658 1499
3619 1016
3080 4736
2755 2246
2455 4445
2426 1660
2620 4369
4494 1970
2256 1444
3610 4851
984 84
3888 2092
2561 956
2849 3217
343 2404
961 136
383 1814
2056 103
4831 2841
4271 144
1109 463
4728 4375
1043 295
70 1682
682 2843
1129 3305
847 4638
464 228
3509 531
3408 463
636 2967
1164 4824
4247 4209
4101 1338
1408 3843
3953 1441
1421 2906
2372 1163
1063 4867
2716 20
2786 2174
3468 807
4287 1752
1648 3479
673 1299
4881 4056
2080 1593
4878 3826
3271 568
4335 1536
1410 3528
3864 4395
310 712
3318 3547
589 4980
211 2574
1391 3409
439 1496
3581 4730
3394 4578
4543 3838
4143 4445
4071 4382
3864 1684
3314 2051
4104 115
3312 2520
419 3313
2501 130
4842 3112
3038 4280
1559 1415
4090 3572
922 1235
4910 2537
4027 1070
3041 1662
347 1643
4592 1729
2405 1047
4302 4232
913 3867
3496 28
4330 2741
819 3201
3194 1376
3511 819
1333 1283
842 237
3391 2780
3662 4977
4656 429
4892 158
3091 1481
1708 1368
4321 3035
2042 1087
4665 419
2041 3323
4521 201
2116 4250
1731 2248
4885 4598
2193 288
1042 3622
4701 2852
873 4726
1286 3118
2263 2783
4687 4879
1336 1162
4106 3971
199 3531
3476 2016
2184 2690
4362 2750
4605 1881
1434 4607
3153 3483
1117 377
3514 3314
1039 100
986 1644
2419 4203
2715 1715
3693 2556
2394 4200
4187 1533
22 2375
1084 3128
3590 1922
3046 4204
248 3302
2236 2300
2538 1742
3028 358
1815 2644
2491 4885
3676 4666
3461 1782
1490 1475
4400 1514
1975 564
4571 311
4375 4061
4522 4777
4083 4033
3976 515
4169 1102
4801 2924
4239 340
3466 1239
841 1287
155 3187
4452 1867
3032 127
548 819
2435 3190
50 1222
1460 2972
1500 4419
4190 331
4726 3860
3507 4766
3603 92
254 4713
2820 1261
1001 3880
4552 2811
2084 92
2729 2012
1225 414
3951 1915
2180 4978
228 3144
1545 924
4275 2150
386 592
2917 191
3522 4283
4487 518
1490 3177
1816 2663
1008 1677
3999 4734
2352 3834
754 220
1210 1689
355 2788
1713 377
1019 4126
3921 2986
4754 1072
920 582
2473 2448
4884 2199
546 1031
4293 4409
2907 3953
4732 1824
4738 2626
1496 2987
1809 4171
3003 1784
4218 151
-1
